3.5 0.715509771664144 0
7 0.720744802136683 0.00523503047253904
10.5 0.729844241217887 0.0143344695537427
14 0.744196825779375 0.0286870541152308
17.5 0.74547103347178 0.0299612618076356
21 0.748422151423454 0.0329123797593101
24.5 0.754002555584256 0.0384927839201112
28 0.759782047499322 0.0442722758351772
31.5 0.762863133960197 0.0473533622960525
35 0.769532698029709 0.054022926365565
38.5 0.765120632411152 0.049610860747008
42 0.771811456157888 0.056301684493744
45.5 0.772326201866892 0.0568164302027478
49 0.774218618008106 0.0587088463439612
52.5 0.776835513044119 0.0613257413799748
56 0.777046047540326 0.0615362758761815
59.5 0.778969335778689 0.0634595641145451
63 0.781440344039018 0.0659305723748734
66.5 0.784636968080623 0.0691271964164782
70 0.784251858544531 0.0687420868803865
73.5 0.785864038512675 0.0703542668485306
77 0.782630094806962 0.0671203231428181
80.5 0.789786301849691 0.0742765301855464
84 0.789707393737489 0.0741976220733447
87.5 0.788781036072207 0.0732712644080622
91 0.784373619033903 0.068863847369759
94.5 0.792384309072721 0.0768745374085764
98 0.798041967241964 0.0825321955778193
101.5 0.791887374640394 0.0763776029762498
105 0.794249173417345 0.0787394017532008
108.5 0.79288082241969 0.0773710507555454
112 0.793295036822235 0.0777852651580908
115.5 0.791733010229593 0.0762232385654484
119 0.789859463739052 0.0743496920749077
122.5 0.7958873929528 0.0803776212886556
126 0.801626341754855 0.0861165700907103
129.5 0.792643719055189 0.0771339473910443
133 0.799658344592842 0.0841485729286975
136.5 0.797271898786831 0.081762127122687
140 0.799283353737747 0.0837735820736027
143.5 0.798737094185988 0.0832273225218436
147 0.800530076980105 0.0850203053159604
150.5 0.801120869643787 0.0856110979796426
154 0.801374114537241 0.085864342873097
157.5 0.800441174085688 0.0849314024215435
161 0.800735894458329 0.0852261227941852
164.5 0.808989055724089 0.0934792840599445
168 0.80362100484769 0.088111233183546
171.5 0.803843361718145 0.0883335900540011
175 0.807140117381397 0.0916303457172523
178.5 0.806748877676805 0.0912391060126611
182 0.805249652572371 0.0897398809082272
185.5 0.803780553433829 0.0882707817696846
189 0.803651079037947 0.0881413073738029
192.5 0.810978555393694 0.0954687837295496
196 0.804442783242736 0.0889330115785921
199.5 0.805654201014648 0.0901444293505033
203 0.807414191894686 0.0919044202305419
206.5 0.803382571334449 0.0878727996703051
210 0.803351386224588 0.087841614560444
213.5 0.80624788129646 0.0907381096323152
217 0.809405725839926 0.0938959541757816
220.5 0.808102832423816 0.092593060759672
224 0.807568135691651 0.0920583640275063
227.5 0.808891124589457 0.0933813529253127
231 0.809246052998088 0.0937362813339436
234.5 0.807446737516121 0.0919369658519764
238 0.812989218899885 0.0974794472357411
241.5 0.811116762030186 0.0956069903660414
245 0.811400149734985 0.095890378070841
248.5 0.810907051357106 0.0953972796929617
252 0.812385717193579 0.0968759455294346
255.5 0.81322960099915 0.0977198293350054
259 0.811051541356334 0.0955417696921899
262.5 0.811370272326477 0.0958605006623328
266 0.811039073334644 0.0955293016704997
269.5 0.811557267759339 0.0960474960951946
273 0.804076233378936 0.0885664617147921
276.5 0.814116662110757 0.0986068904466126
280 0.814091885734041 0.0985821140698963
283.5 0.813742790499066 0.0982330188349217
287 0.81455848501249 0.0990487133483458
290.5 0.818157230251906 0.102647458587762
294 0.81357252305696 0.0980627513928153
297.5 0.815664451850324 0.10015468018618
301 0.81544265665506 0.0999328849909161
304.5 0.812098681630684 0.0965889099665393
308 0.81130671331376 0.0957969416496157
311.5 0.815525400548439 0.100015628884295
315 0.812483481797401 0.0969737101332566
318.5 0.813771832885091 0.0982620612209463
322 0.817874900886648 0.102365129222504
325.5 0.818278132903656 0.102768361239512
329 0.816451523150224 0.10094175148608
332.5 0.817574924942796 0.102065153278652
336 0.813995542185006 0.0984857705208618
339.5 0.824131042947352 0.108621271283207
343 0.818076678060843 0.102566906396699
346.5 0.822469430676336 0.106959659012192
350 0.820644757812747 0.105134986148602
353.5 0.820683320726419 0.105173549062274
357 0.820177847660343 0.104668075996199
360.5 0.817927000379385 0.102417228715241
364 0.818316672492776 0.102806900828631
367.5 0.815989335855699 0.100479564191554
371 0.822753939184795 0.107244167520651
374.5 0.81702218468445 0.101512413020306
378 0.819793898504213 0.104284126840069
381.5 0.818906978187901 0.103397206523757
385 0.820135052548496 0.104625280884351
388.5 0.819651543516828 0.104141771852683
392 0.824722901523626 0.109213129859482
395.5 0.8169410784698 0.101431306805655
399 0.823880732971592 0.108370961307447
402.5 0.823776859324393 0.108267087660248
406 0.823127385035052 0.107617613370908
409.5 0.816437740730014 0.100927969065869
413 0.825461098715875 0.109951327051731
416.5 0.818845336633518 0.103335564969374
420 0.822780097122473 0.107270325458329
423.5 0.824544370377055 0.109034598712911
427 0.820302900992134 0.10479312932799
430.5 0.82133459979681 0.105824828132665
434 0.814430213129001 0.0989204414648567
437.5 0.8221344898182 0.106624718154055
441 0.824810817886936 0.109301046222792
444.5 0.821309591125747 0.105799819461602
448 0.817552953658347 0.102043181994203
451.5 0.82131427475264 0.105804503088495
455 0.824248784935937 0.108739013271793
458.5 0.821024311902765 0.105514540238621
462 0.823992584669636 0.108482813005491
465.5 0.822856325660386 0.107346553996242
469 0.823499504128015 0.107989732463871
472.5 0.821448405845574 0.10593863418143
476 0.826697194423168 0.111187422759024
479.5 0.827102216958024 0.11159244529388
483 0.819805192240274 0.10429542057613
486.5 0.820739448497945 0.105229676833801
490 0.821762606734857 0.106252835070712
493.5 0.820664700184993 0.105154928520849
497 0.8246454872114 0.109135715547256
500.5 0.821432938359218 0.105923166695074
504 0.825837490333653 0.110327718669508
507.5 0.823924137301273 0.108414365637129
511 0.822695716395344 0.1071859447312
514.5 0.819934630712953 0.104424859048808
518 0.823881768843074 0.10837199717893
521.5 0.828505610075443 0.112995838411299
525 0.825622106562097 0.110112334897952
528.5 0.816676752386217 0.101166980722073
532 0.81657027900362 0.101060507339476
535.5 0.82176140146508 0.106251629800936
539 0.829589920141477 0.114080148477333
542.5 0.821216247750037 0.105706476085892
546 0.825188934897227 0.109679163233083
549.5 0.823794755424438 0.108284983760294
553 0.824635155007936 0.109125383343792
556.5 0.82718983413265 0.111680062468505
560 0.82990185469365 0.114392083029505
563.5 0.828709382689075 0.11319961102493
567 0.826096948319163 0.110587176655019
570.5 0.822985326035857 0.107475554371713
574 0.830921095719315 0.115411324055171
577.5 0.829386830239279 0.113877058575135
581 0.826978109463736 0.111468337799592
584.5 0.826030545627357 0.110520773963213
588 0.821495154363406 0.105985382699261
591.5 0.823725472015681 0.108215700351537
595 0.826426120896042 0.110916349231898
598.5 0.824575673215943 0.109065901551798
602 0.826010830659366 0.110501058995221
605.5 0.823020760161077 0.107510988496932
609 0.828469603826897 0.112959832162753
612.5 0.821747405276793 0.106237633612649
616 0.822282709652026 0.106772937987881
619.5 0.828786893146712 0.113277121482567
623 0.829916859168788 0.114407087504644
626.5 0.826918326040321 0.111408554376176
630 0.826005624799139 0.110495853134995
633.5 0.83135146598978 0.115841694325636
637 0.828343489826731 0.112833718162586
640.5 0.831092060229549 0.115582288565405
644 0.831791263469605 0.116281491805461
647.5 0.831485896326884 0.11597612466274
651 0.826296743264799 0.110786971600655
654.5 0.830923289488588 0.115413517824444
658 0.833729984564645 0.1182202129005
661.5 0.828818624168872 0.113308852504727
665 0.831052610323753 0.115542838659608
668.5 0.83503895484582 0.119529183181676
672 0.832566304151327 0.117056532487183
675.5 0.830212549351638 0.114702777687494
679 0.828760542410429 0.113250770746285
682.5 0.828780478104374 0.11327070644023
686 0.832492304252114 0.116982532587969
689.5 0.829034492273516 0.113524720609372
693 0.830867134207492 0.115357362543347
696.5 0.826718529901062 0.111208758236918
700 0.832635904566766 0.117126132902622
703.5 0.82765461883065 0.112144847166505
707 0.830697932424361 0.115188160760217
710.5 0.83084948079436 0.115339709130216
714 0.831167416206221 0.115657644542077
717.5 0.828806796097708 0.113297024433564
721 0.829469644853328 0.113959873189183
724.5 0.8339231503444 0.118413378680256
728 0.831639446416789 0.116129674752645
731.5 0.832875800273716 0.117366028609572
735 0.829644486260445 0.114134714596301
738.5 0.828828291964516 0.113318520300372
742 0.830317360627778 0.114807588963634
745.5 0.82475690781134 0.109247136147195
749 0.832717177770508 0.117207406106363
752.5 0.831576442599455 0.11606667093531
756 0.828155420913281 0.112645649249137
759.5 0.83425148899363 0.118741717329485
763 0.832415849080055 0.116906077415911
766.5 0.829928817541807 0.114419045877663
770 0.836784788946355 0.12127501728221
773.5 0.835627814710315 0.12011804304617
777 0.834199818464823 0.118690046800679
780.5 0.839639066713105 0.12412929504896
784 0.828756299064815 0.113246527400671
787.5 0.828834118055167 0.113324346391022
791 0.83146425608259 0.115954484418445
794.5 0.830720431675914 0.11521066001177
798 0.836531695689992 0.121021924025848
801.5 0.834017554581141 0.118507782916997
805 0.831289929094116 0.115780157429972
808.5 0.829673947908345 0.114164176244201
812 0.8337055307297 0.118195759065556
815.5 0.830806898152785 0.115297126488641
819 0.829422283885989 0.113912512221845
822.5 0.834091794065266 0.118582022401121
826 0.841005864368569 0.125496092704425
829.5 0.836275198155507 0.120765426491363
833 0.834023221229417 0.118513449565273
836.5 0.836014871253861 0.120505099589717
840 0.831163209316018 0.115653437651873
843.5 0.837751315433059 0.122241543768915
847 0.832634342253213 0.117124570589069
850.5 0.838174769201312 0.122664997537168
854 0.832465549042552 0.116955777378408
857.5 0.833274492192677 0.117764720528533
861 0.833252592075462 0.117742820411317
864.5 0.832573837340068 0.117064065675924
868 0.832564191939887 0.117054420275742
871.5 0.833748715987817 0.118238944323672
875 0.835810195332202 0.120300423668058
878.5 0.836383770168795 0.120873998504651
882 0.836896250789496 0.121386479125352
885.5 0.838468341443766 0.122958569779622
889 0.840882892669229 0.125373121005085
892.5 0.841242395849628 0.125732624185484
896 0.837466876606115 0.121957104941971
899.5 0.835609756169918 0.120099984505774
