3.5 0.349828962608273 0
7 0.367988730121489 0.0181597675132166
10.5 0.37521662978692 0.0253876671786472
14 0.407242286521214 0.0574133239129407
17.5 0.413231813199294 0.0634028505910215
21 0.435841349347248 0.0860123867389755
24.5 0.456248335069937 0.106419372461664
28 0.44982006717006 0.0999911045617874
31.5 0.481170746356735 0.131341783748463
35 0.492419627266467 0.142590664658194
38.5 0.493457494968235 0.143628532359963
42 0.499373186878876 0.149544224270603
45.5 0.494258172201324 0.144429209593051
49 0.506846640069743 0.15701767746147
52.5 0.517660506130436 0.167831543522164
56 0.515480521041993 0.16565155843372
59.5 0.536276266533919 0.186447303925646
63 0.539854149187539 0.190025186579266
66.5 0.542258117437591 0.192429154829318
70 0.547962102265614 0.198133139657341
73.5 0.564524413031142 0.214695450422869
77 0.563989918334982 0.21416095572671
80.5 0.575062728781568 0.225233766173295
84 0.579732313070636 0.229903350462363
87.5 0.581056287195709 0.231227324587436
91 0.585265820984544 0.235436858376271
94.5 0.590236493162645 0.240407530554372
98 0.59176137629695 0.241932413688677
101.5 0.60648775311686 0.256658790508587
105 0.615674698975798 0.265845736367525
108.5 0.619316577082911 0.269487614474638
112 0.619462049747645 0.269633087139372
115.5 0.613776467104557 0.263947504496285
119 0.627567124220049 0.277738161611776
122.5 0.617452004308155 0.267623041699882
126 0.649401712769698 0.299572750161425
129.5 0.626749910144361 0.276920947536088
133 0.645219694237102 0.295390731628829
136.5 0.646040097610463 0.296211135002191
140 0.647560871622333 0.297731909014061
143.5 0.657967895980042 0.308138933371769
147 0.647116520145377 0.297287557537104
150.5 0.657983479650437 0.308154517042164
154 0.677332036922809 0.327503074314536
157.5 0.669585381651339 0.319756419043066
161 0.662522634004199 0.312693671395926
164.5 0.677726792900325 0.327897830292053
168 0.691583403554048 0.341754440945775
171.5 0.683450948993115 0.333621986384842
175 0.694730839510397 0.344901876902124
178.5 0.692527187430765 0.342698224822492
182 0.709842747715556 0.360013785107283
185.5 0.702256831825832 0.352427869217559
189 0.743988436230698 0.394159473622425
192.5 0.741070190673697 0.391241228065424
196 0.737540242789712 0.387711280181439
199.5 0.75249583720271 0.402666874594437
203 0.744835256263812 0.395006293655539
206.5 0.756183756924185 0.406354794315912
210 0.745350132833937 0.395521170225664
213.5 0.763278551946535 0.413449589338262
217 0.765633271908623 0.41580430930035
220.5 0.761060436713556 0.411231474105283
224 0.768845984673619 0.419017022065347
227.5 0.768701617339091 0.418872654730818
231 0.785326073097708 0.435497110489435
234.5 0.778131299476741 0.428302336868468
238 0.794489788341937 0.444660825733664
241.5 0.775532629906012 0.42570366729774
245 0.78986003549439 0.440031072886117
248.5 0.782157836442921 0.432328873834648
252 0.807945819431233 0.45811685682296
255.5 0.814302358299744 0.464473395691471
259 0.804858162717445 0.455029200109172
262.5 0.80915108362277 0.459322121014497
266 0.807137263221041 0.457308300612768
269.5 0.817699756264395 0.467870793656122
273 0.827418121463808 0.477589158855535
276.5 0.815685136441989 0.465856173833716
280 0.828820523536404 0.478991560928131
283.5 0.840004293816487 0.490175331208214
287 0.834070729718637 0.484241767110364
290.5 0.821545670690724 0.471716708082452
294 0.821029784597137 0.471200821988864
297.5 0.839522954937275 0.489693992329002
301 0.822845768634315 0.473016806026043
304.5 0.843837600412239 0.494008637803966
308 0.846007354942899 0.496178392334626
311.5 0.858362935836387 0.508533973228115
315 0.853443121330043 0.50361415872177
318.5 0.866204548937313 0.51637558632904
322 0.856392422858118 0.506563460249845
325.5 0.853246734979521 0.503417772371248
329 0.853904537024262 0.504075574415989
332.5 0.859356589016599 0.509527626408326
336 0.867480662463631 0.517651699855358
339.5 0.873331780789761 0.523502818181489
343 0.858737635184212 0.50890867257594
346.5 0.859607283001068 0.509778320392795
350 0.871413815159264 0.521584852550992
353.5 0.879421720302901 0.529592757694628
357 0.87246492272945 0.522635960121177
360.5 0.879470172081022 0.529641209472749
364 0.866607619834154 0.516778657225881
367.5 0.87824745549271 0.528418492884437
371 0.880924398824427 0.531095436216154
374.5 0.8824458368453 0.532616874237028
378 0.888671087176979 0.538842124568706
381.5 0.889905854265725 0.540076891657453
385 0.889963072851288 0.540134110243015
388.5 0.873447325400241 0.523618362791968
392 0.888580629885508 0.538751667277235
395.5 0.890821464469568 0.540992501861295
399 0.90203986557244 0.552210902964167
402.5 0.909678229993624 0.559849267385351
406 0.902077354372001 0.552248391763728
409.5 0.895652369207578 0.545823406599305
413 0.901571572240285 0.551742609632012
416.5 0.878691641834733 0.52886267922646
420 0.91822315518924 0.568394192580967
423.5 0.916253045805813 0.56642408319754
427 0.914273925838002 0.564444963229729
430.5 0.916976342916505 0.567147380308232
434 0.917074732849125 0.567245770240852
437.5 0.915980809823747 0.566151847215474
441 0.912253651416091 0.562424688807818
444.5 0.912899694999359 0.563070732391086
448 0.927673180088332 0.577844217480059
451.5 0.925720497966002 0.57589153535773
455 0.930432719145627 0.580603756537354
458.5 0.92423258902674 0.574403626418468
462 0.915875547698144 0.566046585089871
465.5 0.920257880927574 0.570428918319301
469 0.918420400693057 0.568591438084784
472.5 0.93174114053071 0.581912177922437
476 0.933381513765815 0.583552551157543
479.5 0.933059409887724 0.583230447279451
483 0.923673766114801 0.573844803506528
486.5 0.925398549066793 0.57556958645852
490 0.931687034022919 0.581858071414646
493.5 0.932472422383268 0.582643459774995
497 0.928161691130724 0.578332728522451
500.5 0.938454386989231 0.588625424380958
504 0.929347076694211 0.579518114085938
507.5 0.934294081647105 0.584465119038833
511 0.943183769735264 0.593354807126991
514.5 0.957355646601547 0.607526683993274
518 0.92151520956157 0.571686246953297
521.5 0.934876977607699 0.585048014999426
525 0.944398492002665 0.594569529394392
528.5 0.946292807983481 0.596463845375208
532 0.951165278544048 0.601336315935775
535.5 0.681190467667656 0.331361505059383
539 0.704259287896777 0.354430325288505
542.5 0.735167605965373 0.3853386433571
546 0.707141624266182 0.357312661657909
549.5 0.683073391931028 0.333244429322755
553 0.723288888539017 0.373459925930744
556.5 0.702813344933336 0.352984382325064
560 0.71786357039318 0.368034607784907
563.5 0.702880439110591 0.353051476502318
567 0.733496606385306 0.383667643777033
570.5 0.73349762472411 0.383668662115837
574 0.66559895882818 0.315769996219907
577.5 0.724622129246184 0.374793166637911
581 0.710332788380638 0.360503825772365
584.5 0.619039655880133 0.26921069327186
588 0.63079931011753 0.280970347509257
591.5 0.515078338718973 0.1652493761107
595 0.662330544061119 0.312501581452847
598.5 0.697344282539649 0.347515319931376
602 0.694192319107199 0.344363356498926
605.5 0.709766255978966 0.359937293370693
609 0.658310590062237 0.308481627453964
612.5 0.659913379924895 0.310084417316622
616 0.605246247720974 0.255417285112701
619.5 0.726669171764177 0.376840209155904
623 0.684596286781662 0.334767324173389
626.5 0.0152778038369231 -0.33455115877135
630 0.012886794044342 -0.336942168563931
633.5 0.0135472618477552 -0.336281700760518
637 0.0126286011141184 -0.337200361494154
640.5 0.00919321346808017 -0.340635749140193
644 0.00798968111461614 -0.341839281493657
647.5 0.00845738810168555 -0.341371574506587
651 0.00939119731250937 -0.340437765295763
654.5 0.00741243348713479 -0.342416529121138
658 0.00798574396200394 -0.341843218646269
661.5 0.0069280987034015 -0.342900863904871
665 0.0080098932328779 -0.341819069375395
668.5 0.00759337184702989 -0.342235590761243
672 0.000706514807888458 -0.349122447800384
675.5 0.000579137471473248 -0.3492498251368
679 0.000512978412435738 -0.349315984195837
682.5 0.000535763869105674 -0.349293198739167
686 0.000475320543152072 -0.349353642065121
689.5 0.000542285398139785 -0.349286677210133
693 0.000496244367403556 -0.349332718240869
696.5 0.000549542490071023 -0.349279420118202
700 0.000490434571337296 -0.349338528036936
703.5 0.000531777912460752 -0.349297184695812
707 0.000502553472416816 -0.349326409135856
710.5 0.000502111647536773 -0.349326850960736
714 0.000444020356773905 -0.349384942251499
717.5 0.00055076403441825 -0.349278198573855
721 0.000488157200630011 -0.349340805407643
724.5 0.000532887180972109 -0.349296075427301
728 0.000507826692774217 -0.349321135915499
731.5 0.00048931748534826 -0.349339645122925
735 0.000506636247217579 -0.349322326361055
738.5 0.000561161017402003 -0.349267801590871
742 0.000463340610658246 -0.349365621997615
745.5 0.000551794506782024 -0.349277168101491
749 0.000564367313391717 -0.349264595294881
752.5 0.000373185444690098 -0.349455777163583
756 0.000418509445632463 -0.34941045316264
759.5 0.000406733190345248 -0.349422229417928
763 0.000393646470800561 -0.349435316137472
766.5 0.00041703102052195 -0.349411931587751
770 0.000320277229221345 -0.349508685379051
773.5 0.000346747586595607 -0.349482215021677
777 0.000336135014206505 -0.349492827594066
780.5 0.000356063679554143 -0.349472898928719
784 0.00012765458642065 -0.349701308021852
787.5 0.000146935061905834 -0.349682027546367
791 0.00016901667062836 -0.349659945937644
794.5 0.000162508305463356 -0.349666454302809
798 0.000148202175982652 -0.34968076043229
801.5 0.000172474091081233 -0.349656488517192
805 0.000173321914677912 -0.349655640693595
808.5 0.000192436364051805 -0.349636526244221
812 0.000182265880292627 -0.34964669672798
815.5 0.000171881951261887 -0.349657080657011
819 0.000180719295842593 -0.34964824331243
822.5 0.000158427485234155 -0.349670535123039
826 0.000175253776607689 -0.349653708831665
829.5 0.000176487310696222 -0.349652475297577
833 0.00017124414370478 -0.349657718464568
836.5 0.000158900760827837 -0.349670061847445
840 0.000159989200009318 -0.349668973408264
843.5 0.00017464844303271 -0.34965431416524
847 0.000182703005468127 -0.349646259602805
850.5 0.000189980553636958 -0.349638982054636
854 0.000166507292590029 -0.349662455315683
857.5 0.000177431257198834 -0.349651531351074
861 0.000177895482700628 -0.349651067125572
864.5 0.000181556039777569 -0.349647406568495
868 0.000175931871890633 -0.349653030736382
871.5 0.000189122918081431 -0.349639839690191
875 0.000161158989788577 -0.349667803618484
878.5 0.000187352260125882 -0.349641610348147
882 0.000172485649367714 -0.349656476958905
885.5 0.000164985298062062 -0.349663977310211
889 0.000176035948644706 -0.349652926659628
892.5 0.00015659121215125 -0.349672371396122
896 0.000182099451627531 -0.349646863156645
899.5 0.00018213553667991 -0.349646827071593
