0 0.551818759783639 0
3.5 0.57283038054475 0.0210116207611103
7 0.589663749563745 0.0378449897801061
10.5 0.602751751884658 0.050932992101019
14 0.61453092475442 0.0627121649707804
17.5 0.625850928495734 0.0740321687120946
21 0.638285486694204 0.0864667269105647
24.5 0.649758342041553 0.0979395822579142
28 0.651660910704985 0.0998421509213457
31.5 0.658020391547298 0.106201631763658
35 0.665709621150191 0.113890861366552
38.5 0.677701791781456 0.125883031997816
42 0.678718501265764 0.126899741482125
45.5 0.677356228830005 0.125537469046366
49 0.679093036383984 0.127274276600345
52.5 0.695681459288462 0.143862699504823
56 0.693756314635187 0.141937554851548
59.5 0.689658141664934 0.137839381881295
63 0.701605420888605 0.149786661104966
66.5 0.699848828494522 0.148030068710883
70 0.703385847154581 0.151567087370941
73.5 0.709092638547457 0.157273878763817
77 0.713430781636713 0.161612021853074
80.5 0.707214288342232 0.155395528558593
84 0.713603671979463 0.161784912195824
87.5 0.716338249789505 0.164519490005866
91 0.713183634322636 0.161364874538997
94.5 0.719076791606215 0.167258031822576
98 0.722209591461054 0.170390831677415
101.5 0.730297507985247 0.178478748201607
105 0.716981828086902 0.165163068303263
108.5 0.722056634349437 0.170237874565798
112 0.737109553787036 0.185290794003396
115.5 0.721651755448478 0.169832995664839
119 0.72550686974059 0.173688109956951
122.5 0.736306378118385 0.184487618334746
126 0.71973424080104 0.167915481017401
129.5 0.727320191736063 0.175501431952424
133 0.731319115214644 0.179500355431005
136.5 0.725627033573294 0.173808273789654
140 0.737252199778443 0.185433439994804
143.5 0.731730487877492 0.179911728093853
147 0.731402694855915 0.179583935072276
150.5 0.734820590036348 0.183001830252709
154 0.738862326519916 0.187043566736277
157.5 0.737850140779396 0.186031380995756
161 0.740391954313635 0.188573194529995
164.5 0.736372662012163 0.184553902228523
168 0.734384402615205 0.182565642831566
171.5 0.735231243059604 0.183412483275965
175 0.739283549324298 0.187464789540659
178.5 0.740976835210271 0.189158075426631
182 0.745261723899097 0.193442964115457
185.5 0.741816648153444 0.189997888369805
189 0.739464552262986 0.187645792479346
192.5 0.746456108084285 0.194637348300645
196 0.741959628117299 0.190140868333659
199.5 0.742273723509266 0.190454963725627
203 0.735305253860326 0.183486494076687
206.5 0.74018547992303 0.188366720139391
210 0.747572156849066 0.195753397065427
213.5 0.750256479530406 0.198437719746766
217 0.744003893863414 0.192185134079774
220.5 0.747791964811115 0.195973205027476
224 0.743699436138248 0.191880676354609
227.5 0.748093396055858 0.196274636272219
231 0.745922581196535 0.194103821412896
234.5 0.750708658707505 0.198889898923866
238 0.745954791589033 0.194136031805394
241.5 0.74517786590641 0.193359106122771
245 0.745104476777507 0.193285716993868
248.5 0.745118586787864 0.193299827004225
252 0.753525022889942 0.201706263106303
255.5 0.75095977947184 0.199141019688201
259 0.745905562224491 0.194086802440852
262.5 0.747321333734939 0.1955025739513
266 0.749944595075991 0.198125835292352
269.5 0.748249115285406 0.196430355501767
273 0.750538993363481 0.198720233579842
276.5 0.748882619815595 0.197063860031956
280 0.74843084347673 0.196612083693091
283.5 0.745580744138723 0.193761984355084
287 0.757476608037696 0.205657848254057
290.5 0.7569870572369 0.20516829745326
294 0.745386419027571 0.193567659243931
297.5 0.750666455361902 0.198847695578262
301 0.753962444494744 0.202143684711105
304.5 0.763428042640682 0.211609282857043
308 0.753314453665936 0.201495693882297
311.5 0.755443952312013 0.203625192528373
315 0.756977205955436 0.205158446171797
318.5 0.75259371864556 0.20077495886192
322 0.752608724722177 0.200789964938538
325.5 0.763752009230572 0.211933249446932
329 0.758425005064857 0.206606245281218
332.5 0.759494619400032 0.207675859616392
336 0.756569881358234 0.204751121574595
339.5 0.752463100117876 0.200644340334237
343 0.754685412551925 0.202866652768285
346.5 0.752002792206076 0.200184032422436
350 0.76377235852894 0.211953598745301
353.5 0.761050197215251 0.209231437431612
357 0.766291087105851 0.214472327322212
360.5 0.757983174830803 0.206164415047164
364 0.755686824157656 0.203868064374017
367.5 0.762083929462887 0.210265169679248
371 0.754186285430782 0.202367525647143
374.5 0.76591573177997 0.214096971996331
378 0.760485966631906 0.208667206848267
381.5 0.756446235507882 0.204627475724243
385 0.763037255581685 0.211218495798045
388.5 0.751048399520714 0.199229639737074
392 0.759342886430923 0.207524126647284
395.5 0.76435511968267 0.212536359899031
399 0.757566669691251 0.205747909907612
402.5 0.760993339870381 0.209174580086742
406 0.761499863813079 0.20968110402944
409.5 0.764052748178474 0.212233988394834
413 0.757486458663372 0.205667698879733
416.5 0.756604857588295 0.204786097804656
420 0.758713194560985 0.206894434777346
423.5 0.76190913309152 0.21009037330788
427 0.762217335083691 0.210398575300052
430.5 0.762712413409573 0.210893653625934
434 0.762638254268962 0.210819494485323
437.5 0.765590498199655 0.213771738416015
441 0.765280631068799 0.21346187128516
444.5 0.761514113793709 0.209695354010069
448 0.754289844072431 0.202471084288792
451.5 0.761958139587803 0.210139379804164
455 0.763995988481331 0.212177228697692
458.5 0.758890791115384 0.207072031331745
462 0.76439370321784 0.212574943434201
465.5 0.760854827224832 0.209036067441192
469 0.759606613761247 0.207787853977608
472.5 0.766068544893338 0.214249785109699
476 0.76486634811581 0.213047588332171
479.5 0.764869739511642 0.213050979728002
483 0.756845299915223 0.205026540131584
486.5 0.768322363945479 0.21650360416184
490 0.755509695451594 0.203690935667955
493.5 0.762880265735792 0.211061505952153
497 0.76409591574944 0.2122771559658
500.5 0.770575601236052 0.218756841452412
504 0.760914263373184 0.209095503589544
507.5 0.767678422777036 0.215859662993397
511 0.76260644396182 0.210787684178181
514.5 0.758578565611334 0.206759805827695
518 0.77216337167889 0.220344611895251
521.5 0.765215725433848 0.213396965650209
525 0.765229742319363 0.213410982535723
528.5 0.761213619919059 0.20939486013542
532 0.767423070609728 0.215604310826088
535.5 0.761550272371975 0.209731512588336
539 0.767782803235959 0.21596404345232
542.5 0.761973374168906 0.210154614385267
546 0.767571502870767 0.215752743087128
549.5 0.765213641065764 0.213394881282125
553 0.769290341260909 0.21747158147727
556.5 0.765844974464058 0.214026214680419
560 0.77076737850319 0.218948618719551
563.5 0.764690269133612 0.212871509349973
567 0.764259622370638 0.212440862586999
570.5 0.767876149178214 0.216057389394575
574 0.763705426038397 0.211886666254758
577.5 0.759101205553738 0.207282445770099
581 0.76795284031448 0.216134080530841
584.5 0.769189086364402 0.217370326580762
588 0.771621495677305 0.219802735893666
591.5 0.767507296243652 0.215688536460012
595 0.76778832385015 0.21596956406651
598.5 0.767337168454414 0.215518408670775
602 0.763946377360292 0.212127617576653
605.5 0.760816261182744 0.208997501399104
609 0.775638735001427 0.223819975217788
612.5 0.772267819446215 0.220449059662576
616 0.767626417922837 0.215807658139198
619.5 0.7664628745985 0.21464411481486
623 0.761639171331757 0.209820411548118
626.5 0.764680145692693 0.212861385909053
630 0.77487625700831 0.223057497224671
633.5 0.764378044128161 0.212559284344521
637 0.766345316979414 0.214526557195775
640.5 0.768885390419826 0.217066630636187
644 0.768682668903152 0.216863909119513
647.5 0.76440767457687 0.21258891479323
651 0.774651660846421 0.222832901062782
654.5 0.775347821947401 0.223529062163762
658 0.771843900648629 0.22002514086499
661.5 0.767929037040234 0.216110277256595
665 0.765657475616214 0.213838715832575
668.5 0.770492070369908 0.218673310586268
672 0.773209302907629 0.221390543123989
675.5 0.769091113218774 0.217272353435134
679 0.768071180021253 0.216252420237613
682.5 0.772153990270787 0.220335230487148
686 0.774927191825232 0.223108432041593
689.5 0.771306914221251 0.219488154437612
693 0.768173713526065 0.216354953742426
696.5 0.768875872665383 0.217057112881744
700 0.77336330272121 0.22154454293757
703.5 0.76984246235539 0.218023702571751
707 0.772424667605446 0.220605907821807
710.5 0.772293328261706 0.220474568478067
714 0.772493929589653 0.220675169806014
717.5 0.770200716950372 0.218381957166733
721 0.773625639673223 0.221806879889584
724.5 0.770106217089722 0.218287457306082
728 0.77280877991148 0.220990020127841
731.5 0.765083994827446 0.213265235043806
735 0.770704605118037 0.218885845334398
738.5 0.775470515546438 0.223651755762799
742 0.771901630740758 0.220082870957119
745.5 0.775712986153116 0.223894226369477
749 0.776374519656422 0.224555759872783
752.5 0.767189287916495 0.215370528132856
756 0.768052857993438 0.216234098209799
759.5 0.774754058688245 0.222935298904606
763 0.770950201428242 0.219131441644603
766.5 0.778013740242156 0.226194980458517
770 0.773064240375417 0.221245480591778
773.5 0.771257534398773 0.219438774615134
777 0.776675681652758 0.224856921869119
780.5 0.76825873707098 0.216439977287341
784 0.772870008998143 0.221051249214503
787.5 0.775971283582234 0.224152523798595
791 0.771802062442048 0.219983302658408
794.5 0.767096055436869 0.21527729565323
798 0.772681946634248 0.220863186850609
801.5 0.768181267338202 0.216362507554563
805 0.775255029207588 0.223436269423949
808.5 0.774876075595782 0.223057315812142
812 0.772367535102289 0.22054877531865
815.5 0.771368244956954 0.219549485173314
819 0.768599172304499 0.21678041252086
822.5 0.774898669669581 0.223079909885942
826 0.77346947957026 0.22165071978662
829.5 0.765617696062921 0.213798936279282
833 0.780178735690449 0.22835997590681
836.5 0.775069335522962 0.223250575739323
840 0.771979659316101 0.220160899532461
843.5 0.781510488931519 0.22969172914788
847 0.775753924162796 0.223935164379156
850.5 0.775855845823115 0.224037086039476
854 0.766712196963089 0.21489343717945
857.5 0.767469345735791 0.215650585952152
861 0.769526715483391 0.217707955699752
864.5 0.773408129970699 0.22158937018706
868 0.768479326954028 0.216660567170389
871.5 0.774419758864261 0.222600999080621
875 0.785676713572948 0.233857953789309
878.5 0.771995896396019 0.22017713661238
882 0.771071331944231 0.219252572160592
885.5 0.772932188352714 0.221113428569075
889 0.77570797918803 0.223889219404391
892.5 0.771193919846654 0.219375160063015
896 0.769969904606741 0.218151144823102
899.5 0.776300583069466 0.224481823285827
