3.5 0
7 0.0673199190036107
10.5 0.0936694165970497
14 0.148292200774327
17.5 0.173927787858377
21 0.208253620744089
24.5 0.224103802216595
28 0.247510340168381
31.5 0.281883790212067
35 0.290953023323318
38.5 0.297755964253538
42 0.30947418242622
45.5 0.317413798654448
49 0.324598283198395
52.5 0.352589220229606
56 0.353345936640109
59.5 0.353724298884593
63 0.377188018323077
66.5 0.369617945154423
70 0.38059490288344
73.5 0.386652125535058
77 0.394603277420536
80.5 0.410509148171605
84 0.433997939240166
87.5 0.419979187089298
91 0.403691763964776
94.5 0.417327406247599
98 0.426419776654875
101.5 0.42679865914816
105 0.446504267797034
108.5 0.439682269626395
112 0.433240074405291
115.5 0.438924323819134
119 0.44460918056763
122.5 0.45370621486161
126 0.461288264922738
129.5 0.455601626103818
133 0.456738905255142
136.5 0.455980716453703
140 0.467733856914087
143.5 0.46053001130333
147 0.481765197229701
150.5 0.47038815111709
154 0.462046529345961
157.5 0.472284156596227
161 0.47342179230484
164.5 0.475317905856787
168 0.477972578314497
171.5 0.478351828045632
175 0.485178785315517
178.5 0.471146545203651
182 0.478351828045632
185.5 0.475697136673072
189 0.468492213178755
192.5 0.499214725489268
196 0.486316696659214
199.5 0.492765320444584
203 0.485178785315517
206.5 0.482523753441741
210 0.50225000999987
213.5 0.482903035601534
217 0.488971917728369
220.5 0.481765197229701
224 0.510218455256299
227.5 0.492385968008481
231 0.501870589972218
234.5 0.494662123175373
238 0.496179614022172
241.5 0.508700564210353
245 0.487454632328449
248.5 0.499973530393512
252 0.496558993492731
255.5 0.503008858167271
259 0.50225000999987
262.5 0.509080032914987
266 0.503767717151058
269.5 0.494282757222418
273 0.499973530393512
276.5 0.50225000999987
280 0.506044359002878
283.5 0.510218455256299
287 0.510218455256299
290.5 0.517429028718343
294 0.495420863191724
297.5 0.508700564210353
301 0.510977417006957
304.5 0.511736389576383
308 0.517429028718343
311.5 0.517429028718343
315 0.511736389576383
318.5 0.515910932103892
322 0.523122276525313
325.5 0.534510598520617
329 0.518947168615638
332.5 0.508321098210236
336 0.525399746095957
339.5 0.543623009869459
343 0.530714220580469
346.5 0.536408888981358
350 0.52881613309389
353.5 0.531473474518143
357 0.53033459767089
360.5 0.538307247107327
364 0.545141896684111
367.5 0.52691811325822
371 0.512874868716207
374.5 0.538307247107327
378 0.518567629583463
381.5 0.516669975000886
385 0.522363141646947
388.5 0.528056917041709
392 0.544762170919622
395.5 0.522363141646947
399 0.517429028718343
402.5 0.525020161069905
406 0.53564956467744
409.5 0.544382447862355
413 0.541724462261834
416.5 0.528056917041709
420 0.53564956467744
423.5 0.534130948547999
427 0.523501848022913
430.5 0.52691811325822
434 0.544762170919622
437.5 0.545141896684111
441 0.529195745179037
444.5 0.527677313074607
448 0.542483873183644
451.5 0.538307247107327
455 0.543243294933722
458.5 0.546660826815076
462 0.509838978437913
465.5 0.539825982329476
469 0.535269906585337
472.5 0.553116763161361
476 0.540205672902088
479.5 0.540965062168063
483 0.547040566116185
486.5 0.545901356334942
490 0.544762170919622
493.5 0.519326710353125
497 0.532232739280774
500.5 0.543623009869459
504 0.54286358270514
507.5 0.541724462261834
511 0.545521625155888
514.5 0.533371656721993
518 0.539066609304786
521.5 0.552357200622946
525 0.539066609304786
528.5 0.566030983716777
532 0.545141896684111
535.5 0.532612375721522
539 0.529575359970208
542.5 0.543243294933722
546 0.544762170919622
549.5 0.54286358270514
553 0.529195745179037
556.5 0.555775317345095
560 0.558813827468403
563.5 0.557674365860735
567 0.55463592073279
570.5 0.536788555193228
574 0.551217877123859
577.5 0.555775317345095
581 0.55463592073279
584.5 0.557294550741312
588 0.559953313450796
591.5 0.551217877123859
595 0.546660826815076
598.5 0.541724462261834
602 0.551597648915799
605.5 0.518567629583463
609 0.540585366181626
612.5 0.547800052840672
616 0.542483873183644
619.5 0.555775317345095
623 0.561472666011475
626.5 0.55425612727803
630 0.55463592073279
633.5 0.549319058779509
637 0.539066609304786
640.5 0.541344760861465
644 0.561092823808653
647.5 0.567930397883616
651 0.564511501142629
654.5 0.545141896684111
658 0.543623009869459
661.5 0.556155121631971
665 0.555395515766302
668.5 0.563371917653775
672 0.560712984314263
675.5 0.54286358270514
679 0.561472666011475
682.5 0.560712984314263
686 0.560333147528347
689.5 0.552736980538219
693 0.551977423415472
696.5 0.56869018251305
700 0.558054183688376
703.5 0.564511501142629
707 0.55425612727803
710.5 0.562232358542715
714 0.547800052840672
717.5 0.557294550741312
721 0.563751776108069
724.5 0.553496548492316
728 0.553116763161361
731.5 0.540965062168063
735 0.550838108039666
738.5 0.545521625155888
742 0.570209784280674
745.5 0.553116763161361
749 0.550078577994303
752.5 0.541344760861465
756 0.549698817033093
759.5 0.563751776108069
763 0.569070078891324
766.5 0.548559550395055
770 0.559953313450796
773.5 0.551597648915799
777 0.564891367723002
780.5 0.568310288843827
784 0.555775317345095
787.5 0.55463592073279
791 0.557294550741312
794.5 0.561472666011475
798 0.57628862483479
801.5 0.564511501142629
805 0.559193653420871
808.5 0.563751776108069
812 0.562232358542715
815.5 0.555775317345095
819 0.568310288843827
822.5 0.553876336531219
826 0.572109347446454
829.5 0.564891367723002
833 0.574008978344789
836.5 0.559193653420871
840 0.575908676979242
843.5 0.565651109010028
847 0.561852510922825
850.5 0.575908676979242
854 0.559953313450796
857.5 0.561852510922825
861 0.552736980538219
864.5 0.550458341663125
868 0.555015716895525
871.5 0.548939303233496
875 0.558434004224261
878.5 0.575908676979242
882 0.561092823808653
885.5 0.559953313450796
889 0.578568368870979
892.5 0.571349514052446
896 0.573249117857328
899.5 0
