3.5 0
7 -0.00148102845330383
10.5 0.00037026362098902
14 -0.000370261017926532
17.5 0.00555422765583546
21 0.00555422765583546
24.5 0.00518392758856606
28 0.00148107010288323
31.5 0.00407304300755545
35 0.00592453032657109
38.5 0.00370275335407039
42 0.00814640102638731
45.5 0.00481363012477637
49 0.00666514347873726
52.5 0.00518392758856606
56 0.00888704542224794
59.5 0.00703545396023508
63 0.0111090411008255
66.5 0.00629483560088068
70 0.00888704542224794
73.5 0.00444333526443952
77 0
80.5 0
84 0.00037026362098902
87.5 0.00185134413655308
91 -0.00111077524452463
94.5 -0.00148102845330383
98 -0.00444296041798264
101.5 -0.00296201525872386
105 -0.000740519432763542
108.5 0.00185134413655308
112 0.00629483560088068
115.5 0.0107387019781036
119 0.00777608273400626
122.5 0.0103683654592921
126 0.00592453032657109
129.5 0.00259190001365917
133 0.00592453032657109
136.5 0.00777608273400626
140 0.00407304300755545
143.5 0.00592453032657109
147 0.00777608273400626
150.5 0.00629483560088068
154 0.00629483560088068
157.5 0.00481363012477637
161 0.00777608273400626
164.5 0.00592453032657109
168 0.00814640102638731
171.5 0.00888704542224794
175 0.00629483560088068
178.5 0.00740576704527984
182 0.0137014878710641
185.5 0.0114793828274846
189 0.0103683654592921
192.5 0.00740576704527984
196 0.0129607757737495
199.5 0.00777608273400626
203 0.00888704542224794
206.5 0.00629483560088068
210 0.00666514347873726
213.5 0.0107387019781036
217 0.00888704542224794
220.5 0.0122200740926147
224 0.0118497271580675
227.5 0.0118497271580675
231 0.0122200740926147
234.5 0.0103683654592921
238 0.0137014878710641
241.5 0.0125904236311798
245 0.0125904236311798
248.5 0.00925737152582179
252 0.0129607757737495
255.5 0.0103683654592921
259 0.0111090411008255
262.5 0.0122200740926147
266 0.00925737152582179
269.5 0.0162940622424108
273 0.0166644404266947
276.5 0.0199979612832051
280 0.0177755906056596
283.5 0.015553313686664
287 0.0174052046083393
290.5 0.0159236866624139
294 0.0174052046083393
297.5 0.0151829433151742
301 0.0151829433151742
304.5 0.0148125755479043
308 0.0151829433151742
311.5 0.0177755906056596
315 0.0159236866624139
318.5 0.0185163704136059
322 0.0166644404266947
325.5 0.0218500084731448
329 0.0211091817832255
332.5 0.0199979612832051
336 0.0233316931095565
339.5 0.0162940622424108
343 0.0166644404266947
346.5 0.0159236866624139
350 0.0203683655119351
353.5 0.0188867642242453
357 0.0222204257251138
360.5 0.0248134194229734
364 0.0174052046083393
367.5 0.0225908455818141
371 0.0199979612832051
374.5 0.0207387723452617
378 0.0181459792074152
381.5 0.0185163704136059
385 0.019627559659018
388.5 0.0203683655119351
392 0.019627559659018
395.5 0.0170348212153331
399 0.0133311305203641
402.5 0.0214795938258397
406 0.0188867642242453
409.5 0.0177755906056596
413 0.0170348212153331
416.5 0.0192571606393737
420 0.0199979612832051
423.5 0.0188867642242453
427 0.0170348212153331
430.5 0.0192571606393737
434 0.015553313686664
437.5 0.0151829433151742
441 0.0218500084731448
444.5 0.0177755906056596
448 0.0166644404266947
451.5 0.0159236866624139
455 0.0185163704136059
458.5 0.0137014878710641
462 0.0192571606393737
465.5 0.0181459792074152
469 0.015553313686664
472.5 0.0170348212153331
476 0.0151829433151742
479.5 0.0148125755479043
483 0.014442210384814
486.5 0.0151829433151742
490 0.0166644404266947
493.5 0.0148125755479043
497 0.0148125755479043
500.5 0.0185163704136059
504 0.0137014878710641
507.5 0.0137014878710641
511 0.0118497271580675
514.5 0.0162940622424108
518 0.0174052046083393
521.5 0.0170348212153331
525 0.0192571606393737
528.5 0.0174052046083393
532 0.0148125755479043
535.5 0.0137014878710641
539 0.0162940622424108
542.5 0.0192571606393737
546 0.0162940622424108
549.5 0.0133311305203641
553 0.0148125755479043
556.5 0.0129607757737495
560 0.0162940622424108
563.5 0.0181459792074152
567 0.0148125755479043
570.5 0.015553313686664
574 0.0151829433151742
577.5 0.0137014878710641
581 0.014442210384814
584.5 0.0166644404266947
588 0.0199979612832051
591.5 0.0185163704136059
595 0.015553313686664
598.5 0.0148125755479043
602 0.0107387019781036
605.5 0.0140718478258762
609 0.0174052046083393
612.5 0.00888704542224794
616 0.0188867642242453
619.5 0.0137014878710641
623 0.0140718478258762
626.5 0.014442210384814
630 0.0185163704136059
633.5 0.015553313686664
637 0.0137014878710641
640.5 0.0140718478258762
644 0.0129607757737495
647.5 0.014442210384814
651 0.015553313686664
654.5 0.0151829433151742
658 0.0192571606393737
661.5 0.0166644404266947
665 0.0107387019781036
668.5 0.0162940622424108
672 0.0140718478258762
675.5 0.014442210384814
679 0.015553313686664
682.5 0.0148125755479043
686 0.0162940622424108
689.5 0.0181459792074152
693 0.0177755906056596
696.5 0.0170348212153331
700 0.0170348212153331
703.5 0.0122200740926147
707 0.015553313686664
710.5 0.0118497271580675
714 0.015553313686664
717.5 0.0137014878710641
721 0.0151829433151742
724.5 0.0170348212153331
728 0.0170348212153331
731.5 0.0177755906056596
735 0.00999803154431023
738.5 0.0133311305203641
742 0.0177755906056596
745.5 0.0107387019781036
749 0.0137014878710641
752.5 0.015553313686664
756 0.015553313686664
759.5 0.0122200740926147
763 0.00925737152582179
766.5 0.0133311305203641
770 0.0148125755479043
773.5 0.0174052046083393
777 0.0129607757737495
780.5 0.0151829433151742
784 0.014442210384814
787.5 0.014442210384814
791 0.0107387019781036
794.5 0.0129607757737495
798 0.0222204257251138
801.5 0.0151829433151742
805 0.0103683654592921
808.5 0.0122200740926147
812 0.0162940622424108
815.5 0.0159236866624139
819 0.00999803154431023
822.5 0.0170348212153331
826 0.014442210384814
829.5 0.0159236866624139
833 0.015553313686664
836.5 0.0133311305203641
840 0.0148125755479043
843.5 0.0188867642242453
847 0.0111090411008255
850.5 0.0125904236311798
854 0.0170348212153331
857.5 0.0207387723452617
861 0.014442210384814
864.5 0.0185163704136059
868 0.0125904236311798
871.5 0.0114793828274846
875 0.0177755906056596
878.5 0.0148125755479043
882 0.0118497271580675
885.5 0.0148125755479043
889 0.0185163704136059
892.5 0.0103683654592921
896 0.0129607757737495
899.5 0
