3.5 0
7 -0.0070439950717972
10.5 0.000370762677044778
14 -0.00741470556211571
17.5 0.00482011836008567
21 0.00148306636606493
24.5 0.00407853298132399
28 0.00407853298132399
31.5 0.0114948565858132
35 0.00407853298132399
38.5 0.00593251600287986
42 0.00444932436574869
45.5 0.00630332043716209
49 0.0181704405943245
52.5 0.0126073951813652
56 0.0103823414842624
59.5 0.0174286672658128
63 0.0155742796344701
66.5 0.00964067780168615
70 0.0137199572716319
73.5 0.0170577845179326
77 0.0215085498167645
80.5 0.0144616783847534
84 0.0207667294898207
87.5 0.0174286672658128
91 0.0233631463302713
94.5 0.025217808126574
98 0.0241050032146657
101.5 0.0244759355738913
105 0.0100115083378096
108.5 0.0263306365415134
112 0.0296692628120279
115.5 0.0196540185826895
119 0.0241050032146657
122.5 0.0296692628120279
126 0.0237340734667924
129.5 0.0274434884602645
133 0.0281854027974221
136.5 0.0244759355738913
140 0.0356051207719758
143.5 0.0352341100590361
147 0.0330081006363606
150.5 0.034492096469703
154 0.0311531646150111
157.5 0.0304112084898663
161 0.0393153715775677
164.5 0.0337500933289143
168 0.0356051207719758
171.5 0.0333790956766249
175 0.0296692628120279
178.5 0.0382022689060244
182 0.0333790956766249
185.5 0.0382022689060244
189 0.0322661183919339
192.5 0.0411705949468404
196 0.0463655678704639
199.5 0.0374602135204278
203 0.0311531646150111
206.5 0.0452523162748151
210 0.0437680173947536
213.5 0.0411705949468404
217 0.0459944813922716
220.5 0.0363471500345358
224 0.0441390881954529
227.5 0.0400574530876136
231 0.0352341100590361
234.5 0.051932178618965
238 0.0463655678704639
241.5 0.0467366569616501
245 0.0478499399134825
248.5 0.0407995450478457
252 0.0471077486658573
255.5 0.0452523162748151
259 0.0471077486658573
262.5 0.0530455713278762
266 0.0549012781130017
269.5 0.0508188094307409
273 0.0497054637625579
276.5 0.0445101616090117
280 0.0574993773854642
283.5 0.0541589875582685
287 0.0504476915947232
290.5 0.0497054637625579
294 0.0556435791222947
297.5 0.0574993773854642
301 0.0537878462012542
304.5 0.0534167074577991
308 0.0582417149873312
311.5 0.0497054637625579
315 0.0593552409942346
318.5 0.0467366569616501
322 0.0574993773854642
325.5 0.0593552409942346
329 0.0630671642621569
332.5 0.0641807922187817
336 0.0549012781130017
339.5 0.0641807922187817
343 0.0574993773854642
346.5 0.0649232239280911
350 0.0593552409942346
353.5 0.0652944437042621
357 0.0660368910998655
360.5 0.066779348953245
364 0.070863054089933
367.5 0.0690067852624487
371 0.0690067852624487
374.5 0.0563858905863089
378 0.0593552409942346
381.5 0.0745757878587742
385 0.0756896589822055
388.5 0.0719768467638751
392 0.0734619402710347
395.5 0.0638095802856163
399 0.066779348953245
402.5 0.0638095802856163
406 0.0652944437042621
409.5 0.0641807922187817
413 0.0656656660948536
416.5 0.0730906629718133
420 0.0820020399474126
423.5 0.0612111699519838
427 0.08088803544102
430.5 0.0597264215577725
434 0.0738332201852416
437.5 0.0775461631581846
441 0.0734619402710347
444.5 0.0794027327166107
448 0.0719768467638751
451.5 0.0649232239280911
455 0.0756896589822055
458.5 0.0730906629718133
462 0.0723481162182739
465.5 0.0734619402710347
469 0.0712343156997383
472.5 0.078660097047126
476 0.0816307024963616
479.5 0.0686355393410638
483 0.0782887831354812
486.5 0.0719768467638751
490 0.0727193882875643
493.5 0.0716055799243811
497 0.088315176828421
500.5 0.0723481162182739
504 0.0794027327166107
507.5 0.0701205387147144
511 0.0812593676609288
514.5 0.078660097047126
518 0.077174857092506
521.5 0.0827447226964497
525 0.0857155583219406
528.5 0.0886865613649456
532 0.0905435232896996
535.5 0.0823733800141221
539 0.0849728337207116
542.5 0.0823733800141221
546 0.092771963936163
549.5 0.0760609545869725
553 0.0812593676609288
556.5 0.078660097047126
560 0.0875724156036664
563.5 0.0901721256723659
567 0.0797740544745045
570.5 0.0860869245463388
574 0.0909149235233109
577.5 0.0901721256723659
581 0.0953719304044376
584.5 0.092771963936163
588 0.0935147984160167
591.5 0.0894293382863024
595 0.0953719304044376
598.5 0.08088803544102
602 0.0872010389153689
605.5 0.0938862195806559
609 0.0853441947133892
612.5 0.0901721256723659
616 0.102058147225451
619.5 0.0890579485175323
623 0.094257643361788
626.5 0.0968576830939895
630 0.115433124849662
633.5 0.0909149235233109
637 0.0924005506208814
640.5 0.0920291399219849
644 0.0953719304044376
647.5 0.0905435232896996
651 0.107630642302129
654.5 0.115433124849662
658 0.0909149235233109
661.5 0.101686668491496
665 0.109859805230894
668.5 0.106887608932939
672 0.0905435232896996
675.5 0.103915580152244
679 0.0990863906304243
682.5 0.1009437188748
686 0.0961148015158779
689.5 0.104658571643445
693 0.102801112544671
696.5 0.103172599130017
700 0.086458293386759
703.5 0.109488271532084
707 0.111345966203213
710.5 0.0953719304044376
714 0.103172599130017
717.5 0.0972291278081142
721 0.106887608932939
724.5 0.104658571643445
728 0.101315192374625
731.5 0.1009437188748
735 0.105773078509997
738.5 0.119148998517255
742 0.115433124849662
745.5 0.105773078509997
749 0.109116740450898
752.5 0.110231341547381
756 0.114689981534037
759.5 0.110602880481598
763 0.11580470043459
766.5 0.111345966203213
770 0.114318413803339
773.5 0.105401573603792
777 0.112832169060103
780.5 0.118777399368349
784 0.10614458603357
787.5 0.121378648397361
791 0.109116740450898
794.5 0.112089062395968
798 0.105401573603792
801.5 0.11097442203352
805 0.113203726318976
808.5 0.119148998517255
812 0.119148998517255
815.5 0.123980025734028
819 0.119520600284565
822.5 0.114689981534037
826 0.113203726318976
829.5 0.106887608932939
833 0.121750265875377
836.5 0.117291028955659
840 0.112089062395968
843.5 0.126209879866493
847 0.109488271532084
850.5 0.119892204670266
854 0.110231341547381
857.5 0.113946848690573
861 0.12249350868709
864.5 0.119520600284565
868 0.129554837841367
871.5 0.114318413803339
875 0.11580470043459
878.5 0.126209879866493
882 0.126581531387808
885.5 0.125094941015647
889 0.121007033537857
892.5 0.125466584680445
896 0.126953185528039
899.5 0
