
 Phase Region for:
     BCC_A2                        
 col-1=T, col-2=V,
   1.15300E+03   6.90629E-06
   1.15800E+03   6.90812E-06
   1.16300E+03   6.90996E-06
   1.16800E+03   6.91180E-06
   1.17300E+03   6.91365E-06
   1.17800E+03   6.91550E-06
   1.18300E+03   6.91735E-06
   1.18800E+03   6.91921E-06
   1.19300E+03   6.92108E-06
   1.19800E+03   6.92295E-06
   1.20300E+03   6.92483E-06
   1.20800E+03   6.92671E-06
   1.21300E+03   6.92859E-06
   1.21800E+03   6.93048E-06
   1.22300E+03   6.93238E-06
   1.22800E+03   6.93428E-06
   1.23300E+03   6.93618E-06
   1.23800E+03   6.93809E-06
   1.24300E+03   6.94001E-06
   1.24800E+03   6.94193E-06
   1.25300E+03   6.94385E-06
   1.25800E+03   6.94578E-06
   1.26300E+03   6.94772E-06
   1.26800E+03   6.94966E-06
   1.27300E+03   6.95160E-06
   1.27800E+03   6.95355E-06
   1.28300E+03   6.95550E-06
   1.28800E+03   6.95746E-06
   1.29300E+03   6.95943E-06
   1.29800E+03   6.96139E-06
   1.30000E+03   6.96218E-06

 Phase Region for:
     BCC_A2                        
 col-1=T, col-2=V,
   1.15300E+03   6.90629E-06
   1.14800E+03   6.90446E-06
   1.14300E+03   6.90264E-06
   1.13800E+03   6.90082E-06
   1.13300E+03   6.89901E-06
   1.12800E+03   6.89720E-06
   1.12300E+03   6.89540E-06
   1.11800E+03   6.89360E-06
   1.11300E+03   6.89180E-06
   1.10800E+03   6.89002E-06
   1.10300E+03   6.88823E-06
   1.09800E+03   6.88645E-06
   1.09300E+03   6.88468E-06
   1.08800E+03   6.88291E-06
   1.08300E+03   6.88114E-06
   1.07800E+03   6.87938E-06
   1.07300E+03   6.87763E-06
   1.06800E+03   6.87588E-06
   1.06300E+03   6.87413E-06
   1.05800E+03   6.87239E-06
   1.05300E+03   6.87066E-06
   1.04800E+03   6.86893E-06
   1.04300E+03   6.86720E-06
   1.03800E+03   6.86548E-06
   1.03300E+03   6.86376E-06
   1.02800E+03   6.86205E-06
   1.02300E+03   6.86034E-06
   1.01800E+03   6.85864E-06
   1.01300E+03   6.85694E-06
   1.00800E+03   6.85525E-06
   1.00300E+03   6.85356E-06
   9.98000E+02   6.85187E-06
   9.93000E+02   6.85019E-06
   9.88000E+02   6.84852E-06
   9.83000E+02   6.84685E-06
   9.78000E+02   6.84518E-06
   9.73000E+02   6.84352E-06
   9.68000E+02   6.84187E-06
   9.63000E+02   6.84022E-06
   9.58000E+02   6.83857E-06
   9.53000E+02   6.83693E-06
   9.48000E+02   6.83529E-06
   9.43000E+02   6.83366E-06
   9.38000E+02   6.83203E-06
   9.33000E+02   6.83041E-06
   9.28000E+02   6.82879E-06
   9.23000E+02   6.82718E-06
   9.18000E+02   6.82557E-06
   9.13000E+02   6.82397E-06
   9.08000E+02   6.82237E-06
   9.03000E+02   6.82077E-06
   8.98000E+02   6.81918E-06
   8.93000E+02   6.81760E-06
   8.88000E+02   6.81602E-06
   8.83000E+02   6.81444E-06
   8.78000E+02   6.81287E-06
   8.73000E+02   6.81130E-06
   8.68000E+02   6.80974E-06
   8.63000E+02   6.80818E-06
   8.58000E+02   6.80663E-06
   8.53000E+02   6.80508E-06
   8.48000E+02   6.80354E-06
   8.43000E+02   6.80200E-06
   8.38000E+02   6.80047E-06
   8.33000E+02   6.79894E-06
   8.28000E+02   6.79741E-06
   8.23000E+02   6.79589E-06
   8.18000E+02   6.79438E-06
   8.13000E+02   6.79286E-06
   8.08000E+02   6.79136E-06
   8.03000E+02   6.78986E-06
   7.98000E+02   6.78836E-06
   7.93000E+02   6.78687E-06
   7.88000E+02   6.78538E-06
   7.83000E+02   6.78389E-06
   7.78000E+02   6.78241E-06
   7.73000E+02   6.78094E-06
   7.68000E+02   6.77947E-06
   7.63000E+02   6.77801E-06
   7.58000E+02   6.77654E-06
   7.53000E+02   6.77509E-06
   7.48000E+02   6.77364E-06
   7.43000E+02   6.77219E-06
   7.38000E+02   6.77075E-06
   7.33000E+02   6.76931E-06
   7.28000E+02   6.76788E-06
   7.23000E+02   6.76645E-06
   7.18000E+02   6.76502E-06
   7.13000E+02   6.76360E-06
   7.08000E+02   6.76219E-06
   7.03000E+02   6.76078E-06
   6.98000E+02   6.75937E-06
   6.93000E+02   6.75797E-06
   6.88000E+02   6.75658E-06
   6.83000E+02   6.75518E-06
   6.78000E+02   6.75380E-06
   6.73000E+02   6.75241E-06
   6.68000E+02   6.75103E-06
   6.63000E+02   6.74966E-06
   6.58000E+02   6.74829E-06
   6.53000E+02   6.74692E-06
   6.48000E+02   6.74556E-06
   6.43000E+02   6.74421E-06
   6.38000E+02   6.74286E-06
   6.33000E+02   6.74151E-06
   6.28000E+02   6.74017E-06
   6.23000E+02   6.73883E-06
   6.18000E+02   6.73750E-06
   6.13000E+02   6.73617E-06
   6.08000E+02   6.73484E-06
   6.03000E+02   6.73352E-06
   5.98000E+02   6.73221E-06
   5.93000E+02   6.73090E-06
   5.88000E+02   6.72959E-06
   5.83000E+02   6.72829E-06
   5.78000E+02   6.72699E-06
   5.73000E+02   6.72570E-06
   5.68000E+02   6.72441E-06
   5.63000E+02   6.72312E-06
   5.58000E+02   6.72184E-06
   5.53000E+02   6.72057E-06
   5.48000E+02   6.71930E-06
   5.43000E+02   6.71803E-06
   5.38000E+02   6.71677E-06
   5.33000E+02   6.71551E-06
   5.28000E+02   6.71426E-06
   5.23000E+02   6.71301E-06
   5.18000E+02   6.71177E-06
   5.13000E+02   6.71053E-06
   5.08000E+02   6.70929E-06
   5.03000E+02   6.70806E-06
   4.98000E+02   6.70684E-06
   4.93000E+02   6.70562E-06
   4.88000E+02   6.70440E-06
   4.83000E+02   6.70319E-06
   4.78000E+02   6.70198E-06
   4.73000E+02   6.70077E-06
   4.68000E+02   6.69957E-06
   4.63000E+02   6.69838E-06
   4.58000E+02   6.69719E-06
   4.53000E+02   6.69600E-06
   4.48000E+02   6.69482E-06
   4.43000E+02   6.69364E-06
   4.38000E+02   6.69247E-06
   4.33000E+02   6.69130E-06
   4.28000E+02   6.69014E-06
   4.23000E+02   6.68898E-06
   4.18000E+02   6.68782E-06
   4.13000E+02   6.68667E-06
   4.08000E+02   6.68552E-06
   4.03000E+02   6.68438E-06
   3.98000E+02   6.68324E-06
   3.93000E+02   6.68211E-06
   3.88000E+02   6.68098E-06
   3.83000E+02   6.67986E-06
   3.78000E+02   6.67874E-06
   3.73000E+02   6.67762E-06
   3.68000E+02   6.67651E-06
   3.63000E+02   6.67540E-06
   3.58000E+02   6.67430E-06
   3.53000E+02   6.67320E-06
   3.48000E+02   6.67211E-06
   3.43000E+02   6.67102E-06
   3.38000E+02   6.66993E-06
   3.33000E+02   6.66885E-06
   3.28000E+02   6.66778E-06
   3.23000E+02   6.66671E-06
   3.18000E+02   6.66564E-06
   3.13000E+02   6.66457E-06
   3.08000E+02   6.66352E-06
   3.03000E+02   6.66246E-06
   2.98000E+02   6.66141E-06
   2.93000E+02   6.66037E-06
   2.88000E+02   6.65932E-06
   2.83000E+02   6.65829E-06
   2.78000E+02   6.65725E-06
   2.73000E+02   6.65623E-06
