
 Phase Region for:
     BCC_A2                        
     CEMENTITE                     
 col-1=T, col-2=V,
   1.15300E+03   6.80694E-06
   1.15800E+03   6.80923E-06
   1.16300E+03   6.81154E-06
   1.16800E+03   6.81387E-06
   1.17300E+03   6.81621E-06
   1.17800E+03   6.81858E-06
   1.18300E+03   6.82097E-06
   1.18800E+03   6.82338E-06
   1.19300E+03   6.82581E-06
   1.19800E+03   6.82826E-06
   1.20300E+03   6.83073E-06
   1.20800E+03   6.83322E-06
   1.21300E+03   6.83574E-06
   1.21800E+03   6.83828E-06
   1.22300E+03   6.84085E-06
   1.22800E+03   6.84344E-06
   1.23300E+03   6.84605E-06
   1.23800E+03   6.84869E-06
   1.24300E+03   6.85136E-06
   1.24800E+03   6.85405E-06
   1.25300E+03   6.85676E-06
   1.25800E+03   6.85951E-06
   1.26300E+03   6.86228E-06
   1.26800E+03   6.86508E-06
   1.27300E+03   6.86791E-06
   1.27800E+03   6.87076E-06
   1.28300E+03   6.87365E-06
   1.28800E+03   6.87657E-06
   1.29300E+03   6.87952E-06
   1.29800E+03   6.88250E-06
   1.30000E+03   6.88370E-06

 Phase Region for:
     BCC_A2                        
     CEMENTITE                     
 col-1=T, col-2=V,
   1.15300E+03   6.80694E-06
   1.14800E+03   6.80467E-06
   1.14300E+03   6.80242E-06
   1.13800E+03   6.80019E-06
   1.13300E+03   6.79797E-06
   1.12800E+03   6.79577E-06
   1.12300E+03   6.79359E-06
   1.11800E+03   6.79142E-06
   1.11300E+03   6.78927E-06
   1.10800E+03   6.78714E-06
   1.10300E+03   6.78502E-06
   1.09800E+03   6.78292E-06
   1.09300E+03   6.78083E-06
   1.08800E+03   6.77876E-06
   1.08300E+03   6.77670E-06
   1.07800E+03   6.77465E-06
   1.07300E+03   6.77262E-06
   1.06800E+03   6.77060E-06
   1.06300E+03   6.76860E-06
   1.05800E+03   6.76661E-06
   1.05300E+03   6.76463E-06
   1.04800E+03   6.76266E-06
   1.04300E+03   6.76071E-06
   1.03800E+03   6.75877E-06
   1.03300E+03   6.75684E-06
   1.02800E+03   6.75492E-06
   1.02300E+03   6.75302E-06
   1.01800E+03   6.75112E-06
   1.01300E+03   6.74924E-06
   1.00800E+03   6.74736E-06
   1.00300E+03   6.74550E-06
   9.98000E+02   6.74365E-06
   9.93000E+02   6.74180E-06
   9.88000E+02   6.73997E-06
   9.83000E+02   6.73815E-06
   9.78000E+02   6.73633E-06
   9.73000E+02   6.73453E-06
   9.68000E+02   6.73273E-06
   9.63000E+02   6.73095E-06
   9.58000E+02   6.72917E-06
   9.53000E+02   6.72741E-06
   9.48000E+02   6.72565E-06
   9.43000E+02   6.72390E-06
   9.38000E+02   6.72216E-06
   9.33000E+02   6.72043E-06
   9.28000E+02   6.71871E-06
   9.23000E+02   6.71699E-06
   9.18000E+02   6.71529E-06
   9.13000E+02   6.71359E-06
   9.08000E+02   6.71190E-06
   9.03000E+02   6.71022E-06
   8.98000E+02   6.70855E-06
   8.93000E+02   6.70688E-06
   8.88000E+02   6.70522E-06
   8.83000E+02   6.70357E-06
   8.78000E+02   6.70193E-06
   8.73000E+02   6.70029E-06
   8.68000E+02   6.69866E-06
   8.63000E+02   6.69704E-06
   8.58000E+02   6.69543E-06
   8.53000E+02   6.69382E-06
   8.48000E+02   6.69222E-06
   8.43000E+02   6.69063E-06
   8.38000E+02   6.68905E-06
   8.33000E+02   6.68747E-06
   8.28000E+02   6.68590E-06
   8.23000E+02   6.68433E-06
   8.18000E+02   6.68277E-06
   8.13000E+02   6.68122E-06
   8.08000E+02   6.67968E-06
   8.03000E+02   6.67814E-06
   7.98000E+02   6.67661E-06
   7.93000E+02   6.67509E-06
   7.88000E+02   6.67357E-06
   7.83000E+02   6.67206E-06
   7.78000E+02   6.67055E-06
   7.73000E+02   6.66905E-06
   7.68000E+02   6.66756E-06
   7.63000E+02   6.66607E-06
   7.58000E+02   6.66459E-06
   7.53000E+02   6.66312E-06
   7.48000E+02   6.66165E-06
   7.43000E+02   6.66019E-06
   7.38000E+02   6.65874E-06
   7.33000E+02   6.65729E-06
   7.28000E+02   6.65585E-06
   7.23000E+02   6.65441E-06
   7.18000E+02   6.65298E-06
   7.13000E+02   6.65156E-06
   7.08000E+02   6.65014E-06
   7.03000E+02   6.64873E-06
   6.98000E+02   6.64732E-06
   6.93000E+02   6.64592E-06
   6.88000E+02   6.64453E-06
   6.83000E+02   6.64314E-06
   6.78000E+02   6.64176E-06
   6.73000E+02   6.64038E-06
   6.68000E+02   6.63901E-06
   6.63000E+02   6.63765E-06
   6.58000E+02   6.63629E-06
   6.53000E+02   6.63493E-06
   6.48000E+02   6.63359E-06
   6.43000E+02   6.63225E-06
   6.38000E+02   6.63091E-06
   6.33000E+02   6.62958E-06
   6.28000E+02   6.62826E-06
   6.23000E+02   6.62694E-06
   6.18000E+02   6.62563E-06
   6.13000E+02   6.62432E-06
   6.08000E+02   6.62302E-06
   6.03000E+02   6.62173E-06
   5.98000E+02   6.62044E-06
   5.93000E+02   6.61915E-06
   5.88000E+02   6.61788E-06
   5.83000E+02   6.61660E-06
   5.78000E+02   6.61534E-06
   5.73000E+02   6.61408E-06
   5.68000E+02   6.61282E-06
   5.63000E+02   6.61157E-06
   5.58000E+02   6.61033E-06
   5.53000E+02   6.60909E-06
   5.48000E+02   6.60786E-06
   5.43000E+02   6.60663E-06
   5.38000E+02   6.60541E-06
   5.33000E+02   6.60420E-06
   5.28000E+02   6.60299E-06
   5.23000E+02   6.60178E-06
   5.18000E+02   6.60058E-06
   5.13000E+02   6.59939E-06
   5.08000E+02   6.59820E-06
   5.03000E+02   6.59702E-06
   4.98000E+02   6.59584E-06
   4.93000E+02   6.59467E-06
   4.88000E+02   6.59351E-06
   4.83000E+02   6.59235E-06
   4.78000E+02   6.59119E-06
   4.73000E+02   6.59004E-06
   4.68000E+02   6.58890E-06
   4.63000E+02   6.58776E-06
   4.58000E+02   6.58663E-06
   4.53000E+02   6.58551E-06
   4.48000E+02   6.58438E-06
   4.43000E+02   6.58327E-06
   4.38000E+02   6.58216E-06
   4.33000E+02   6.58105E-06
   4.28000E+02   6.57996E-06
   4.23000E+02   6.57886E-06
   4.18000E+02   6.57777E-06
   4.13000E+02   6.57669E-06
   4.08000E+02   6.57561E-06
   4.03000E+02   6.57454E-06
   3.98000E+02   6.57348E-06
   3.93000E+02   6.57242E-06
   3.88000E+02   6.57136E-06
   3.83000E+02   6.57031E-06
   3.78000E+02   6.56927E-06
   3.73000E+02   6.56823E-06
   3.68000E+02   6.56719E-06
   3.63000E+02   6.56617E-06
   3.58000E+02   6.56514E-06
   3.53000E+02   6.56413E-06
   3.48000E+02   6.56311E-06
   3.43000E+02   6.56211E-06
   3.38000E+02   6.56111E-06
   3.33000E+02   6.56011E-06
   3.28000E+02   6.55912E-06
   3.23000E+02   6.55814E-06
   3.18000E+02   6.55716E-06
   3.13000E+02   6.55619E-06
   3.08000E+02   6.55522E-06
   3.03000E+02   6.55425E-06
   2.98000E+02   6.55330E-06
   2.93000E+02   6.55234E-06
   2.88000E+02   6.55140E-06
   2.83000E+02   6.55046E-06
   2.78000E+02   6.54952E-06
   2.73000E+02   6.54859E-06
