
 Phase Region for:
     FCC_A1                        
 col-1=T, col-2=V,
   1.15300E+03   6.80084E-06
   1.15800E+03   6.80346E-06
   1.16300E+03   6.80609E-06
   1.16800E+03   6.80871E-06
   1.17300E+03   6.81134E-06
   1.17800E+03   6.81397E-06
   1.18300E+03   6.81659E-06
   1.18800E+03   6.81922E-06
   1.19300E+03   6.82185E-06
   1.19800E+03   6.82448E-06
   1.20300E+03   6.82711E-06
   1.20800E+03   6.82975E-06
   1.21300E+03   6.83238E-06
   1.21800E+03   6.83502E-06
   1.22300E+03   6.83765E-06
   1.22800E+03   6.84029E-06
   1.23300E+03   6.84293E-06
   1.23800E+03   6.84557E-06
   1.24300E+03   6.84821E-06
   1.24800E+03   6.85085E-06
   1.25300E+03   6.85349E-06
   1.25800E+03   6.85614E-06
   1.26300E+03   6.85878E-06
   1.26800E+03   6.86143E-06
   1.27300E+03   6.86407E-06
   1.27800E+03   6.86672E-06
   1.28300E+03   6.86937E-06
   1.28800E+03   6.87202E-06
   1.29300E+03   6.87467E-06
   1.29800E+03   6.87733E-06
   1.30000E+03   6.87839E-06

 Phase Region for:
     FCC_A1                        
 col-1=T, col-2=V,
   1.15300E+03   6.80084E-06
   1.14800E+03   6.79822E-06
   1.14300E+03   6.79560E-06
   1.13800E+03   6.79298E-06
   1.13300E+03   6.79036E-06
   1.12800E+03   6.78775E-06
   1.12300E+03   6.78513E-06
   1.11800E+03   6.78251E-06
   1.11300E+03   6.77990E-06
   1.10800E+03   6.77729E-06
   1.10300E+03   6.77468E-06
   1.09800E+03   6.77206E-06
   1.09300E+03   6.76945E-06
   1.08800E+03   6.76685E-06
   1.08300E+03   6.76424E-06
   1.07800E+03   6.76163E-06
   1.07300E+03   6.75903E-06
   1.06800E+03   6.75642E-06
   1.06300E+03   6.75382E-06
   1.05800E+03   6.75121E-06
   1.05300E+03   6.74861E-06
   1.04800E+03   6.74601E-06
   1.04300E+03   6.74341E-06
   1.03800E+03   6.74082E-06
   1.03300E+03   6.73822E-06
   1.02800E+03   6.73562E-06
   1.02300E+03   6.73303E-06
   1.01800E+03   6.73043E-06
   1.01300E+03   6.72784E-06
   1.00800E+03   6.72525E-06
   1.00300E+03   6.72266E-06
   9.98000E+02   6.72007E-06
   9.93000E+02   6.71748E-06
   9.88000E+02   6.71489E-06
   9.83000E+02   6.71230E-06
   9.78000E+02   6.70972E-06
   9.73000E+02   6.70713E-06
   9.68000E+02   6.70455E-06
   9.63000E+02   6.70197E-06
   9.58000E+02   6.69938E-06
   9.53000E+02   6.69680E-06
   9.48000E+02   6.69422E-06
   9.43000E+02   6.69165E-06
   9.38000E+02   6.68907E-06
   9.33000E+02   6.68649E-06
   9.28000E+02   6.68392E-06
   9.23000E+02   6.68134E-06
   9.18000E+02   6.67877E-06
   9.13000E+02   6.67620E-06
   9.08000E+02   6.67363E-06
   9.03000E+02   6.67105E-06
   8.98000E+02   6.66849E-06
   8.93000E+02   6.66592E-06
   8.88000E+02   6.66335E-06
   8.83000E+02   6.66078E-06
   8.78000E+02   6.65822E-06
   8.73000E+02   6.65566E-06
   8.68000E+02   6.65309E-06
   8.63000E+02   6.65053E-06
   8.58000E+02   6.64797E-06
   8.53000E+02   6.64541E-06
   8.48000E+02   6.64285E-06
   8.43000E+02   6.64029E-06
   8.38000E+02   6.63774E-06
   8.33000E+02   6.63518E-06
   8.28000E+02   6.63263E-06
   8.23000E+02   6.63007E-06
   8.18000E+02   6.62752E-06
   8.13000E+02   6.62497E-06
   8.08000E+02   6.62242E-06
   8.03000E+02   6.61987E-06
   7.98000E+02   6.61732E-06
   7.93000E+02   6.61477E-06
   7.88000E+02   6.61222E-06
   7.83000E+02   6.60968E-06
   7.78000E+02   6.60713E-06
   7.73000E+02   6.60459E-06
   7.68000E+02   6.60205E-06
   7.63000E+02   6.59951E-06
   7.58000E+02   6.59697E-06
   7.53000E+02   6.59443E-06
   7.48000E+02   6.59189E-06
   7.43000E+02   6.58935E-06
   7.38000E+02   6.58681E-06
   7.33000E+02   6.58428E-06
   7.28000E+02   6.58175E-06
   7.23000E+02   6.57921E-06
   7.18000E+02   6.57668E-06
   7.13000E+02   6.57415E-06
   7.08000E+02   6.57162E-06
   7.03000E+02   6.56909E-06
   6.98000E+02   6.56656E-06
   6.93000E+02   6.56403E-06
   6.88000E+02   6.56151E-06
   6.83000E+02   6.55898E-06
   6.78000E+02   6.55646E-06
   6.73000E+02   6.55394E-06
   6.68000E+02   6.55141E-06
   6.63000E+02   6.54889E-06
   6.58000E+02   6.54637E-06
   6.53000E+02   6.54385E-06
   6.48000E+02   6.54133E-06
   6.43000E+02   6.53882E-06
   6.38000E+02   6.53630E-06
   6.33000E+02   6.53379E-06
   6.28000E+02   6.53127E-06
   6.23000E+02   6.52876E-06
   6.18000E+02   6.52625E-06
   6.13000E+02   6.52374E-06
   6.08000E+02   6.52123E-06
   6.03000E+02   6.51872E-06
   5.98000E+02   6.51621E-06
   5.93000E+02   6.51370E-06
   5.88000E+02   6.51120E-06
   5.83000E+02   6.50869E-06
   5.78000E+02   6.50619E-06
   5.73000E+02   6.50368E-06
   5.68000E+02   6.50118E-06
   5.63000E+02   6.49868E-06
   5.58000E+02   6.49618E-06
   5.53000E+02   6.49368E-06
   5.48000E+02   6.49119E-06
   5.43000E+02   6.48869E-06
   5.38000E+02   6.48619E-06
   5.33000E+02   6.48370E-06
   5.28000E+02   6.48120E-06
   5.23000E+02   6.47871E-06
   5.18000E+02   6.47622E-06
   5.13000E+02   6.47373E-06
   5.08000E+02   6.47124E-06
   5.03000E+02   6.46875E-06
   4.98000E+02   6.46626E-06
   4.93000E+02   6.46377E-06
   4.88000E+02   6.46129E-06
   4.83000E+02   6.45880E-06
   4.78000E+02   6.45632E-06
   4.73000E+02   6.45384E-06
   4.68000E+02   6.45135E-06
   4.63000E+02   6.44887E-06
   4.58000E+02   6.44639E-06
   4.53000E+02   6.44392E-06
   4.48000E+02   6.44144E-06
   4.43000E+02   6.43896E-06
   4.38000E+02   6.43648E-06
   4.33000E+02   6.43401E-06
   4.28000E+02   6.43154E-06
   4.23000E+02   6.42906E-06
   4.18000E+02   6.42659E-06
   4.13000E+02   6.42412E-06
   4.08000E+02   6.42165E-06
   4.03000E+02   6.41918E-06
   3.98000E+02   6.41671E-06
   3.93000E+02   6.41425E-06
   3.88000E+02   6.41178E-06
   3.83000E+02   6.40931E-06
   3.78000E+02   6.40685E-06
   3.73000E+02   6.40439E-06
   3.68000E+02   6.40192E-06
   3.63000E+02   6.39946E-06
   3.58000E+02   6.39700E-06
   3.53000E+02   6.39454E-06
   3.48000E+02   6.39209E-06
   3.43000E+02   6.38963E-06
   3.38000E+02   6.38717E-06
   3.33000E+02   6.38472E-06
   3.28000E+02   6.38226E-06
   3.23000E+02   6.37981E-06
   3.18000E+02   6.37736E-06
   3.13000E+02   6.37491E-06
   3.08000E+02   6.37246E-06
   3.03000E+02   6.37001E-06
   2.98000E+02   6.36756E-06
   2.93000E+02   6.36511E-06
   2.88000E+02   6.36267E-06
   2.83000E+02   6.36022E-06
   2.78000E+02   6.35778E-06
   2.73000E+02   6.35533E-06
