DIff1_Matrix_St1       1.00    2307.74        nan         nan        nan         nan     28.4986     0.358204    -0.172827    -0.109728      29.4014     0.990116    -0.223671    -0.392529      29.4283      1.14539   -0.0760488     -0.15439      33.0263     0.133035    -0.241608   -0.0569707 
DIff1_Matrix_St1       2.00    2311.24        nan         nan        nan         nan     28.4807     0.340974    -0.176468    -0.106651      29.4031      1.00416    -0.221349    -0.393962      29.4288      1.16245   -0.0732759    -0.150977      33.0106     0.125199    -0.248349   -0.0551111 
DIff1_Matrix_St1       3.00    2314.74        nan         nan        nan         nan     28.4737     0.329054    -0.176476    -0.102927       29.402      1.02048    -0.219024    -0.396159      29.4294      1.19679   -0.0723687    -0.153513      33.0023     0.123037    -0.244787   -0.0533825 
DIff1_Matrix_St1       4.00    2318.23        nan         nan        nan         nan     28.4592     0.306149    -0.178828   -0.0970385       29.405      1.02087    -0.219078    -0.396408      29.4279      1.16692   -0.0767094     -0.15866      32.9778     0.114803    -0.246578   -0.0501743 
DIff1_Matrix_St1       5.00    2321.73        nan         nan        nan         nan     28.4524     0.304622     -0.17536   -0.0946818       29.407      1.08068    -0.213041    -0.408069      29.4289      1.13422   -0.0738344    -0.148434       32.968     0.116413    -0.247154   -0.0509972 
DIff1_Matrix_St1       6.00    2325.23        nan         nan        nan         nan     28.4433     0.296226    -0.179498   -0.0942449      29.4058      1.04755    -0.215518     -0.40016      29.4291      1.17135    -0.076958    -0.159778      32.9563     0.114443    -0.249077   -0.0505241 
DIff1_Matrix_St1       7.00    2328.73        nan         nan        nan         nan     28.4391     0.285841    -0.184037   -0.0932406      29.4062      1.07518    -0.213207    -0.406312      29.4296       1.1689   -0.0746595    -0.154682      32.9569     0.111193    -0.245759   -0.0484352 
DIff1_Matrix_St1       8.00    2332.23        nan         nan        nan         nan     28.4329     0.285043    -0.179233   -0.0905529       29.406      1.00407    -0.221656    -0.394473      29.4274      1.22872   -0.0805111    -0.175341      32.9424     0.112793    -0.244087    -0.048798 
DIff1_Matrix_St1       9.00    2335.73        nan         nan        nan         nan     28.4238     0.279188    -0.181304   -0.0897179      29.4075      1.06114    -0.217532    -0.409137      29.4285      1.21909   -0.0760514    -0.164331      32.9338     0.106776    -0.255978   -0.0484454 
DIff1_Matrix_St1      10.00    2339.23        nan         nan        nan         nan     28.4214     0.277092    -0.175878   -0.0863797      29.4068      1.06336    -0.215681    -0.406505       29.429      1.20913   -0.0768579    -0.164716      32.9244     0.104972     -0.24848   -0.0462315 
DIff1_Matrix_St1      11.00    2342.73        nan         nan        nan         nan     28.4196     0.277963    -0.176617   -0.0870153      29.4062      1.07825    -0.212878    -0.406841      29.4271      1.22083   -0.0774484    -0.167588      32.9227      0.11132    -0.247355   -0.0488056 
DIff1_Matrix_St1      12.00    2346.22        nan         nan        nan         nan     28.4165     0.273531     -0.17608   -0.0853673      29.4075      1.05986     -0.21269     -0.39955      29.4288      1.24298   -0.0791833    -0.174451      32.9162     0.104005    -0.250453   -0.0461696 
DIff1_Matrix_St1      13.00    2349.72        nan         nan        nan         nan     28.4144     0.270584    -0.177264   -0.0850152      29.4065      1.07581     -0.21379    -0.407657      29.4313      1.20234   -0.0780946    -0.166427      32.9233     0.107732    -0.241432   -0.0461016 
DIff1_Matrix_St1      14.00    2353.22        nan         nan        nan         nan     28.4125      0.26791    -0.177379   -0.0842301      29.4075      1.07394    -0.212704    -0.404884      29.4303      1.20316   -0.0806353    -0.171959      32.9219      0.10586     -0.24574   -0.0461086 
DIff1_Matrix_St1      15.00    2356.72        nan         nan        nan         nan     28.4051     0.269686    -0.173857   -0.0831047      29.4082      1.07034    -0.214166      -0.4063      29.4283      1.22333    -0.079144    -0.171608      32.9114       0.1068    -0.240744   -0.0455724 
DIff1_Matrix_St1      16.00    2360.22        nan         nan        nan         nan     28.4049     0.265886    -0.174366   -0.0821737      29.4065         1.04    -0.216301    -0.398721      29.4286      1.26213   -0.0800577    -0.179094      32.9086     0.101579    -0.254904   -0.0458937 
DIff1_Matrix_St1      17.00    2363.72        nan         nan        nan         nan     28.4048     0.261508    -0.181864    -0.084296       29.408      1.00273    -0.220834    -0.392486      29.4273      1.29438    -0.083065     -0.19057      32.9018      0.09843    -0.257829   -0.0449814 
DIff1_Matrix_St1      18.00    2367.22        nan         nan        nan         nan     28.3986     0.263989    -0.172447   -0.0806894      29.4068      1.02256    -0.215903    -0.391312      29.4293      1.29146   -0.0825553    -0.188974      32.9014     0.105925    -0.239364   -0.0449398 
DIff1_Matrix_St1      19.00    2370.72        nan         nan        nan         nan     28.4006     0.262148    -0.175758   -0.0816651      29.4103      1.07628    -0.213061    -0.406448      29.4285      1.23148   -0.0803558    -0.175396       32.898     0.102798    -0.237201    -0.043219 
DIff1_Matrix_St1      20.00    2374.21        nan         nan        nan         nan     28.3977      0.25363    -0.175188   -0.0787553      29.4095      1.10509    -0.211722    -0.414707       29.429      1.21936   -0.0769227    -0.166251      32.8899     0.101503     -0.24803    -0.044623 
DIff1_Matrix_St1      21.00    2377.71        nan         nan        nan         nan     28.3961     0.257995    -0.172092    -0.078695      29.4082      1.07662    -0.213125    -0.406699      29.4287      1.26652   -0.0791443    -0.177667      32.9034    0.0991581    -0.253316   -0.0445212 
DIff1_Matrix_St1      22.00    2381.21        nan         nan        nan         nan      28.394      0.26205    -0.173921   -0.0807816      29.4105       1.0732    -0.212082    -0.403422       29.427      1.23396   -0.0811593    -0.177506      32.9084     0.102042    -0.245714    -0.044441 
DIff1_Matrix_St1      23.00    2384.71        nan         nan        nan         nan     28.3898     0.259478    -0.170858   -0.0785799      29.4099      1.02774    -0.217908    -0.396945      29.4273      1.29913   -0.0806675    -0.185748      32.8954    0.0949396     -0.25174   -0.0423618 
DIff1_Matrix_St1      24.00    2388.21        nan         nan        nan         nan     28.3836      0.25399    -0.172767   -0.0777774       29.409     0.998793    -0.218959    -0.387627      29.4259      1.33702   -0.0827798    -0.196171       32.898     0.103763     -0.23374   -0.0429883 
DIff1_Matrix_St1      25.00    2391.71        nan         nan        nan         nan     28.3873     0.257811    -0.171641   -0.0784326      29.4085      1.00927    -0.215397     -0.38532      29.4278      1.31127   -0.0839199    -0.195043      32.8853    0.0980824    -0.244347   -0.0424788 
DIff1_Matrix_St1      26.00    2395.21        nan         nan        nan         nan     28.3916     0.259112    -0.171678   -0.0788453      29.4084      1.03329    -0.216936     -0.39731      29.4273      1.27515   -0.0821685    -0.185712      32.9024     0.105342    -0.240576   -0.0449189 
DIff1_Matrix_St1      27.00    2398.70        nan         nan        nan         nan      28.388     0.249952    -0.175192   -0.0776151      29.4091      1.08716    -0.212332    -0.409152      29.4287      1.25861   -0.0784099    -0.174919      32.8825    0.0992152    -0.237862   -0.0418291 
DIff1_Matrix_St1      28.00    2402.20        nan         nan        nan         nan     28.3856     0.251978    -0.168873   -0.0754221      29.4083      1.07121    -0.212422    -0.403318      29.4294      1.25807   -0.0787242    -0.175544      32.8853    0.0914556    -0.242195     -0.03926 
DIff1_Matrix_St1      29.00    2405.70        nan         nan        nan         nan     28.3855     0.248639    -0.174979   -0.0771137      29.4092      1.09287    -0.211112    -0.408938      29.4277      1.25456   -0.0786847    -0.174968      32.8907    0.0968231    -0.246343    -0.042276 
DIff1_Matrix_St1      30.00    2409.20        nan         nan        nan         nan     28.3803     0.243398    -0.173434   -0.0748217      29.4114      1.13538    -0.205117    -0.412779      29.4289      1.21971   -0.0749163     -0.16196      32.8854    0.0959743    -0.238533   -0.0405769 
DIff1_Matrix_St1      31.00    2412.70        nan         nan        nan         nan     28.3821      0.25423    -0.163526   -0.0736867      29.4075      0.96162    -0.219112     -0.37346      29.4282      1.33985   -0.0863967    -0.205176      32.8876     0.101586    -0.235875   -0.0424709 
DIff1_Matrix_St1      32.00    2416.20        nan         nan        nan         nan     28.3838     0.249039    -0.169848   -0.0749725      29.4085      1.01704    -0.216814    -0.390841      29.4276      1.31956   -0.0802674    -0.187735      32.8909     0.100724    -0.233299   -0.0416507 
DIff1_Matrix_St1      33.00    2419.70        nan         nan        nan         nan     28.3823      0.25801    -0.166017   -0.0759213       29.409      1.09353    -0.208296    -0.403726      29.4282      1.24903   -0.0793903    -0.175759      32.8809     0.095679    -0.248276   -0.0421042 
DIff1_Matrix_St1      34.00    2423.20        nan         nan        nan         nan     28.3808     0.257392    -0.167409   -0.0763746      29.4084      1.04885     -0.21141    -0.393017      29.4278      1.29226    -0.082432    -0.188809      32.8828    0.0976832    -0.249607   -0.0432167 
DIff1_Matrix_St1      35.00    2426.69        nan         nan        nan         nan     28.3784     0.252365    -0.165596   -0.0740721      29.4096      1.00701    -0.216332    -0.386124      29.4276      1.32533   -0.0827732    -0.194441      32.8818    0.0947323     -0.24548   -0.0412182 
DIff1_Matrix_St1      36.00    2430.19        nan         nan        nan         nan     28.3764     0.240169    -0.165723   -0.0705462       29.411      1.19155    -0.202325    -0.427302      29.4284      1.18658   -0.0740292    -0.155695      32.8799    0.0962648    -0.238161   -0.0406363 
DIff1_Matrix_St1      37.00    2433.69        nan         nan        nan         nan     28.3779     0.252003    -0.173309   -0.0774109      29.4111      1.22944    -0.200377    -0.436646      29.4287      1.16002   -0.0715018    -0.147014      32.8805    0.0959174     -0.24544    -0.041727 
DIff1_Matrix_St1      38.00    2437.19        nan         nan        nan         nan     28.3776     0.248139    -0.167521   -0.0736783      29.4106       1.1537    -0.204071      -0.4173      29.4294      1.20926   -0.0761819    -0.163285      32.8793    0.0932072    -0.239948   -0.0396407 
DIff1_Matrix_St1      39.00    2440.69        nan         nan        nan         nan     28.3778     0.247583     -0.16878   -0.0740654      29.4098      1.03214    -0.214516    -0.392442      29.4283      1.33664    -0.080918    -0.191705      32.8807    0.0902996    -0.257461   -0.0412071 
DIff1_Matrix_St1      40.00    2444.19        nan         nan        nan         nan     28.3747     0.254104    -0.162852   -0.0733468      29.4096      1.04761    -0.212878    -0.395279      29.4267      1.29705   -0.0841043    -0.193352      32.8712    0.0957617    -0.243849   -0.0413894 
DIff1_Matrix_St1      41.00    2447.69        nan         nan        nan         nan     28.3766     0.252046    -0.167425   -0.0747954      29.4096     0.955406    -0.221405     -0.37493       29.427      1.34888   -0.0876642    -0.209591      32.8743    0.0973507    -0.233166   -0.0402327 
DIff1_Matrix_St1      42.00    2451.19        nan         nan        nan         nan      28.371     0.240395    -0.170215    -0.072527        29.41      1.03317    -0.212692    -0.389493       29.427      1.30762   -0.0824336    -0.191056      32.8705    0.0944004    -0.237728   -0.0397767 
DIff1_Matrix_St1      43.00    2454.68        nan         nan        nan         nan      28.374      0.25134    -0.164601   -0.0733281      29.4117      1.11482    -0.207102    -0.409227      29.4267      1.27823   -0.0767404    -0.173864       32.872    0.0901046    -0.247716   -0.0395618 
DIff1_Matrix_St1      44.00    2458.18        nan         nan        nan         nan     28.3762     0.242377    -0.164965   -0.0708693      29.4091      1.11156    -0.205633    -0.405137      29.4285      1.27244   -0.0782658    -0.176516       32.883    0.0919973    -0.247553   -0.0403662 
DIff1_Matrix_St1      45.00    2461.68        nan         nan        nan         nan     28.3735     0.242647    -0.166787   -0.0717318      29.4111      1.09613    -0.207897     -0.40391      29.4273      1.22687   -0.0812017    -0.176579      32.8658    0.0924506    -0.245246   -0.0401872 
DIff1_Matrix_St1      46.00    2465.18        nan         nan        nan         nan     28.3732     0.236875     -0.17311   -0.0726801      29.4097      1.06815     -0.21127    -0.399988      29.4296      1.33286   -0.0795739    -0.187987      32.8781    0.0957821    -0.240927    -0.040902 
DIff1_Matrix_St1      47.00    2468.68        nan         nan        nan         nan     28.3727     0.239266    -0.159109    -0.067476      29.4103      1.07244    -0.210552     -0.40023      29.4282      1.27831   -0.0810273    -0.183588       32.867    0.0912539    -0.240056   -0.0388275 
DIff1_Matrix_St1      48.00    2472.18        nan         nan        nan         nan      28.372     0.250281    -0.163529   -0.0725433      29.4107      1.06606    -0.209077    -0.395062      29.4286      1.31335    -0.082579    -0.192231      32.8633    0.0943247    -0.236198    -0.039489 
DIff1_Matrix_St1      49.00    2475.68        nan         nan        nan         nan     28.3719     0.253283     -0.16395   -0.0736026      29.4083      1.02892    -0.213612    -0.389567       29.429      1.34237     -0.08444    -0.200907      32.8766    0.0912865    -0.243654   -0.0394234 
DIff1_Matrix_St1      50.00    2479.18        nan         nan        nan         nan     28.3701     0.242484    -0.165854   -0.0712825       29.409      1.01452    -0.213694    -0.384261      29.4283      1.33925   -0.0837552    -0.198814      32.8713    0.0948607    -0.224462   -0.0377402 
DIff1_Matrix_St1      51.00    2482.67        nan         nan        nan         nan     28.3738     0.241842    -0.165213    -0.070819      29.4096     0.932961    -0.221442    -0.366184       29.428      1.42041   -0.0887882    -0.223534      32.8711    0.0897016    -0.246903   -0.0392557 
DIff1_Matrix_St1      52.00    2486.17        nan         nan        nan         nan     28.3719     0.246486    -0.165428   -0.0722732      29.4101     0.985159    -0.217091    -0.379074      29.4259      1.39782   -0.0851371    -0.210933      32.8764    0.0907109    -0.244524   -0.0393147 
DIff1_Matrix_St1      53.00    2489.67        nan         nan        nan         nan     28.3726     0.248389    -0.164273   -0.0723226      29.4107      1.08586    -0.207696    -0.399739      29.4275      1.28021   -0.0813449     -0.18458      32.8638    0.0985721    -0.223287   -0.0390114 
DIff1_Matrix_St1      54.00    2493.17        nan         nan        nan         nan     28.3745     0.237238    -0.170549   -0.0717148       29.411      1.11903     -0.20631    -0.409202      29.4288      1.26824   -0.0809058    -0.181869      32.8722     0.093184     -0.24531   -0.0405164 
DIff1_Matrix_St1      55.00    2496.67        nan         nan        nan         nan     28.3664      0.23818    -0.166088   -0.0701163      29.4113      1.08939     -0.20903    -0.403614      29.4266      1.29472   -0.0800531    -0.183708      32.8676    0.0918375    -0.228711    -0.037229 
DIff1_Matrix_St1      56.00    2500.17        nan         nan        nan         nan     28.3698     0.231946     -0.17563    -0.072204      29.4103      1.04768    -0.210071    -0.390095      29.4287      1.35101   -0.0819871    -0.196326      32.8605    0.0938804    -0.235082   -0.0391173 
DIff1_Matrix_St1      57.00    2503.67        nan         nan        nan         nan     28.3681     0.241644    -0.168301   -0.0720839      29.4122      1.15857    -0.201587    -0.413959      29.4293      1.26967   -0.0756858    -0.170326      32.8659     0.091124    -0.236814   -0.0382485 
DIff1_Matrix_St1      58.00    2507.16        nan         nan        nan         nan     28.3701     0.239569      -0.1666   -0.0707427      29.4105      1.13798    -0.203583    -0.410629      29.4291      1.30536   -0.0785941    -0.181842      32.8684    0.0959201    -0.231987   -0.0394411 
DIff1_Matrix_St1      59.00    2510.66        nan         nan        nan         nan     28.3708     0.245312    -0.162001    -0.070439      29.4135      1.18099    -0.201606    -0.422014      29.4276      1.23698   -0.0765175    -0.167764      32.8667    0.0919811    -0.251671   -0.0410306 
DIff1_Matrix_St1      60.00    2514.16        nan         nan        nan         nan     28.3656     0.253809    -0.158462   -0.0712865      29.4093      1.08192    -0.207519    -0.397949      29.4283      1.30927   -0.0810873    -0.188173      32.8669     0.094827    -0.238074   -0.0400147 
DIff1_Matrix_St1      61.00    2517.66        nan         nan        nan         nan     28.3707     0.236018    -0.173892   -0.0727446      29.4118      1.07237    -0.207715    -0.394811      29.4271       1.3198   -0.0819507    -0.191707      32.8652    0.0964987    -0.222366   -0.0380334 
DIff1_Matrix_St1      62.00    2521.16        nan         nan        nan         nan     28.3691     0.238007    -0.166022   -0.0700376       29.412      1.14565    -0.204285    -0.414824      29.4272      1.25639   -0.0774341    -0.172437       32.866    0.0937532    -0.228574   -0.0379829 
DIff1_Matrix_St1      63.00    2524.66        nan         nan        nan         nan      28.371     0.242609    -0.169924   -0.0730695      29.4114      1.02578    -0.212423    -0.386217      29.4275      1.38129   -0.0833811    -0.204139      32.8668    0.0872426    -0.243514   -0.0376554 
DIff1_Matrix_St1      64.00    2528.16        nan         nan        nan         nan     28.3635     0.247123    -0.161265   -0.0706365      29.4139      1.21203    -0.197945     -0.42524      29.4269      1.20657   -0.0739009    -0.158044      32.8654    0.0868101    -0.246223   -0.0378856 
DIff1_Matrix_St1      65.00    2531.66        nan         nan        nan         nan     28.3682     0.241232    -0.165038   -0.0705657      29.4099      1.05671    -0.211035    -0.395264      29.4262      1.29991    -0.083785    -0.193043      32.8637    0.0919421    -0.234053    -0.038142 
DIff1_Matrix_St1      66.00    2535.15        nan         nan        nan         nan     28.3657     0.233127     -0.16911   -0.0698775      29.4089      1.07165    -0.208875    -0.396749      29.4282      1.36633   -0.0809412    -0.196019      32.8706    0.0938868    -0.234614   -0.0390421 
DIff1_Matrix_St1      67.00    2538.65        nan         nan        nan         nan     28.3676     0.235584    -0.167898   -0.0701078      29.4104      1.06195     -0.20958    -0.394484      29.4277      1.33886   -0.0817228    -0.193934      32.8618    0.0935877    -0.235418   -0.0390511 
DIff1_Matrix_St1      68.00    2542.15        nan         nan        nan         nan     28.3672     0.235749    -0.166447   -0.0695507      29.4111      1.09799    -0.207091    -0.403026      29.4281       1.3017   -0.0824853     -0.19031      32.8632    0.0904633    -0.234144   -0.0375431 
DIff1_Matrix_St1      69.00    2545.65        nan         nan        nan         nan     28.3639     0.234695     -0.16551   -0.0688499      29.4104      1.02581    -0.212001    -0.385462      29.4271      1.37712   -0.0842584    -0.205664      32.8644     0.089508    -0.241977   -0.0383893 
DIff1_Matrix_St1      70.00    2549.15        nan         nan        nan         nan     28.3695     0.240574    -0.162247   -0.0691832      29.4136      1.10012    -0.205556    -0.400816      29.4268       1.3223   -0.0801001    -0.187732      32.8566     0.086583    -0.245524   -0.0376792 
DIff1_Matrix_St1      71.00    2552.65        nan         nan        nan         nan     28.3662     0.238342    -0.167889   -0.0709247      29.4096      1.02409    -0.213344     -0.38725      29.4276      1.39031   -0.0832642    -0.205185      32.8552    0.0903504    -0.235488   -0.0377115 
DIff1_Matrix_St1      72.00    2556.15        nan         nan        nan         nan     28.3671     0.234168    -0.169728    -0.070446      29.4101       1.0317    -0.211959    -0.387598      29.4284      1.36222   -0.0843813    -0.203736       32.874     0.090446    -0.231255   -0.0370728 
DIff1_Matrix_St1      73.00    2559.65        nan         nan        nan         nan     28.3654     0.240269    -0.158784   -0.0676206      29.4118      1.13223    -0.201869    -0.405116      29.4278      1.27436   -0.0785138    -0.177343      32.8628     0.088974    -0.232095   -0.0366019 
DIff1_Matrix_St1      74.00    2563.14        nan         nan        nan         nan     28.3656     0.248996    -0.155903   -0.0688052      29.4097      1.13188    -0.204256     -0.40978      29.4283      1.28876   -0.0804866    -0.183853      32.8666    0.0938508    -0.233549   -0.0388499 
DIff1_Matrix_St1      75.00    2566.64        nan         nan        nan         nan     28.3638      0.24381    -0.164695   -0.0711713        29.41      1.09107    -0.206199    -0.398762      29.4281      1.34776   -0.0815184    -0.194734      32.8682    0.0924024    -0.229275   -0.0375504 
DIff1_Matrix_St1      76.00    2570.14        nan         nan        nan         nan     28.3652     0.234871    -0.168274    -0.070052      29.4077      1.02753    -0.211157    -0.384571      29.4275      1.38924   -0.0851081    -0.209566      32.8526    0.0927917    -0.233135   -0.0383434 
DIff1_Matrix_St1      77.00    2573.64        nan         nan        nan         nan     28.3677     0.233097     -0.16845   -0.0695956      29.4112      1.05237    -0.212584    -0.396526      29.4267      1.37743   -0.0807284    -0.197093      32.8593    0.0881171    -0.244807   -0.0382348 
DIff1_Matrix_St1      78.00    2577.14        nan         nan        nan         nan     28.3662     0.237704    -0.170591   -0.0718734      29.4102      1.04193    -0.209304    -0.386538      29.4291      1.37241   -0.0840162    -0.204372      32.8632    0.0902851    -0.251286   -0.0402124 
DIff1_Matrix_St1      79.00    2580.64        nan         nan        nan         nan     28.3656      0.23443    -0.167317   -0.0695231      29.4101      1.04755    -0.210624    -0.391075      29.4282      1.35008   -0.0845289    -0.202274        32.86    0.0890033    -0.234758   -0.0370341 
DIff1_Matrix_St1      80.00    2584.14        nan         nan        nan         nan     28.3646     0.233322    -0.165221   -0.0683275      29.4104      1.04128    -0.210737    -0.388942      29.4273      1.37816   -0.0842527    -0.205806      32.8495    0.0908873    -0.234892   -0.0378396 
DIff1_Matrix_St1      81.00    2587.63        nan         nan        nan         nan     28.3635     0.237247    -0.165201   -0.0694685      29.4099      1.00813    -0.210612    -0.376337       29.428      1.41739   -0.0882647    -0.221744      32.8614    0.0929338    -0.230645    -0.037992 
DIff1_Matrix_St1      82.00    2591.13        nan         nan        nan         nan     28.3635      0.22682    -0.168807   -0.0678654      29.4099      1.03575     -0.20982    -0.385191      29.4278      1.40822   -0.0847832    -0.211619      32.8575    0.0889697    -0.242064   -0.0381721 
DIff1_Matrix_St1      83.00    2594.63        nan         nan        nan         nan     28.3616     0.236236    -0.165804   -0.0694247      29.4132      1.14217    -0.202548    -0.410047      29.4276      1.31021   -0.0790276    -0.183525      32.8607    0.0845301     -0.23528    -0.035251 
DIff1_Matrix_St1      84.00    2598.13        nan         nan        nan         nan     28.3674     0.238565    -0.161523   -0.0682994      29.4113      1.05795    -0.209411    -0.392679      29.4274       1.3708   -0.0833113    -0.202419      32.8665    0.0893033     -0.24103   -0.0381516 
DIff1_Matrix_St1      85.00    2601.63        nan         nan        nan         nan     28.3639     0.226497    -0.167526   -0.0672543      29.4112      1.18601    -0.198623    -0.417537      29.4289      1.28108   -0.0767791    -0.174338       32.857     0.086899    -0.241302   -0.0371665 
DIff1_Matrix_St1      86.00    2605.13        nan         nan        nan         nan     28.3633     0.227856    -0.165616   -0.0668864      29.4119      1.08722    -0.206527    -0.397986       29.429      1.36329   -0.0806326    -0.194838      32.8608    0.0940191    -0.225599   -0.0375949 
DIff1_Matrix_St1      87.00    2608.63        nan         nan        nan         nan     28.3631      0.22832    -0.168756    -0.068293      29.4132       1.1195    -0.203937    -0.404666      29.4268      1.30538   -0.0811003    -0.187644       32.855    0.0911444     -0.23764   -0.0383906 
DIff1_Matrix_St1      88.00    2612.13        nan         nan        nan         nan     28.3616     0.233565     -0.16599   -0.0687168      29.4107      1.05459    -0.207129    -0.387168      29.4272      1.38196   -0.0825908    -0.202303      32.8578    0.0872881    -0.246228   -0.0380949 
DIff1_Matrix_St1      89.00    2615.62        nan         nan        nan         nan     28.3616     0.228885    -0.164835   -0.0668719      29.4098      1.10353     -0.20446    -0.399914      29.4289      1.32278   -0.0821099    -0.192512      32.8591    0.0920216    -0.229918   -0.0375005 
DIff1_Matrix_St1      90.00    2619.12        nan         nan        nan         nan     28.3631      0.22462    -0.169649   -0.0675421      29.4083     0.960138    -0.215597    -0.366903      29.4275      1.46707   -0.0871118    -0.226518      32.8553    0.0914803    -0.238983   -0.0387498 
DIff1_Matrix_St1      91.00    2622.62        nan         nan        nan         nan      28.362     0.235819    -0.160791   -0.0672073      29.4104      1.00098    -0.212429    -0.376892      29.4272      1.42955   -0.0861274     -0.21823      32.8559    0.0907983     -0.23974   -0.0385827 
DIff1_Matrix_St1      92.00    2626.12        nan         nan        nan         nan     28.3601     0.227125     -0.16662    -0.067076      29.4092      1.01675    -0.212493    -0.382941      29.4271      1.40178   -0.0858582    -0.213323      32.8552    0.0908117    -0.229381    -0.036921 
DIff1_Matrix_St1      93.00    2629.62        nan         nan        nan         nan     28.3571     0.229702     -0.16143   -0.0657241      29.4115      1.08542    -0.208094    -0.400343      29.4284      1.35992   -0.0810156     -0.19528      32.8571     0.091908    -0.228845   -0.0372795 
DIff1_Matrix_St1      94.00    2633.12        nan         nan        nan         nan     28.3612     0.234381    -0.164107   -0.0681748      29.4092        1.048    -0.207682    -0.385777      29.4271      1.36926   -0.0846151    -0.205357      32.8595     0.087199    -0.234533   -0.0362485 
DIff1_Matrix_St1      95.00    2636.62        nan         nan        nan         nan      28.364     0.234153    -0.162629   -0.0674954      29.4114      1.03489    -0.209642    -0.384545      29.4265        1.394   -0.0836198    -0.206607      32.8645    0.0912052    -0.223072   -0.0360612 
DIff1_Matrix_St1      96.00    2640.12        nan         nan        nan         nan     28.3595     0.234785    -0.166567   -0.0693162      29.4119      1.06736    -0.206828    -0.391289      29.4278        1.387   -0.0823186    -0.202371      32.8613    0.0920438    -0.228258   -0.0372388 
DIff1_Matrix_St1      97.00    2643.61        nan         nan        nan         nan     28.3547     0.232528    -0.158667   -0.0653936      29.4104      1.05772    -0.207611    -0.389221      29.4285      1.37944   -0.0823024     -0.20123      32.8632    0.0877131    -0.218579   -0.0339819 
DIff1_Matrix_St1      98.00    2647.11        nan         nan        nan         nan     28.3581     0.238828     -0.15919    -0.067387      29.4113      1.14243    -0.201768     -0.40856      29.4291      1.29578   -0.0789072    -0.181227      32.8566    0.0910956    -0.220922   -0.0356706 
DIff1_Matrix_St1      99.00    2650.61        nan         nan        nan         nan     28.3566     0.233589    -0.158287   -0.0655349      29.4105      1.02781    -0.208796    -0.380373      29.4274      1.41151   -0.0835106    -0.208929      32.8591    0.0888411     -0.21903   -0.0344899 
DIff1_Matrix_St1     100.00    2654.11        nan         nan        nan         nan     28.3586     0.230316    -0.159995   -0.0653138      29.4113      1.03841      -0.2094    -0.385407      29.4273      1.42171   -0.0820637    -0.206794      32.8523    0.0880848    -0.229701   -0.0358624 
DIff1_Matrix_St1     101.00    2657.61        nan         nan        nan         nan     28.3579     0.230986     -0.16337   -0.0668855      29.4119      1.07025    -0.207096    -0.392854      29.4275      1.34754   -0.0826893      -0.1975      32.8485    0.0876864     -0.22399   -0.0348125 
DIff1_Matrix_St1     102.00    2661.11        nan         nan        nan         nan     28.3582     0.229667    -0.162447   -0.0661278      29.4119       1.0986    -0.206146     -0.40141      29.4273      1.33774   -0.0791723    -0.187723      32.8491     0.086759    -0.229008   -0.0352161 
DIff1_Matrix_St1     103.00    2664.61        nan         nan        nan         nan     28.3561     0.232343    -0.161011    -0.066307       29.409      1.01729    -0.210709    -0.379931      29.4282      1.40035   -0.0832161    -0.206547      32.8543    0.0845666    -0.238425   -0.0357376 
DIff1_Matrix_St1     104.00    2668.10        nan         nan        nan         nan     28.3543     0.238211    -0.156057   -0.0658902      29.4119      1.05909    -0.206364    -0.387383      29.4274      1.35863   -0.0817571     -0.19688      32.8492    0.0881164    -0.226763   -0.0354164 
DIff1_Matrix_St1     105.00    2671.60        nan         nan        nan         nan     28.3591     0.232872    -0.162707   -0.0671581      29.4102      1.09263    -0.204388    -0.395825      29.4273      1.34257    -0.082328    -0.195911      32.8553    0.0862986    -0.242161   -0.0370409 
DIff1_Matrix_St1     106.00    2675.10        nan         nan        nan         nan     28.3628     0.226417    -0.159514   -0.0640152      29.4112      1.07113    -0.206434     -0.39192      29.4269      1.35551   -0.0819159     -0.19681      32.8441    0.0877174    -0.225118   -0.0350003 
DIff1_Matrix_St1     107.00    2678.60        nan         nan        nan         nan     28.3561     0.232752     -0.16019    -0.066085      29.4092     0.992136    -0.212157    -0.373082      29.4277      1.40896   -0.0871935     -0.21775      32.8464    0.0895351    -0.232747   -0.0369361 
DIff1_Matrix_St1     108.00    2682.10        nan         nan        nan         nan     28.3613     0.223133    -0.163205   -0.0645466      29.4114      1.06049    -0.207109    -0.389298      29.4286      1.35987   -0.0831248    -0.200356       32.849    0.0862936    -0.236832   -0.0362238 
DIff1_Matrix_St1     109.00    2685.60        nan         nan        nan         nan     28.3618     0.229017    -0.159533   -0.0647582       29.411      1.04992    -0.207127     -0.38545       29.427      1.37148   -0.0826968    -0.201026       32.856    0.0853918    -0.238077   -0.0360337 
DIff1_Matrix_St1     110.00    2689.10        nan         nan        nan         nan     28.3603     0.222175    -0.165034   -0.0649898      29.4077     0.949317    -0.215207    -0.362113       29.425      1.46165   -0.0886367    -0.229632      32.8413    0.0865334    -0.235883   -0.0361789 
DIff1_Matrix_St1     111.00    2692.60        nan         nan        nan         nan     28.3588     0.229808    -0.161429   -0.0657536      29.4111      1.02554    -0.209332    -0.380507      29.4265      1.35404   -0.0839955    -0.201587      32.8528     0.085726     -0.22737   -0.0345478 
DIff1_Matrix_St1     112.00    2696.09        nan         nan        nan         nan     28.3544     0.224078    -0.159698    -0.063427      29.4102     0.954859    -0.214423    -0.362899      29.4262      1.44913   -0.0879579    -0.225922      32.8481    0.0816934    -0.237652   -0.0344115 
DIff1_Matrix_St1     113.00    2699.59        nan         nan        nan         nan     28.3603     0.229244    -0.157338   -0.0639302       29.412      1.06562    -0.206895    -0.390777      29.4271      1.36328   -0.0817308    -0.197491      32.8461    0.0872568    -0.243106   -0.0375984 
DIff1_Matrix_St1     114.00    2703.09        nan         nan        nan         nan     28.3616     0.224703    -0.164397   -0.0654753      29.4099     0.932524    -0.217277    -0.359128      29.4266      1.45377    -0.089335    -0.230193      32.8578    0.0860456     -0.22219   -0.0338866 
DIff1_Matrix_St1     115.00    2706.59        nan         nan        nan         nan     28.3596     0.219124    -0.162799   -0.0632292       29.409     0.993077    -0.210703    -0.370876      29.4274      1.40064   -0.0858588    -0.213151      32.8483    0.0833305    -0.231628   -0.0342114 
DIff1_Matrix_St1     116.00    2710.09        nan         nan        nan         nan     28.3568      0.21938    -0.162816   -0.0633094      29.4112     0.985231    -0.212166    -0.370501      29.4252      1.42362   -0.0855523    -0.215875      32.8529    0.0842827    -0.233049   -0.0348145 
DIff1_Matrix_St1     117.00    2713.59        nan         nan        nan         nan     28.3545     0.236682    -0.159907   -0.0670823       29.411      1.13623    -0.199706     -0.40219      29.4292      1.29853   -0.0774993    -0.178372      32.8437    0.0874132     -0.22662   -0.0351115 
DIff1_Matrix_St1     118.00    2717.09        nan         nan        nan         nan     28.3552     0.224825    -0.162471   -0.0647431      29.4096     0.975465     -0.21283    -0.367976      29.4276      1.41526   -0.0867705    -0.217662      32.8572    0.0835388    -0.222752   -0.0329826 
DIff1_Matrix_St1     119.00    2720.59        nan         nan        nan         nan     28.3588     0.233232    -0.155631   -0.0643367      29.4089     0.957503    -0.214089    -0.363337      29.4268      1.45543   -0.0864033    -0.222892      32.8571    0.0809636    -0.252426   -0.0362243 
DIff1_Matrix_St1     120.00    2724.08        nan         nan        nan         nan     28.3568     0.233229    -0.157018   -0.0649094      29.4109      1.06554    -0.206689    -0.390358      29.4272      1.36391    -0.080897    -0.195566      32.8568    0.0796694    -0.241757   -0.0341386 
DIff1_Matrix_St1     121.00    2727.58        nan         nan        nan         nan     28.3572     0.231263    -0.155336   -0.0636725      29.4119      1.07449    -0.204714    -0.389874      29.4262      1.34415   -0.0825047    -0.196562      32.8464    0.0808162    -0.237492   -0.0340191 
DIff1_Matrix_St1     122.00    2731.08        nan         nan        nan         nan       28.36      0.23923    -0.157401    -0.066742      29.4095     0.970602    -0.212056    -0.364811      29.4262      1.43456   -0.0877394    -0.223094      32.8458    0.0845781    -0.231323   -0.0346778 
DIff1_Matrix_St1     123.00    2734.58        nan         nan        nan         nan     28.3591     0.222591    -0.159856   -0.0630684      29.4103      1.01576    -0.208327    -0.375067      29.4267      1.39047   -0.0852775     -0.21017      32.8534    0.0840136    -0.238794   -0.0355588 
DIff1_Matrix_St1     124.00    2738.08        nan         nan        nan         nan     28.3544      0.22893    -0.163129   -0.0661926      29.4094      1.07159    -0.203269    -0.386077      29.4273      1.34109   -0.0816825    -0.194161      32.8553    0.0871995    -0.235417   -0.0363853 
DIff1_Matrix_St1     125.00    2741.58        nan         nan        nan         nan     28.3543     0.227234      -0.1578   -0.0635558      29.4123      1.07773    -0.205974    -0.393457      29.4267      1.35508   -0.0805579    -0.193486      32.8474    0.0880775     -0.22565    -0.035227 
DIff1_Matrix_St1     126.00    2745.08        nan         nan        nan         nan     28.3585     0.225314    -0.157601   -0.0629392      29.4106      1.09139    -0.203348    -0.393364       29.427       1.3336   -0.0806926    -0.190736      32.8552    0.0787285    -0.242956   -0.0339027 
DIff1_Matrix_St1     127.00    2748.58        nan         nan        nan         nan     28.3589     0.224876    -0.164385   -0.0655208      29.4118      0.99781    -0.212656    -0.376098      29.4267      1.42135   -0.0857986    -0.216151      32.8424    0.0821857    -0.243483   -0.0354683 
DIff1_Matrix_St1     128.00    2752.07        nan         nan        nan         nan      28.355     0.226119    -0.159204   -0.0638066      29.4132      1.15789    -0.198843    -0.408085      29.4278       1.2927   -0.0781589    -0.179082      32.8505    0.0804804    -0.260835   -0.0372076 
DIff1_Matrix_St1     129.00    2755.57        nan         nan        nan         nan     28.3561     0.224629    -0.161068   -0.0641283      29.4111      1.06676    -0.204241    -0.386175      29.4263      1.37321   -0.0826462    -0.201157      32.8523    0.0874013    -0.228392   -0.0353813 
DIff1_Matrix_St1     130.00    2759.07        nan         nan        nan         nan     28.3548     0.229182    -0.158523   -0.0643944       29.411      1.02951    -0.206333    -0.376506      29.4251      1.40704   -0.0841468    -0.209855       32.857     0.087614    -0.217625   -0.0337954 
DIff1_Matrix_St1     131.00    2762.57        nan         nan        nan         nan     28.3539     0.231044    -0.157531   -0.0645114      29.4109      1.01341    -0.207218    -0.372208      29.4276      1.42248   -0.0867515    -0.218725      32.8539    0.0864959    -0.234029    -0.035879 
DIff1_Matrix_St1     132.00    2766.07        nan         nan        nan         nan     28.3636     0.220766    -0.160939   -0.0629751      29.4107      1.11526    -0.200829     -0.39699      29.4278      1.35716   -0.0792199    -0.190564      32.8558    0.0832493    -0.235601   -0.0347642 
DIff1_Matrix_St1     133.00    2769.57        nan         nan        nan         nan     28.3557     0.220616    -0.161178   -0.0630257      29.4106      1.10937    -0.202154    -0.397495      29.4282      1.33935   -0.0806952    -0.191565      32.8423    0.0866608    -0.230961   -0.0354762 
DIff1_Matrix_St1     134.00    2773.07        nan         nan        nan         nan     28.3569     0.230778    -0.157444   -0.0644014      29.4083     0.978069    -0.211074    -0.365915      29.4288       1.4509   -0.0864524    -0.222326      32.8407     0.084292      -0.2303   -0.0344077 
DIff1_Matrix_St1     135.00    2776.56        nan         nan        nan         nan     28.3522     0.223269    -0.158321   -0.0626532      29.4116      1.05218    -0.205128    -0.382552      29.4267      1.39596   -0.0818426    -0.202501      32.8455    0.0885368    -0.227351   -0.0356776 
DIff1_Matrix_St1     136.00    2780.06        nan         nan        nan         nan     28.3556     0.230103    -0.158226    -0.064532      29.4111      1.08142    -0.204448    -0.391881      29.4273      1.36387   -0.0823281    -0.199019       32.845    0.0842089    -0.223164   -0.0333086 
DIff1_Matrix_St1     137.00    2783.56        nan         nan        nan         nan     28.3554     0.224805     -0.16112   -0.0641992      29.4083     0.997576     -0.21118    -0.373399      29.4268      1.46336   -0.0853751     -0.22144      32.8551    0.0856566    -0.223045   -0.0338633 
DIff1_Matrix_St1     138.00    2787.06        nan         nan        nan         nan     28.3538     0.227493    -0.160963   -0.0649038      29.4132      1.00383    -0.210165    -0.373932      29.4256      1.41612   -0.0861836    -0.216322      32.8425    0.0850975    -0.239613   -0.0361412 
DIff1_Matrix_St1     139.00    2790.56        nan         nan        nan         nan     28.3541     0.220091    -0.161915   -0.0631632      29.4108         1.03     -0.20819    -0.380077      29.4258      1.40856   -0.0847742    -0.211647      32.8536    0.0867061    -0.239273   -0.0367722 
DIff1_Matrix_St1     140.00    2794.06        nan         nan        nan         nan     28.3544     0.223186     -0.16125   -0.0637883      29.4089       1.0224    -0.208283     -0.37744      29.4274      1.42384   -0.0854387    -0.215621      32.8417    0.0883878    -0.231148   -0.0362125 
DIff1_Matrix_St1     141.00    2797.56        nan         nan        nan         nan     28.3611     0.225706     -0.15665   -0.0626683      29.4112      1.04708    -0.208091    -0.386198      29.4281      1.40732   -0.0833619    -0.207938      32.8553    0.0816467    -0.258514   -0.0374108 
DIff1_Matrix_St1     142.00    2801.06        nan         nan        nan         nan     28.3577     0.224922    -0.158243   -0.0630856      29.4102      1.06141    -0.206655    -0.388779      29.4269      1.39481   -0.0824822    -0.203916      32.8503    0.0859471    -0.230974    -0.035186 
DIff1_Matrix_St1     143.00    2804.55        nan         nan        nan         nan     28.3547     0.232307    -0.159183   -0.0655444      29.4099     0.958664    -0.212785    -0.361562      29.4264      1.47705   -0.0890187    -0.233051      32.8485    0.0842791    -0.239396   -0.0357611 
DIff1_Matrix_St1     144.00    2808.05        nan         nan        nan         nan     28.3549     0.224636    -0.159208   -0.0633899        29.41      1.00733    -0.209844    -0.374667      29.4263      1.44718   -0.0858085    -0.220104      32.8549    0.0799087    -0.245773     -0.03481 
DIff1_Matrix_St1     145.00    2811.55        nan         nan        nan         nan     28.3552     0.225298    -0.163337   -0.0652254      29.4123      1.03437    -0.207835    -0.381039      29.4266      1.42121    -0.084109    -0.211873      32.8466     0.085697    -0.227289   -0.0345239 
DIff1_Matrix_St1     146.00    2815.05        nan         nan        nan         nan     28.3542      0.22681    -0.161547   -0.0649435        29.41      1.07874    -0.205324    -0.392584      29.4272      1.37251    -0.081435    -0.198108      32.8387    0.0853557    -0.230549   -0.0348795 
DIff1_Matrix_St1     147.00    2818.55        nan         nan        nan         nan     28.3574     0.219992    -0.163409   -0.0637172      29.4106      1.02269    -0.208066    -0.377154      29.4268       1.4527   -0.0839594    -0.216183      32.8463    0.0870207    -0.240677   -0.0371221 
DIff1_Matrix_St1     148.00    2822.05        nan         nan        nan         nan     28.3559     0.224528    -0.158755   -0.0631791      29.4117      1.06423    -0.203486    -0.383836       29.427      1.43329    -0.082541    -0.209691      32.8442    0.0800729    -0.250912   -0.0356108 
DIff1_Matrix_St1     149.00    2825.55        nan         nan        nan         nan     28.3524     0.228489     -0.15458   -0.0626028      29.4089     0.954288    -0.214577    -0.362942      29.4264      1.49606   -0.0890308    -0.236083      32.8554    0.0833659    -0.234157   -0.0345996 
DIff1_Matrix_St1     150.00    2829.05        nan         nan        nan         nan     28.3559     0.226478    -0.159539   -0.0640423      29.4108       1.0448    -0.208264    -0.385675      29.4269      1.41809   -0.0834742    -0.209812      32.8543    0.0871073    -0.224766   -0.0347025 
DIff1_Matrix_St1     151.00    2832.54        nan         nan        nan         nan     28.3488     0.222892    -0.159406   -0.0629757      29.4124      1.23105     -0.19516    -0.425833      29.4271      1.25241   -0.0745868     -0.16557      32.8498    0.0890113    -0.245091   -0.0386677 
DIff1_Matrix_St1     152.00    2836.04        nan         nan        nan         nan     28.3543     0.228835    -0.161934   -0.0656803      29.4116     0.991958    -0.211425    -0.371727      29.4264       1.4778   -0.0852149    -0.223207      32.8398    0.0858047     -0.24974   -0.0379817 
DIff1_Matrix_St1     153.00    2839.54        nan         nan        nan         nan     28.3576     0.225368    -0.158906   -0.0634757      29.4105     0.978015    -0.212711    -0.368732      29.4259      1.48741   -0.0861744    -0.227187      32.8489    0.0875772    -0.237047    -0.036796 
DIff1_Matrix_St1     154.00    2843.04        nan         nan        nan         nan     28.3584     0.222964    -0.162586   -0.0642528      29.4081     0.918763    -0.217943    -0.354912      29.4273      1.51312   -0.0905548    -0.242862      32.8412    0.0819322    -0.228214   -0.0331414 
DIff1_Matrix_St1     155.00    2846.54        nan         nan        nan         nan     28.3548     0.227009    -0.160221   -0.0644672      29.4128       1.0656    -0.206403    -0.389839      29.4274      1.38881   -0.0824415    -0.202939      32.8422     0.081417    -0.250118    -0.036094 
DIff1_Matrix_St1     156.00    2850.04        nan         nan        nan         nan     28.3544     0.213793     -0.16844   -0.0638284      29.4111      1.17333    -0.197962    -0.411698       29.426      1.34965   -0.0775746    -0.185574      32.8479    0.0897977    -0.221568   -0.0352653 
DIff1_Matrix_St1     157.00    2853.54        nan         nan        nan         nan     28.3549     0.225868      -0.1595   -0.0638542      29.4092      1.01122     -0.20773    -0.372324      29.4261      1.41909   -0.0871046    -0.219092      32.8562    0.0830148     -0.23795    -0.035012 
DIff1_Matrix_St1     158.00    2857.03        nan         nan        nan         nan     28.3585     0.225505    -0.158912   -0.0635169      29.4118      1.10045    -0.203806    -0.397524      29.4287      1.37963   -0.0805916    -0.197073      32.8426    0.0851368    -0.233717   -0.0352682 
DIff1_Matrix_St1     159.00    2860.53        nan         nan        nan         nan     28.3515     0.230636    -0.151521   -0.0619405      29.4107      1.11059     -0.20217    -0.397966      29.4275      1.36146    -0.079565       -0.192      32.8444    0.0793314    -0.243137   -0.0341878 
DIff1_Matrix_St1     160.00    2864.03        nan         nan        nan         nan     28.3507     0.229718    -0.152724    -0.062184      29.4109      1.06517    -0.204525    -0.386135      29.4277      1.42156   -0.0815522    -0.205483      32.8403    0.0789972    -0.236425    -0.033104 
DIff1_Matrix_St1     161.00    2867.53        nan         nan        nan         nan      28.351     0.217987     -0.16064   -0.0620667      29.4105     0.915181     -0.21984    -0.356606       29.427      1.54617   -0.0877669    -0.240526      32.8392     0.087505    -0.222367   -0.0344888 
DIff1_Matrix_St1     162.00    2871.03        nan         nan        nan         nan     28.3518     0.220005    -0.164224   -0.0640389      29.4116      1.00334    -0.209096    -0.371852      29.4263      1.45476   -0.0853317    -0.220027      32.8437    0.0858619    -0.223127   -0.0339568 
DIff1_Matrix_St1     163.00    2874.53        nan         nan        nan         nan     28.3565     0.223993     -0.16225   -0.0644161      29.4116      1.09935    -0.203424    -0.396381      29.4292      1.37671   -0.0798249    -0.194785      32.8377    0.0817518    -0.242041    -0.035072 
DIff1_Matrix_St1     164.00    2878.03        nan         nan        nan         nan     28.3527      0.22868    -0.156545   -0.0634515      29.4123      1.15528    -0.198608    -0.406685      29.4283      1.30922   -0.0796382    -0.184803        32.83    0.0812759    -0.222329   -0.0320283 
DIff1_Matrix_St1     165.00    2881.53        nan         nan        nan         nan     28.3515     0.226359    -0.156304   -0.0627108      29.4112      1.00741    -0.207601    -0.370689       29.427      1.46027   -0.0849883    -0.219973      32.8429    0.0794654    -0.233895   -0.0329438 
DIff1_Matrix_St1     166.00    2885.02        nan         nan        nan         nan     28.3518     0.226061    -0.159078     -0.06374      29.4116      1.13098    -0.199327    -0.399571      29.4277      1.36924   -0.0808102     -0.19612      32.8425    0.0811723    -0.238147   -0.0342632 
DIff1_Matrix_St1     167.00    2888.52        nan         nan        nan         nan     28.3511     0.220206    -0.165341   -0.0645334      29.4109     0.995244     -0.20861    -0.367993      29.4271      1.48123   -0.0867202    -0.227677       32.849    0.0823409    -0.235088   -0.0343101 
DIff1_Matrix_St1     168.00    2892.02        nan         nan        nan         nan     28.3504     0.217745     -0.16204   -0.0625381      29.4121      1.04826    -0.204994    -0.380876      29.4267       1.4056   -0.0835073    -0.208046      32.8482    0.0829829    -0.246803   -0.0363006 
DIff1_Matrix_St1     169.00    2895.52        nan         nan        nan         nan     28.3527     0.223489    -0.159562   -0.0632063      29.4106      1.04984    -0.206028    -0.383374      29.4263      1.41153   -0.0837059    -0.209422      32.8465    0.0844249    -0.237634   -0.0355594 
DIff1_Matrix_St1     170.00    2899.02        nan         nan        nan         nan     28.3539     0.217089    -0.164874   -0.0634401      29.4135      1.16567    -0.198567    -0.410259      29.4271      1.32218   -0.0773241    -0.181209      32.8361    0.0852477    -0.225247   -0.0340343 
DIff1_Matrix_St1     171.00    2902.52        nan         nan        nan         nan     28.3552      0.22515    -0.160956   -0.0642325      29.4119      1.01345     -0.20952    -0.376359      29.4259      1.43026   -0.0869533    -0.220433       32.844     0.087598    -0.227233   -0.0352809 
DIff1_Matrix_St1     172.00    2906.02        nan         nan        nan         nan     28.3526     0.224768    -0.158425   -0.0631152      29.4122      1.04851    -0.207076    -0.384836      29.4271      1.43053   -0.0842652    -0.213659      32.8522    0.0855039    -0.233665   -0.0354124 
DIff1_Matrix_St1     173.00    2909.52        nan         nan        nan         nan     28.3613     0.225153    -0.162497   -0.0648481      29.4138      1.06382    -0.205729    -0.387917      29.4257      1.37438   -0.0836499    -0.203774      32.8353      0.09013    -0.218645   -0.0349288 
DIff1_Matrix_St1     174.00    2913.01        nan         nan        nan         nan     28.3555     0.214229    -0.155601   -0.0590834       29.408      1.12163    -0.199389    -0.396393       29.429      1.35226   -0.0817381    -0.195912       32.853    0.0836561    -0.238202   -0.0353198 
DIff1_Matrix_St1     175.00    2916.51        nan         nan        nan         nan     28.3536     0.223948    -0.159438   -0.0632869      29.4111      1.06817    -0.204858    -0.387856      29.4269      1.41836   -0.0829453    -0.208522      32.8509    0.0872311    -0.239061    -0.036962 
DIff1_Matrix_St1     176.00    2920.01        nan         nan        nan         nan      28.355     0.215573    -0.162867   -0.0622304      29.4132       1.0226    -0.207554    -0.376195      29.4246      1.42957   -0.0860893    -0.218137      32.8531    0.0844306     -0.24665    -0.036911 
DIff1_Matrix_St1     177.00    2923.51        nan         nan        nan         nan     28.3515     0.220012     -0.16157    -0.063006      29.4104     0.953994    -0.212636    -0.359548      29.4266      1.53316   -0.0884607    -0.240387      32.8383    0.0846101     -0.22946   -0.0344116 
DIff1_Matrix_St1     178.00    2927.01        nan         nan        nan         nan       28.35     0.228491    -0.154904   -0.0627348      29.4096      1.02044    -0.208088    -0.376363      29.4269      1.43979   -0.0842967    -0.215123      32.8549    0.0835294     -0.22165   -0.0328158 
DIff1_Matrix_St1     179.00    2930.51        nan         nan        nan         nan     28.3519     0.220302    -0.158669   -0.0619562      29.4077      0.93966    -0.215983    -0.359721      29.4277      1.50383   -0.0883676    -0.235541      32.8417    0.0846603    -0.233763   -0.0350776 
DIff1_Matrix_St1     180.00    2934.01        nan         nan        nan         nan     28.3518      0.22308    -0.161048   -0.0636782      29.4082     0.947808    -0.214176    -0.359803      29.4276      1.50003   -0.0879024     -0.23371      32.8432    0.0917469    -0.211608   -0.0344111 
DIff1_Matrix_St1     181.00    2937.50        nan         nan        nan         nan     28.3532     0.217482    -0.160705   -0.0619478      29.4096     0.877178    -0.218818    -0.340209      29.4259      1.56302   -0.0911064    -0.252399      32.8506    0.0794331    -0.232355   -0.0327136 
DIff1_Matrix_St1     182.00    2941.00        nan         nan        nan         nan     28.3559     0.218313     -0.16494   -0.0638237        29.41     0.986857    -0.210815    -0.368748      29.4258      1.48036   -0.0865154    -0.227005      32.8486    0.0787275    -0.240906   -0.0336163 
DIff1_Matrix_St1     183.00    2944.50        nan         nan        nan         nan     28.3553     0.222918    -0.158805   -0.0627458      29.4107      1.01515    -0.209097     -0.37623      29.4268      1.45504   -0.0828051    -0.213553      32.8426    0.0805508    -0.224457   -0.0320463 
DIff1_Matrix_St1     184.00    2948.00        nan         nan        nan         nan     28.3501     0.219629    -0.156884   -0.0610721      29.4132      1.06425    -0.202952    -0.382835      29.4267      1.40825   -0.0841601    -0.210068      32.8426    0.0819633    -0.227002    -0.032978 
DIff1_Matrix_St1     185.00    2951.50        nan         nan        nan         nan     28.3483      0.22248    -0.152372   -0.0600857      29.4126      1.17075    -0.197077    -0.408953      29.4281      1.32562   -0.0770456    -0.181026      32.8481    0.0828957     -0.22575   -0.0331692 
DIff1_Matrix_St1     186.00    2955.00        nan         nan        nan         nan     28.3492     0.214397    -0.161631   -0.0614211      29.4109       1.0617    -0.203244    -0.382468      29.4261      1.37711   -0.0849327    -0.207309      32.8463    0.0868584    -0.226084   -0.0348063 
DIff1_Matrix_St1     187.00    2958.50        nan         nan        nan         nan     28.3543     0.223562    -0.150458   -0.0596195      29.4121      1.02282    -0.206409    -0.374198      29.4281      1.42756   -0.0847071    -0.214333      32.8461    0.0830237    -0.227198   -0.0334335 
DIff1_Matrix_St1     188.00    2962.00        nan         nan        nan         nan     28.3547     0.219901    -0.158083   -0.0616149      29.4099     0.919125    -0.214524    -0.349483      29.4263      1.52946   -0.0887216    -0.240516      32.8458    0.0797862    -0.222424   -0.0314546 
DIff1_Matrix_St1     189.00    2965.49        nan         nan        nan         nan     28.3514     0.226125    -0.155591     -0.06236      29.4108      1.01182    -0.208692     -0.37427      29.4276      1.45209   -0.0876358    -0.225554      32.8492    0.0805102    -0.243087   -0.0346887 
DIff1_Matrix_St1     190.00    2968.99        nan         nan        nan         nan     28.3516     0.222095    -0.156905    -0.061766      29.4091     0.954847    -0.213921    -0.362045      29.4273      1.52885   -0.0854949    -0.231676      32.8346    0.0831918    -0.224419   -0.0330914 
DIff1_Matrix_St1     191.00    2972.49        nan         nan        nan         nan     28.3495     0.213256    -0.160522    -0.060675      29.4105     0.987795    -0.209611    -0.366991      29.4256      1.50788   -0.0846239     -0.22617      32.8336    0.0786521    -0.227872    -0.031767 
DIff1_Matrix_St1     192.00    2975.99        nan         nan        nan         nan     28.3502     0.221211    -0.156313   -0.0612882      29.4093      0.87831     -0.21896    -0.340869      29.4264      1.61006   -0.0903161    -0.257741      32.8463    0.0796613    -0.236089   -0.0333349 
DIff1_Matrix_St1     193.00    2979.49        nan         nan        nan         nan     28.3549     0.221059     -0.15982   -0.0626202      29.4095     0.992439    -0.210251    -0.369842       29.428      1.48363   -0.0856666    -0.225274      32.8475    0.0845618      -0.2219   -0.0332587 
DIff1_Matrix_St1     194.00    2982.99        nan         nan        nan         nan       28.35     0.220231    -0.158865   -0.0620128      29.4094      1.07593    -0.201883    -0.384997      29.4282       1.3785   -0.0840928    -0.205467      32.8461    0.0824237    -0.229489   -0.0335266 
DIff1_Matrix_St1     195.00    2986.49        nan         nan        nan         nan     28.3502     0.225075    -0.156653   -0.0624943      29.4105      1.04166    -0.204996    -0.378483      29.4281      1.40364   -0.0845018    -0.210232      32.8338    0.0839748    -0.221946   -0.0330347 
DIff1_Matrix_St1     196.00    2989.99        nan         nan        nan         nan     28.3503     0.219748    -0.155476    -0.060557      29.4104     0.951761    -0.212148    -0.357884      29.4272      1.50998   -0.0887558    -0.237543      32.8448     0.085175    -0.220366   -0.0332684 
DIff1_Matrix_St1     197.00    2993.48        nan         nan        nan         nan     28.3523     0.220307    -0.157034   -0.0613195      29.4086      1.01148    -0.207388    -0.371806      29.4272      1.44432   -0.0845463    -0.216437      32.8395    0.0813232    -0.231819   -0.0334147 
DIff1_Matrix_St1     198.00    2996.98        nan         nan        nan         nan     28.3525     0.213268    -0.160154   -0.0605396      29.4124      1.05916    -0.203628    -0.382273      29.4263      1.37396   -0.0833984    -0.203099      32.8544    0.0829997    -0.221387    -0.032569 
DIff1_Matrix_St1     199.00    3000.48        nan         nan        nan         nan     28.3481     0.221581    -0.155882   -0.0612215      29.4114      1.02926     -0.20572    -0.375299      29.4266      1.42848   -0.0843984     -0.21369      32.8506    0.0853196    -0.228781   -0.0345974 
DIff1_Matrix_St1     200.00    3003.98        nan         nan        nan         nan     28.3509     0.216885    -0.157554   -0.0605666      29.4086     0.928837    -0.213673    -0.351774      29.4277      1.51069   -0.0907212    -0.242918      32.8431    0.0801005    -0.233114   -0.0330962 
DIff1_Matrix_St1     201.00    3007.48        nan         nan        nan         nan     28.3492      0.21651    -0.157579   -0.0604717      29.4097     0.834882    -0.222594    -0.329392       29.426      1.59415    -0.092842     -0.26233      32.8465    0.0846657    -0.232814   -0.0349374 
DIff1_Matrix_St1     202.00    3010.98        nan         nan        nan         nan     28.3519     0.220071    -0.154899   -0.0604209      29.4105      1.04168    -0.205241    -0.378942      29.4265      1.41496   -0.0840212    -0.210721      32.8305    0.0824284    -0.228008   -0.0333121 
DIff1_Matrix_St1     203.00    3014.48        nan         nan        nan         nan     28.3498     0.212458    -0.157332   -0.0592467      29.4095       1.0709    -0.202123    -0.383652      29.4273      1.40961   -0.0827779    -0.206819      32.8414    0.0808887     -0.23659   -0.0339202 
DIff1_Matrix_St1     204.00    3017.98        nan         nan        nan         nan     28.3536     0.219745    -0.157722   -0.0614309       29.409      0.96398     -0.21167    -0.361661      29.4271      1.49177   -0.0870919     -0.23028       32.838    0.0738346    -0.251757    -0.032947 
DIff1_Matrix_St1     205.00    3021.47        nan         nan        nan         nan     28.3511      0.21172    -0.159235   -0.0597551      29.4102     0.999914    -0.210386    -0.372867      29.4261      1.46519   -0.0832915    -0.216306       32.838    0.0831058    -0.233508    -0.034396 
DIff1_Matrix_St1     206.00    3024.97        nan         nan        nan         nan     28.3494     0.211597    -0.157725   -0.0591541      29.4096      0.94515    -0.212323     -0.35569       29.427      1.49093   -0.0885321    -0.233956      32.8367    0.0770536    -0.252296   -0.0344571 
DIff1_Matrix_St1     207.00    3028.47        nan         nan        nan         nan     28.3521     0.215164     -0.15661   -0.0597263      29.4139      1.15336    -0.198001    -0.404769      29.4266      1.33699   -0.0785077    -0.186043      32.8502    0.0774315    -0.235963   -0.0323844 
DIff1_Matrix_St1     208.00    3031.97        nan         nan        nan         nan     28.3522     0.217612    -0.156135   -0.0602225      29.4139      1.14119    -0.197643    -0.399772      29.4263      1.34618   -0.0794676    -0.189612      32.8414     0.082615    -0.225034   -0.0329521 
DIff1_Matrix_St1     209.00    3035.47        nan         nan        nan         nan     28.3554     0.211591    -0.162236   -0.0608441      29.4084      0.86859    -0.221224    -0.340583      29.4264      1.59875    -0.090451    -0.256312      32.8355    0.0773683     -0.24186   -0.0331667 
DIff1_Matrix_St1     210.00    3038.97        nan         nan        nan         nan     28.3528     0.220108    -0.157442    -0.061423      29.4092     0.944663    -0.211599    -0.354296      29.4254      1.49458   -0.0884083    -0.234201      32.8519    0.0820971    -0.227691   -0.0331321 
DIff1_Matrix_St1     211.00    3042.47        nan         nan        nan         nan     28.3542     0.219945    -0.158991   -0.0619816      29.4101     0.969638    -0.210944    -0.362536      29.4277      1.50324   -0.0871653    -0.232245      32.8495    0.0844493    -0.228055   -0.0341359 
DIff1_Matrix_St1     212.00    3045.96        nan         nan        nan         nan     28.3477     0.212406    -0.159905   -0.0602011      29.4098     0.992401    -0.209398    -0.368329      29.4265      1.47753   -0.0849192    -0.222392      32.8376    0.0817358    -0.232867    -0.033736 
DIff1_Matrix_St1     213.00    3049.46        nan         nan        nan         nan     28.3522     0.219518    -0.158088   -0.0615098      29.4106     0.996857    -0.208742    -0.368822      29.4268      1.46294   -0.0846829    -0.219582      32.8402    0.0821302     -0.24214   -0.0352488 
DIff1_Matrix_St1     214.00    3052.96        nan         nan        nan         nan      28.353     0.216029    -0.159021   -0.0608893      29.4087     0.963646    -0.211248    -0.360816      29.4266      1.47998   -0.0876471    -0.229916      32.8392    0.0884255    -0.206399   -0.0323489 
DIff1_Matrix_St1     215.00    3056.46        nan         nan        nan         nan     28.3553     0.217564    -0.159345   -0.0614472        29.41      1.03527    -0.206184    -0.378341      29.4273      1.41914   -0.0833808    -0.209733      32.8381    0.0864902    -0.210108   -0.0322095 
DIff1_Matrix_St1     216.00    3059.96        nan         nan        nan         nan     28.3531     0.212465    -0.157381   -0.0592671      29.4115      1.05441    -0.204168    -0.381569      29.4268      1.38748   -0.0843372    -0.207406      32.8347    0.0837038     -0.23516   -0.0348886 
DIff1_Matrix_St1     217.00    3063.46        nan         nan        nan         nan     28.3494     0.219215    -0.154985   -0.0602192      29.4137      1.14468    -0.197284    -0.400268       29.426       1.3426   -0.0790745    -0.188174      32.8395    0.0780907    -0.228846    -0.031675 
DIff1_Matrix_St1     218.00    3066.96        nan         nan        nan         nan      28.348      0.21269     -0.15953   -0.0601399      29.4106      1.02996    -0.206008     -0.37608      29.4268      1.45784   -0.0844131    -0.218119      32.8304    0.0767602    -0.244962   -0.0333281 
DIff1_Matrix_St1     219.00    3070.46        nan         nan        nan         nan     28.3534     0.218382    -0.156577   -0.0606067      29.4104      1.00985    -0.207483    -0.371378      29.4262      1.46279    -0.082734    -0.214507      32.8393    0.0788496    -0.236274    -0.033021 
DIff1_Matrix_St1     220.00    3073.95        nan         nan        nan         nan     28.3504     0.215115    -0.155905   -0.0594438      29.4103      1.00836    -0.206628    -0.369299      29.4275      1.45887    -0.085693    -0.221583      32.8342    0.0710892    -0.248213   -0.0312754 
DIff1_Matrix_St1     221.00    3077.45        nan         nan        nan         nan     28.3526     0.220252    -0.156489   -0.0610914      29.4098      1.04483    -0.204439    -0.378605      29.4287      1.43157   -0.0825025    -0.209341      32.8476    0.0755118    -0.228559   -0.0305906 
DIff1_Matrix_St1     222.00    3080.95        nan         nan        nan         nan     28.3491     0.212243    -0.159111   -0.0598561      29.4117     0.979103    -0.210201    -0.364786      29.4259      1.50595   -0.0851841    -0.227376       32.839    0.0800016    -0.228412   -0.0323886 
DIff1_Matrix_St1     223.00    3084.45        nan         nan        nan         nan     28.3482     0.222745    -0.147627   -0.0582838       29.411      1.06892    -0.203538    -0.385625      29.4273      1.42103   -0.0806373    -0.203102      32.8363    0.0798653    -0.214035   -0.0302982 
DIff1_Matrix_St1     224.00    3087.95        nan         nan        nan         nan     28.3515     0.216061    -0.157706   -0.0603948      29.4126      1.03559    -0.205335    -0.376899      29.4266      1.43795    -0.084328    -0.214926      32.8359    0.0812361    -0.239585   -0.0344972 
DIff1_Matrix_St1     225.00    3091.45        nan         nan        nan         nan     28.3518     0.220651    -0.155994   -0.0610083       29.412       1.0778    -0.200666    -0.383343      29.4261      1.38167   -0.0838603     -0.20537      32.8499    0.0797428    -0.238569   -0.0337194 
DIff1_Matrix_St1     226.00    3094.95        nan         nan        nan         nan     28.3511     0.213041    -0.157043   -0.0593003      29.4092     0.985001    -0.209705    -0.366117      29.4271      1.51379   -0.0842339    -0.226011      32.8416    0.0799324    -0.238981   -0.0338579 
DIff1_Matrix_St1     227.00    3098.45        nan         nan        nan         nan       28.35     0.217197    -0.155887   -0.0600123      29.4108      0.94274      -0.2113    -0.353074       29.427      1.52661   -0.0872129    -0.235984      32.8453     0.077494    -0.243245   -0.0334108 
DIff1_Matrix_St1     228.00    3101.94        nan         nan        nan         nan     28.3461     0.211217    -0.156428   -0.0585624      29.4121      1.04968    -0.204299    -0.380099      29.4253       1.4193   -0.0825051    -0.207553       32.837     0.071435    -0.247713   -0.0313642 
DIff1_Matrix_St1     229.00    3105.44        nan         nan        nan         nan     28.3492     0.218239    -0.154677   -0.0598316      29.4112      1.01023    -0.207312     -0.37121      29.4257      1.47508   -0.0837733    -0.219026      32.8417    0.0771889    -0.235445   -0.0322122 
DIff1_Matrix_St1     230.00    3108.94        nan         nan        nan         nan     28.3506     0.209747    -0.159818    -0.059415      29.4109      1.10387    -0.199472    -0.390277      29.4263      1.39944   -0.0816095    -0.202428      32.8396    0.0800902    -0.239249   -0.0339629 
DIff1_Matrix_St1     231.00    3112.44        nan         nan        nan         nan     28.3494      0.21948    -0.151967   -0.0591178      29.4128      1.06645    -0.201309    -0.380519      29.4274      1.44036   -0.0814666    -0.207981      32.8348    0.0836921    -0.230682   -0.0342195 
DIff1_Matrix_St1     232.00    3115.94        nan         nan        nan         nan     28.3498     0.214942    -0.158913   -0.0605418      29.4108       1.0753    -0.202392    -0.385744      29.4272       1.4255   -0.0810914    -0.204888      32.8455    0.0806297    -0.224373   -0.0320657 
DIff1_Matrix_St1     233.00    3119.44        nan         nan        nan         nan     28.3515     0.216585    -0.152783   -0.0586514      29.4092      1.05457     -0.20298    -0.379406       29.427      1.42035   -0.0836791    -0.210662      32.8316     0.079963    -0.241059   -0.0341655 
DIff1_Matrix_St1     234.00    3122.94        nan         nan        nan         nan     28.3482      0.22513     -0.14884    -0.059392      29.4113       1.0188     -0.20403    -0.368432      29.4279      1.46492   -0.0837178    -0.217374      32.8458     0.078688    -0.242427   -0.0338115 
DIff1_Matrix_St1     235.00    3126.43        nan         nan        nan         nan      28.352     0.222586    -0.153489   -0.0605549      29.4102       1.0812    -0.200885    -0.384973      29.4278      1.41718   -0.0839874    -0.210967      32.8323    0.0749266    -0.245693    -0.032629 
DIff1_Matrix_St1     236.00    3129.93        nan         nan        nan         nan     28.3472     0.219224    -0.151589   -0.0589023      29.4076      1.07843    -0.201854    -0.385837      29.4282      1.42752   -0.0828083    -0.209523      32.8399    0.0800916    -0.213392   -0.0302929 
DIff1_Matrix_St1     237.00    3133.43        nan         nan        nan         nan     28.3491     0.221846    -0.150139   -0.0590366      29.4104      1.12161    -0.198196    -0.394015      29.4281      1.37379   -0.0812573     -0.19786      32.8466    0.0785117    -0.228718    -0.031828 
DIff1_Matrix_St1     238.00    3136.93        nan         nan        nan         nan     28.3467     0.220451    -0.155551   -0.0607802      29.4125      1.09119    -0.200271    -0.387341      29.4275      1.40564   -0.0815881    -0.203271      32.8546    0.0848466    -0.211521   -0.0318099 
DIff1_Matrix_St1     239.00    3140.43        nan         nan        nan         nan     28.3506     0.219564    -0.150208    -0.058456      29.4113      1.07386    -0.203512    -0.387357      29.4271      1.41939     -0.08235    -0.207177      32.8356    0.0821335    -0.223828   -0.0325844 
DIff1_Matrix_St1     240.00    3143.93        nan         nan        nan         nan     28.3462      0.22363     -0.15275   -0.0605463      29.4112      1.04854    -0.204326    -0.379737      29.4267      1.45572    -0.082607    -0.213142      32.8507    0.0809215    -0.233595   -0.0335045 
DIff1_Matrix_St1     241.00    3147.43        nan         nan        nan         nan     28.3489     0.222992    -0.149691   -0.0591642       29.413      1.09482    -0.200872    -0.389798      29.4278      1.42049   -0.0821909    -0.206936      32.8446    0.0806054    -0.222444   -0.0317804 
DIff1_Matrix_St1     242.00    3150.93        nan         nan        nan         nan     28.3499     0.211072    -0.160937    -0.060209      29.4114     0.996087    -0.210179    -0.371074      29.4266      1.50429    -0.084921    -0.226424      32.8288     0.082783     -0.22942   -0.0336626 
DIff1_Matrix_St1     243.00    3154.42        nan         nan        nan         nan     28.3462     0.219442    -0.154692   -0.0601677      29.4114      1.07518     -0.20244    -0.385793       29.427      1.40882   -0.0834624    -0.208412      32.8312    0.0791721    -0.219293   -0.0307732 
DIff1_Matrix_St1     244.00    3157.92        nan         nan        nan         nan     28.3504     0.215049    -0.155845   -0.0594027      29.4116      1.14032    -0.198126    -0.400445      29.4278      1.37061   -0.0791373    -0.192252      32.8382    0.0787466    -0.239628   -0.0334459 
DIff1_Matrix_St1     245.00    3161.42        nan         nan        nan         nan     28.3499     0.211756    -0.157669   -0.0591773      29.4105     0.940988    -0.212491    -0.354404       29.427      1.54457   -0.0879211    -0.240699       32.836    0.0831198    -0.227609   -0.0335328 
DIff1_Matrix_St1     246.00    3164.92        nan         nan        nan         nan     28.3523     0.215959     -0.16053   -0.0614471      29.4113      1.05674    -0.204205    -0.382483      29.4273      1.43075   -0.0839255     -0.21283      32.8341    0.0790293    -0.231938   -0.0324889 
DIff1_Matrix_St1     247.00    3168.42        nan         nan        nan         nan     28.3529     0.211011    -0.161583   -0.0604334      29.4116      1.07462     -0.20284    -0.386353      29.4267      1.40928   -0.0834692    -0.208497      32.8249    0.0818813    -0.228825   -0.0332096 
DIff1_Matrix_St1     248.00    3171.92        nan         nan        nan         nan     28.3517     0.203611    -0.163154   -0.0588809      29.4122      1.08848    -0.201145    -0.388065      29.4269      1.38725   -0.0832918    -0.204801      32.8435    0.0765172    -0.248298    -0.033675 
DIff1_Matrix_St1     249.00    3175.42        nan         nan        nan         nan     28.3533     0.218337    -0.154168   -0.0596618       29.408       0.8883    -0.218448    -0.343941      29.4273      1.55763   -0.0904892    -0.249826      32.8386    0.0794017      -0.2338   -0.0329041 
DIff1_Matrix_St1     250.00    3178.92        nan         nan        nan         nan     28.3508     0.215138    -0.154868   -0.0590547      29.4124      1.07072    -0.204476    -0.388054      29.4279       1.4218   -0.0816775    -0.205833      32.8376    0.0814939    -0.223618   -0.0323003 
DIff1_Matrix_St1     251.00    3182.41        nan         nan        nan         nan     28.3462     0.221017    -0.149049   -0.0583887      29.4122      1.03608    -0.204189    -0.374971      29.4258      1.42403   -0.0858135    -0.216596      32.8435    0.0782889    -0.230951   -0.0320476 
DIff1_Matrix_St1     252.00    3185.91        nan         nan        nan         nan     28.3501     0.218946    -0.151482   -0.0587859      29.4112      1.19506     -0.19319    -0.409215      29.4287      1.33226   -0.0776022    -0.183247      32.8367    0.0777911    -0.230312   -0.0317556 
DIff1_Matrix_St1     253.00    3189.41        nan         nan        nan         nan     28.3504      0.21623    -0.153304   -0.0587552      29.4124      1.10257    -0.199889    -0.390634      29.4274      1.40875   -0.0811027    -0.202509      32.8354    0.0758383    -0.231924   -0.0311752 
DIff1_Matrix_St1     254.00    3192.91        nan         nan        nan         nan     28.3455      0.21772    -0.149588   -0.0577259        29.41       1.0033    -0.206195    -0.366676      29.4264      1.50473   -0.0857716    -0.228759      32.8383     0.077277    -0.225725   -0.0309176 
DIff1_Matrix_St1     255.00    3196.41        nan         nan        nan         nan     28.3474      0.21613    -0.146797   -0.0562351      29.4129      1.01848    -0.206423    -0.372637      29.4257      1.47537   -0.0850512    -0.222411      32.8463    0.0792104    -0.223796   -0.0314203 
DIff1_Matrix_St1     256.00    3199.91        nan         nan        nan         nan     28.3469      0.21148    -0.155493   -0.0582848      29.4119     0.970277    -0.209812    -0.360829      29.4258      1.51846   -0.0874727    -0.235424      32.8413    0.0771959    -0.235776   -0.0322604 
DIff1_Matrix_St1     257.00    3203.41        nan         nan        nan         nan     28.3507     0.208888    -0.158161   -0.0585581      29.4108      1.11462    -0.198526     -0.39221      29.4267      1.40069     -0.08094    -0.200947      32.8396    0.0760135    -0.241405   -0.0325246 
