DIff1_Matrix_St1       1.00    2305.16        nan         nan        nan         nan     28.3603     0.348803    -0.133045   -0.0822532      29.3913      1.05996     0.173679     0.326296      29.4039         1.64   -0.0667176    -0.193937      32.8754     0.202277    -0.196424    -0.070423 
DIff1_Matrix_St1       2.00    2308.66        nan         nan        nan         nan     28.3482     0.352112    -0.128884   -0.0804367      29.3909      1.13955      0.16651     0.336316      29.4054      1.62099   -0.0641253     -0.18424      32.8598     0.202606    -0.188614   -0.0677334 
DIff1_Matrix_St1       3.00    2312.15        nan         nan        nan         nan     28.3401     0.346603    -0.125178   -0.0769015      29.3906      1.01697     0.173165     0.312135      29.4045      1.80309   -0.0684632    -0.218801      32.8519     0.205537    -0.185659   -0.0676366 
DIff1_Matrix_St1       4.00    2315.65        nan         nan        nan         nan     28.3357     0.342018    -0.124607   -0.0755385      29.3901      1.15485     0.162404      0.33243      29.4053      1.68795   -0.0649188    -0.194224      32.8496     0.190373    -0.192048   -0.0648025 
DIff1_Matrix_St1       5.00    2319.15        nan         nan        nan         nan     28.3333     0.343294    -0.121785   -0.0741027      29.3916      1.02389     0.170174     0.308832      29.4043      1.83979   -0.0685669    -0.223593      32.8372     0.199882    -0.184699   -0.0654353 
DIff1_Matrix_St1       6.00    2322.65        nan         nan        nan         nan     28.3283     0.330116    -0.124194   -0.0726677      29.3913      1.27204     0.155018     0.349509      29.4051      1.68517   -0.0624288    -0.186467      32.8327     0.195206    -0.181451   -0.0627811 
DIff1_Matrix_St1       7.00    2326.15        nan         nan        nan         nan     28.3272     0.323287    -0.120648   -0.0691325      29.3917      1.12298     0.164056     0.326541      29.4051      1.81781   -0.0662052    -0.213312      32.8368     0.181784     -0.18737   -0.0603715 
DIff1_Matrix_St1       8.00    2329.65        nan         nan        nan         nan     28.3274     0.330343    -0.119981   -0.0702511      29.3933      1.25198     0.155931     0.346022      29.4029      1.74716   -0.0628807    -0.194727      32.8336     0.189081    -0.179926   -0.0603001 
DIff1_Matrix_St1       9.00    2333.14        nan         nan        nan         nan     28.3265     0.335572     -0.11655   -0.0693226      29.3909      1.02837     0.169983     0.309833      29.4032      1.98208   -0.0680817    -0.239181      32.8273     0.183807    -0.183169   -0.0596743 
DIff1_Matrix_St1      10.00    2336.64        nan         nan        nan         nan      28.324     0.321933    -0.116239   -0.0663271      29.3891      1.03999     0.166002     0.305998      29.4033        2.012   -0.0682683    -0.243457      32.8267     0.183008    -0.178082   -0.0577652 
DIff1_Matrix_St1      11.00    2340.14        nan         nan        nan         nan     28.3228     0.323907    -0.113099   -0.0649311      29.3921      1.19045     0.157331     0.331971      29.4041      1.86268   -0.0655811    -0.216517      32.8261     0.183696    -0.174172   -0.0567091 
DIff1_Matrix_St1      12.00    2343.64        nan         nan        nan         nan     28.3198     0.324958    -0.112305   -0.0646845       29.393      1.37031     0.147612     0.358521      29.4035      1.71776   -0.0601312    -0.183079      32.8261     0.180277    -0.179181    -0.057254 
DIff1_Matrix_St1      13.00    2347.14        nan         nan        nan         nan      28.322     0.308678    -0.118894    -0.065049      29.3911      1.23057     0.154386     0.336736      29.4032      1.82657   -0.0645171    -0.208875      32.8289     0.184514    -0.177546   -0.0580649 
DIff1_Matrix_St1      14.00    2350.64        nan         nan        nan         nan     28.3173     0.318895    -0.111594   -0.0630762      29.3924       1.0792     0.163188     0.312152      29.4031      2.02271   -0.0663265    -0.237791      32.8272      0.18007    -0.179308    -0.057229 
DIff1_Matrix_St1      15.00    2354.13        nan         nan        nan         nan      28.319     0.315491    -0.111579   -0.0623943      29.3914      1.09986     0.161905     0.315625      29.4026      2.00709   -0.0675424     -0.24028      32.8234     0.182059    -0.179218   -0.0578323 
DIff1_Matrix_St1      16.00    2357.63        nan         nan        nan         nan     28.3181     0.309937    -0.114632   -0.0629731      29.3927      1.32144     0.148629     0.348116      29.4035      1.77909   -0.0619818    -0.195451      32.8208     0.170432    -0.188714   -0.0570074 
DIff1_Matrix_St1      17.00    2361.13        nan         nan        nan         nan      28.318     0.310878    -0.107112   -0.0590205      29.3919     0.973923     0.167848     0.289745      29.4014      2.11989   -0.0707278    -0.265753      32.8241     0.175447    -0.177112    -0.055077 
DIff1_Matrix_St1      18.00    2364.63        nan         nan        nan         nan     28.3159     0.299576    -0.112429   -0.0596982      29.3908      1.08602     0.161556     0.310982      29.4028      2.02477   -0.0682945    -0.245096      32.8211     0.166627    -0.176921   -0.0522515 
DIff1_Matrix_St1      19.00    2368.13        nan         nan        nan         nan     28.3159     0.301435    -0.110757    -0.059175      29.3907      1.10836     0.159327        0.313      29.4026      2.02759   -0.0666771    -0.239625      32.8194     0.173661    -0.171749   -0.0528653 
DIff1_Matrix_St1      20.00    2371.63        nan         nan        nan         nan     28.3167     0.302249    -0.109559   -0.0586934      29.3922      1.44703     0.142252     0.364848      29.4037      1.75063   -0.0598773    -0.185795      32.8175     0.170757    -0.177045   -0.0535841 
DIff1_Matrix_St1      21.00    2375.12        nan         nan        nan         nan     28.3169     0.304666    -0.109164   -0.0589492      29.3932      1.31685     0.148983     0.347734      29.4019       1.9042   -0.0619924    -0.209231      32.8147      0.16805    -0.173598    -0.051708 
DIff1_Matrix_St1      22.00    2378.62        nan         nan        nan         nan     28.3153     0.299343    -0.106539   -0.0565268      29.3912      1.00876     0.165224     0.295417      29.4023      2.14745   -0.0691845    -0.263334      32.8151      0.17072    -0.170908   -0.0517156 
DIff1_Matrix_St1      23.00    2382.12        nan         nan        nan         nan     28.3191     0.293306    -0.109074   -0.0567044      29.3935      1.19898     0.153521     0.326253      29.4026      2.01131    -0.064783    -0.230949      32.8166     0.167498    -0.171712   -0.0509784 
DIff1_Matrix_St1      24.00    2385.62        nan         nan        nan         nan     28.3153     0.289193    -0.108422   -0.0555748      29.3912      1.10096     0.159437     0.311126      29.4029      2.07437   -0.0679727    -0.249917      32.8223     0.162259    -0.176649   -0.0508038 
DIff1_Matrix_St1      25.00    2389.12        nan         nan        nan         nan     28.3133     0.282317     -0.11064   -0.0553636      29.3954      1.55212     0.138145     0.380045      29.4024      1.67896   -0.0567122    -0.168768      32.8199      0.15857    -0.176187   -0.0495188 
DIff1_Matrix_St1      26.00    2392.62        nan         nan        nan         nan      28.316     0.271899    -0.109814   -0.0529222      29.3909       1.3224     0.147457     0.345624      29.4035      1.90787   -0.0618027    -0.208993      32.8168     0.159044    -0.169808   -0.0478683 
DIff1_Matrix_St1      27.00    2396.11        nan         nan        nan         nan     28.3135     0.293071    -0.105835   -0.0549765      29.3929      1.17251     0.154377     0.320829      29.4019      2.05487   -0.0655776    -0.238844      32.8186     0.160891    -0.168741   -0.0481202 
DIff1_Matrix_St1      28.00    2399.61        nan         nan        nan         nan     28.3165      0.28283    -0.106064   -0.0531704      29.3931      1.29234     0.148697     0.340609      29.4018      1.96886   -0.0631197    -0.220269      32.8112     0.164169    -0.172001   -0.0500491 
DIff1_Matrix_St1      29.00    2403.11        nan         nan        nan         nan     28.3167     0.273959    -0.111897   -0.0543351      29.3924      1.28506     0.149103     0.339614      29.4028      1.99013   -0.0625573    -0.220665      32.8115      0.15535    -0.176303   -0.0485453 
DIff1_Matrix_St1      30.00    2406.61        nan         nan        nan         nan     28.3153     0.272696    -0.110444   -0.0533822      29.3937       1.1904     0.153447     0.323762      29.4026      2.03128   -0.0655354     -0.23595      32.8183     0.150106    -0.184578    -0.049108 
DIff1_Matrix_St1      31.00    2410.11        nan         nan        nan         nan     28.3139     0.261278    -0.110016   -0.0509489      29.3921      1.02285     0.162333     0.294302      29.4014      2.23968   -0.0687855     -0.27306      32.8155      0.15603    -0.172003   -0.0475685 
DIff1_Matrix_St1      32.00    2413.60        nan         nan        nan         nan      28.314     0.276315    -0.106041   -0.0519342      29.3919      1.12938     0.156977     0.314232      29.4019      2.14521   -0.0663067    -0.252117      32.8134     0.148003    -0.178513   -0.0468291 
DIff1_Matrix_St1      33.00    2417.10        nan         nan        nan         nan     28.3109     0.271198    -0.107512   -0.0516797      29.3931      1.14367     0.155838       0.3159      29.4014      2.13843   -0.0656846    -0.248963      32.8163     0.146751     -0.18242   -0.0474494 
DIff1_Matrix_St1      34.00    2420.60        nan         nan        nan         nan     28.3134     0.266764     -0.10396    -0.049155      29.3935      1.18093      0.15334     0.320965      29.4011      2.11791   -0.0654242    -0.245596      32.8199     0.144033     -0.17937   -0.0457916 
DIff1_Matrix_St1      35.00    2424.10        nan         nan        nan         nan     28.3138     0.268304     -0.10856   -0.0516263      29.3933      1.15623     0.154517     0.316662      29.4013      2.14305   -0.0656299    -0.249292      32.8156     0.148247    -0.176613   -0.0464072 
DIff1_Matrix_St1      36.00    2427.60        nan         nan        nan         nan     28.3124     0.257178    -0.105339   -0.0480172      29.3935       1.2847     0.148024     0.337062      29.4021      2.03525   -0.0632986    -0.228342      32.8145      0.15019    -0.166991   -0.0444537 
DIff1_Matrix_St1      37.00    2431.10        nan         nan        nan         nan     28.3114     0.246307    -0.109314    -0.047723      29.3937      1.19175     0.152273      0.32165      29.4011      2.13261    -0.065456    -0.247421      32.8106     0.149192    -0.159127   -0.0420787 
DIff1_Matrix_St1      38.00    2434.59        nan         nan        nan         nan     28.3126     0.252079    -0.108844   -0.0486313      29.3936      1.23848     0.149624     0.328448      29.4018      2.09777   -0.0632994     -0.23536       32.813     0.145128    -0.166871   -0.0429248 
DIff1_Matrix_St1      39.00    2438.09        nan         nan        nan         nan     28.3128     0.247346    -0.107322    -0.047051      29.3929      1.22608     0.151221     0.328631      29.4022      2.10148   -0.0656429    -0.244506      32.8138     0.144183    -0.166369   -0.0425169 
DIff1_Matrix_St1      40.00    2441.59        nan         nan        nan         nan     28.3118     0.247249    -0.108181   -0.0474088      29.3915      1.19913     0.152308     0.323717      29.4021      2.13727   -0.0662248    -0.250874      32.8115     0.143099    -0.176263   -0.0447068 
DIff1_Matrix_St1      41.00    2445.09        nan         nan        nan         nan     28.3123     0.248229    -0.105691   -0.0465012       29.393      1.11451     0.155235     0.306653      29.4006      2.25161   -0.0664492     -0.26519      32.8114     0.145287    -0.168299   -0.0433395 
DIff1_Matrix_St1      42.00    2448.59        nan         nan        nan         nan     28.3141     0.245578    -0.101047   -0.0439832      29.3941      1.14878     0.153608     0.312771      29.4006      2.20107   -0.0662813    -0.258583      32.8128     0.140456     -0.17233   -0.0429019 
DIff1_Matrix_St1      43.00    2452.09        nan         nan        nan         nan     28.3153     0.226238    -0.112287   -0.0450266      29.3956      1.24328     0.149036     0.328423      29.4006      2.12761   -0.0640176    -0.241417      32.8151     0.143127    -0.164829   -0.0418148 
DIff1_Matrix_St1      44.00    2455.58        nan         nan        nan         nan     28.3142     0.239412    -0.107257   -0.0455144      29.3916      1.15536     0.153206     0.313739      29.4018      2.15114   -0.0673702    -0.256869      32.8123     0.141882    -0.168435   -0.0423579 
DIff1_Matrix_St1      45.00    2459.08        nan         nan        nan         nan     28.3087     0.237385    -0.106117   -0.0446492      29.3927      1.00476     0.161233     0.287139       29.401      2.35174    -0.068567    -0.285811      32.8116     0.130363    -0.179694   -0.0415206 
DIff1_Matrix_St1      46.00    2462.58        nan         nan        nan         nan     28.3117     0.231316    -0.107415   -0.0440398      29.3926       1.3059     0.146268     0.338561      29.4023      2.09386   -0.0634314    -0.235411      32.8093     0.134931    -0.168188   -0.0402237 
DIff1_Matrix_St1      47.00    2466.08        nan         nan        nan         nan     28.3103      0.23661   -0.0993105   -0.0416489      29.3929      1.23219     0.150501     0.328695      29.4015       2.1306   -0.0655311    -0.247471      32.8169     0.129968    -0.177868   -0.0409739 
DIff1_Matrix_St1      48.00    2469.58        nan         nan        nan         nan     28.3148     0.231338    -0.104439   -0.0428238      29.3932      1.14372     0.153983     0.312154      29.4012      2.26542   -0.0662392    -0.265974      32.8145     0.132418     -0.16847   -0.0395408 
DIff1_Matrix_St1      49.00    2473.08        nan         nan        nan         nan     28.3133     0.212773    -0.112336   -0.0423653      29.3944      1.29412     0.146591     0.336247      29.4015      2.11633   -0.0631845    -0.237011      32.8062     0.131476     -0.16637     -0.03877 
DIff1_Matrix_St1      50.00    2476.57        nan         nan        nan         nan     28.3117     0.218461    -0.103824    -0.040202      29.3945      1.50691     0.138398      0.36965      29.4011      1.95372   -0.0581876    -0.201497      32.8085     0.129999    -0.169376   -0.0390272 
DIff1_Matrix_St1      51.00    2480.07        nan         nan        nan         nan     28.3117       0.2156    -0.105915   -0.0404747      29.3948      1.36486     0.142969     0.345864      29.4022      2.04949   -0.0618867    -0.224811      32.8046     0.130089    -0.166047   -0.0382864 
DIff1_Matrix_St1      52.00    2483.57        nan         nan        nan         nan     28.3127     0.221792    -0.103156   -0.0405522       29.392      0.93361     0.164733     0.272597      29.4014      2.45429   -0.0711626    -0.309566      32.8068     0.127755    -0.173871   -0.0393714 
DIff1_Matrix_St1      53.00    2487.07        nan         nan        nan         nan     28.3143     0.210908    -0.109743   -0.0410245      29.3916      1.05279     0.158993     0.296684      29.4008      2.33734   -0.0684042    -0.283386      32.8135     0.117092    -0.172374   -0.0357746 
DIff1_Matrix_St1      54.00    2490.57        nan         nan        nan         nan     28.3112     0.222066    -0.101526   -0.0399608       29.392      1.27979     0.147438     0.334445      29.4024        2.181   -0.0628394     -0.24292       32.813     0.126426    -0.168264   -0.0377051 
DIff1_Matrix_St1      55.00    2494.07        nan         nan        nan         nan     28.3118     0.208597    -0.108697   -0.0401882      29.3928      1.14192     0.154223     0.312149       29.401      2.30781   -0.0665987    -0.272422      32.8106     0.123478    -0.173034   -0.0378701 
DIff1_Matrix_St1      56.00    2497.56        nan         nan        nan         nan     28.3085     0.212141    -0.103665   -0.0389792      29.3918       1.1941     0.151621     0.320904      29.4018      2.22047   -0.0655622    -0.258032      32.8146     0.123754     -0.16941   -0.0371598 
DIff1_Matrix_St1      57.00    2501.06        nan         nan        nan         nan     28.3108     0.209335     -0.10342   -0.0383726      29.3925      1.17125     0.151618     0.314757      29.4011      2.26794   -0.0662856    -0.266456      32.8083     0.122605     -0.17061   -0.0370754 
DIff1_Matrix_St1      58.00    2504.56        nan         nan        nan         nan     28.3137     0.202088    -0.105478   -0.0377814       29.393       1.2666     0.149012     0.334529       29.401      2.22867   -0.0638037    -0.252038      32.8045     0.111921    -0.177003   -0.0351129 
DIff1_Matrix_St1      59.00    2508.06        nan         nan        nan         nan     28.3111     0.194656    -0.109139   -0.0376548      29.3953      1.17605     0.150496     0.313709       29.401      2.25813   -0.0661105    -0.264603      32.8067     0.111664    -0.174702   -0.0345768 
DIff1_Matrix_St1      60.00    2511.56        nan         nan        nan         nan      28.311     0.201419    -0.102969   -0.0367606       29.392      1.17012     0.150482     0.312099      29.4015      2.28772   -0.0665577    -0.269883      32.8088     0.115487     -0.17128   -0.0350603 
DIff1_Matrix_St1      61.00    2515.06        nan         nan        nan         nan     28.3155     0.197852    -0.105571   -0.0370221       29.393      1.25688     0.148252      0.33027      29.4006      2.25446   -0.0638878    -0.255291         32.8     0.111986    -0.168728   -0.0334909 
DIff1_Matrix_St1      62.00    2518.55        nan         nan        nan         nan     28.3091     0.203664    -0.100742   -0.0363663      29.3925     0.984801     0.163325     0.285086      29.4006      2.43368   -0.0698273    -0.301206      32.8185     0.114846     -0.16441   -0.0334671 
DIff1_Matrix_St1      63.00    2522.05        nan         nan        nan         nan     28.3098     0.180227    -0.110886   -0.0354217      29.3928      1.17258     0.153984     0.320033      29.4005      2.30179   -0.0662338    -0.270222      32.8118     0.106202    -0.178456   -0.0335922 
DIff1_Matrix_St1      64.00    2525.55        nan         nan        nan         nan     28.3074     0.189141    -0.105783   -0.0354632      29.3925      1.09503      0.15609     0.302954         29.4      2.33708   -0.0666661    -0.276155       32.814     0.112292     -0.17183   -0.0341998 
DIff1_Matrix_St1      65.00    2529.05        nan         nan        nan         nan       28.31     0.175986    -0.112166   -0.0349875      29.3929      1.12975     0.154125     0.308624      29.4011       2.3168   -0.0670572    -0.275365      32.8015      0.10814    -0.172019   -0.0329714 
DIff1_Matrix_St1      66.00    2532.55        nan         nan        nan         nan       28.31     0.169683    -0.111798   -0.0336239      29.3932      1.11183     0.156356     0.308125      29.4006      2.34093   -0.0665569    -0.276157      32.8036     0.105224    -0.174591   -0.0325622 
DIff1_Matrix_St1      67.00    2536.04        nan         nan        nan         nan     28.3093     0.180995    -0.103439   -0.0331836      29.3926      1.11718      0.15514       0.3072      29.4006      2.38022   -0.0665679    -0.280838      32.8027     0.101901    -0.172547   -0.0311647 
DIff1_Matrix_St1      68.00    2539.54        nan         nan        nan         nan     28.3122     0.175117    -0.107662   -0.0334167      29.3923      1.13053     0.153813     0.308214      29.4011      2.37031   -0.0666143    -0.279865      32.8075     0.110198    -0.167975    -0.032809 
DIff1_Matrix_St1      69.00    2543.04        nan         nan        nan         nan     28.3131     0.177421    -0.105114   -0.0330553      29.3925      1.09672     0.155045      0.30139      29.4006      2.37085   -0.0679497     -0.28554      32.8078     0.099468    -0.163966   -0.0289076 
DIff1_Matrix_St1      70.00    2546.54        nan         nan        nan         nan      28.313     0.160506    -0.108176   -0.0307748      29.3934      1.04063     0.158324     0.292025      29.3997      2.47064   -0.0672927    -0.294681      32.8112     0.099782    -0.170274   -0.0301145 
DIff1_Matrix_St1      71.00    2550.04        nan         nan        nan         nan     28.3139      0.16637    -0.107225    -0.031619      29.3906     0.941261     0.165022     0.275313      29.4001      2.50332   -0.0706026    -0.313265      32.8081     0.104126    -0.166351   -0.0307015 
DIff1_Matrix_St1      72.00    2553.54        nan         nan        nan         nan     28.3046      0.16511    -0.104851   -0.0306846      29.3918     0.901025     0.167293     0.267171      29.3997      2.57454   -0.0713965      -0.3258      32.7975    0.0923812    -0.185995    -0.030455 
DIff1_Matrix_St1      73.00    2557.03        nan         nan        nan         nan     28.3111     0.167328    -0.103132    -0.030587      29.3946      1.09736     0.156244     0.303898      29.4001      2.37807   -0.0676725    -0.285241      32.8131     0.100963    -0.167471   -0.0299694 
DIff1_Matrix_St1      74.00    2560.53        nan         nan        nan         nan     28.3141     0.162225    -0.107036   -0.0307767      29.3929       1.0849     0.157603     0.303059         29.4      2.38904   -0.0683832    -0.289566       32.803    0.0967487    -0.169434    -0.029055 
DIff1_Matrix_St1      75.00    2564.03        nan         nan        nan         nan      28.309     0.168408    -0.108413   -0.0323608      29.3911     0.930174     0.166574     0.274629      29.4002      2.53078   -0.0709714    -0.318356      32.8011     0.102341    -0.167984   -0.0304714 
DIff1_Matrix_St1      76.00    2567.53        nan         nan        nan         nan     28.3152     0.154867     -0.11001   -0.0301971      29.3917      1.16862     0.152354     0.315573      29.4007      2.31772   -0.0671177    -0.275723      32.8053     0.100323    -0.161131   -0.0286519 
DIff1_Matrix_St1      77.00    2571.03        nan         nan        nan         nan     28.3098     0.153291     -0.11001   -0.0298899      29.3924      1.23402     0.149384     0.326739      29.4002      2.28388   -0.0657612    -0.266206      32.7996    0.0920028    -0.180959   -0.0295092 
DIff1_Matrix_St1      78.00    2574.53        nan         nan        nan         nan     28.3085     0.146833    -0.111204   -0.0289412      29.3946      1.26635      0.14735     0.330735      29.3993      2.26017   -0.0650867     -0.26074      32.8044     0.091946    -0.170264    -0.027748 
DIff1_Matrix_St1      79.00    2578.02        nan         nan        nan         nan     28.3091     0.159332    -0.101342   -0.0286199      29.3932     0.991249     0.161811     0.284293         29.4      2.54296   -0.0694936    -0.313227      32.8153    0.0939757    -0.171288   -0.0285311 
DIff1_Matrix_St1      80.00    2581.52        nan         nan        nan         nan     28.3126     0.143186    -0.111137   -0.0282055      29.3922      1.09349      0.15519     0.300785      29.4004       2.3843   -0.0685901    -0.289866       32.804    0.0850079     -0.17962   -0.0270638 
DIff1_Matrix_St1      81.00    2585.02        nan         nan        nan         nan     28.3137     0.150191    -0.105856   -0.0281797      29.3958      1.13434     0.154505     0.310641      29.3992      2.45981   -0.0666367    -0.290529      32.8068    0.0865504    -0.176007   -0.0270007 
DIff1_Matrix_St1      82.00    2588.52        nan         nan        nan         nan     28.3112     0.144131    -0.102116   -0.0260872      29.3922      1.09048     0.157255     0.303947      29.4005      2.48253   -0.0672421    -0.295876      32.8075    0.0804651    -0.184242   -0.0262767 
DIff1_Matrix_St1      83.00    2592.02        nan         nan        nan         nan     28.3177     0.136245    -0.118317   -0.0285721      29.3931      1.13179      0.15442     0.309773      29.4007      2.39807   -0.0672444     -0.28582      32.8053    0.0808913    -0.178001    -0.025521 
DIff1_Matrix_St1      84.00    2595.52        nan         nan        nan         nan     28.3124     0.138164    -0.113606   -0.0278209      29.3936       1.1581     0.151675      0.31134      29.3998      2.40215   -0.0672007    -0.286121      32.7973    0.0853113    -0.165392   -0.0250091 
DIff1_Matrix_St1      85.00    2599.01        nan         nan        nan         nan     28.3068      0.13524    -0.114266   -0.0273903      29.3914     0.761315     0.177968     0.240149      29.3996      2.73058   -0.0752751    -0.364318      32.8169    0.0847964    -0.163904   -0.0246344 
DIff1_Matrix_St1      86.00    2602.51        nan         nan        nan         nan      28.313     0.141092    -0.104568   -0.0261503      29.3912      0.99971     0.161908     0.286891      29.4007      2.56105    -0.069641    -0.316124      32.8066     0.080887     -0.16822   -0.0241174 
DIff1_Matrix_St1      87.00    2606.01        nan         nan        nan         nan     28.3085     0.140522    -0.100609   -0.0250585      29.3929       1.1234     0.153985      0.30661      29.4007      2.45618    -0.068335    -0.297494      32.8068    0.0811862    -0.181817   -0.0261633 
DIff1_Matrix_St1      88.00    2609.51        nan         nan        nan         nan     28.3126     0.137966    -0.113127    -0.027664      29.3939      1.15812     0.155506     0.319208      29.4006      2.44926   -0.0660552    -0.286759      32.8015    0.0844661    -0.180902   -0.0270832 
DIff1_Matrix_St1      89.00    2613.01        nan         nan        nan         nan     28.3061     0.126838    -0.105889   -0.0238053      29.3928      1.11549     0.154269     0.305015      29.4005      2.46065   -0.0684159    -0.298388      32.8072    0.0860541    -0.158859   -0.0242303 
DIff1_Matrix_St1      90.00    2616.51        nan         nan        nan         nan     28.3181     0.124667    -0.114012   -0.0251928      29.3912      1.16659      0.15309     0.316546      29.4014      2.40855   -0.0667836    -0.285102      32.7973    0.0777143    -0.181132   -0.0249501 
DIff1_Matrix_St1      91.00    2620.00        nan         nan        nan         nan     28.3133     0.122261    -0.117613    -0.025487      29.3938       1.1442     0.152829     0.309942      29.3999      2.44034   -0.0682216    -0.295084      32.7981    0.0795207    -0.176454   -0.0248707 
DIff1_Matrix_St1      92.00    2623.50        nan         nan        nan         nan     28.3119     0.115873    -0.111853   -0.0229723      29.3942     0.841939     0.171027     0.255223      29.3993      2.76363   -0.0724856    -0.355064      32.8078    0.0831854    -0.161522   -0.0238152 
DIff1_Matrix_St1      93.00    2627.00        nan         nan        nan         nan     28.3138     0.114874    -0.115156   -0.0234466      29.3925      1.16908     0.151973      0.31491      29.4009      2.44776   -0.0674152    -0.292484      32.7944    0.0784502    -0.168049   -0.0233671 
DIff1_Matrix_St1      94.00    2630.50        nan         nan        nan         nan     28.3102     0.121001    -0.104075   -0.0223207      29.3927     0.949632     0.163627     0.275414      29.4003      2.63302    -0.070937    -0.331056       32.814    0.0760009    -0.165241   -0.0222593 
DIff1_Matrix_St1      95.00    2634.00        nan         nan        nan         nan     28.3106     0.113095    -0.115284   -0.0231094      29.3914      1.00788     0.161599     0.288683      29.4008      2.62049   -0.0693325    -0.322028      32.8042    0.0786118    -0.165627   -0.0230778 
DIff1_Matrix_St1      96.00    2637.49        nan         nan        nan         nan     28.3091     0.121062    -0.104741    -0.022475      29.3931     0.935115     0.163267     0.270606      29.3993      2.65674   -0.0713986    -0.336213      32.8076     0.076831    -0.156989   -0.0213786 
DIff1_Matrix_St1      97.00    2640.99        nan         nan        nan         nan     28.3099     0.115408    -0.111872   -0.0228841      29.3906     0.901727      0.16683      0.26664      29.4001      2.72574   -0.0708996    -0.342534      32.8079    0.0717269    -0.175305    -0.022287 
DIff1_Matrix_St1      98.00    2644.49        nan         nan        nan         nan     28.3085     0.120606   -0.0999956   -0.0213759      29.3924      1.14811     0.153108     0.311571      29.4001      2.47701   -0.0669748    -0.294045      32.8032    0.0698067    -0.175288   -0.0216882 
DIff1_Matrix_St1      99.00    2647.99        nan         nan        nan         nan     28.3123     0.114215    -0.104031   -0.0210602      29.3929      1.09795     0.155165     0.301961      29.3999      2.51925   -0.0684202    -0.305514      32.8071    0.0692491    -0.163668   -0.0200887 
DIff1_Matrix_St1     100.00    2651.49        nan         nan        nan         nan       28.31     0.109486    -0.101066   -0.0196127      29.3932      1.17481     0.151681     0.315845      29.4007      2.40564   -0.0674296    -0.287512      32.7928    0.0716233    -0.169426   -0.0215084 
DIff1_Matrix_St1     101.00    2654.99        nan         nan        nan         nan     28.3101     0.111205    -0.106973   -0.0210849      29.3925     0.888975     0.169753     0.267474      29.3992      2.75438   -0.0713685    -0.348422      32.8064    0.0695774    -0.171968   -0.0212075 
DIff1_Matrix_St1     102.00    2658.48        nan         nan        nan         nan     28.3135     0.116695    -0.105499   -0.0218212      29.3929     0.989734     0.160712      0.28193      29.4006      2.63857   -0.0703662    -0.329084      32.8052    0.0617083    -0.179228    -0.019603 
DIff1_Matrix_St1     103.00    2661.98        nan         nan        nan         nan     28.3137     0.107301    -0.109337   -0.0207943      29.3943        0.981     0.162196     0.282023       29.399      2.63914   -0.0701887    -0.328325      32.8016    0.0652591    -0.166849   -0.0192992 
DIff1_Matrix_St1     104.00    2665.48        nan         nan        nan         nan     28.3117     0.109318    -0.102101    -0.019783      29.3923      1.09476     0.155876     0.302462      29.4005      2.56717   -0.0678549    -0.308753      32.8061    0.0600881    -0.182946   -0.0194844 
DIff1_Matrix_St1     105.00    2668.98        nan         nan        nan         nan     28.3093    0.0984521    -0.108025   -0.0188506       29.394      1.17836     0.152191     0.317863      29.4001      2.47672   -0.0660682    -0.290031      32.8019    0.0645727    -0.178759   -0.0204593 
DIff1_Matrix_St1     106.00    2672.48        nan         nan        nan         nan     28.3106    0.0976818    -0.108355   -0.0187601      29.3928      1.22466     0.148274     0.321852      29.4006      2.44573   -0.0659847     -0.28604      32.8031    0.0622108    -0.179446   -0.0197867 
DIff1_Matrix_St1     107.00    2675.98        nan         nan        nan         nan     28.3077    0.0898352    -0.108201   -0.0172287      29.3929      1.17498     0.151606     0.315735      29.4005      2.55334   -0.0667922     -0.30228      32.7982    0.0610803    -0.173344   -0.0187666 
DIff1_Matrix_St1     108.00    2679.47        nan         nan        nan         nan     28.3155    0.0929285    -0.120338   -0.0198211      29.3945      1.00289     0.160596     0.285472      29.3993       2.6532   -0.0697451    -0.327988      32.7937    0.0551204    -0.189791   -0.0185422 
DIff1_Matrix_St1     109.00    2682.97        nan         nan        nan         nan     28.3132    0.0950733      -0.1101   -0.0185533      29.3949      1.03101        0.159     0.290559      29.3995       2.6157   -0.0693795    -0.321658      32.7986    0.0574209     -0.16169   -0.0164561 
DIff1_Matrix_St1     110.00    2686.47        nan         nan        nan         nan      28.319    0.0957453     -0.11265   -0.0191172      29.3918      1.01795     0.160267     0.289164      29.3999      2.69096   -0.0690529    -0.329355      32.7987    0.0562715    -0.171626   -0.0171177 
DIff1_Matrix_St1     111.00    2689.97        nan         nan        nan         nan     28.3113    0.0885784    -0.110789    -0.017394      29.3939      1.00286     0.160912     0.286025      29.3998       2.6957   -0.0702118    -0.335473      32.7968    0.0629321    -0.136529    -0.015229 
DIff1_Matrix_St1     112.00    2693.47        nan         nan        nan         nan     28.3097    0.0966478   -0.0964273   -0.0165183      29.3929      1.12883     0.155979     0.312081      29.3997      2.58367   -0.0668625    -0.306193      32.7943    0.0606983    -0.185369   -0.0199429 
DIff1_Matrix_St1     113.00    2696.97        nan         nan        nan         nan     28.3169    0.0882986    -0.113467   -0.0177582      29.3938      1.24813     0.149068     0.329776      29.3997      2.47342   -0.0657646    -0.288313      32.8113    0.0594526    -0.153998   -0.0162278 
DIff1_Matrix_St1     114.00    2700.46        nan         nan        nan         nan     28.3144    0.0904528    -0.104525   -0.0167578      29.3927      1.18235     0.151389     0.317261      29.4009      2.54227   -0.0661162    -0.297924      32.7995    0.0581249     -0.18448   -0.0190058 
DIff1_Matrix_St1     115.00    2703.96        nan         nan        nan         nan     28.3202    0.0819703    -0.117474   -0.0170676      29.3947      1.18541     0.151111     0.317497      29.4001      2.56857   -0.0656632    -0.298943      32.8083     0.060221    -0.181955   -0.0194217 
DIff1_Matrix_St1     116.00    2707.46        nan         nan        nan         nan     28.3119    0.0825611    -0.111042   -0.0162494      29.3932      1.01729     0.160082     0.288643      29.3998      2.66204   -0.0685057    -0.323234      32.8066    0.0538916    -0.176657   -0.0168744 
DIff1_Matrix_St1     117.00    2710.96        nan         nan        nan         nan     28.3211    0.0741105    -0.122344   -0.0160708      29.3916      1.07049     0.156249     0.296467      29.4007      2.64842   -0.0679275    -0.318866       32.802    0.0552785    -0.166024   -0.0162668 
DIff1_Matrix_St1     118.00    2714.46        nan         nan        nan         nan     28.3177    0.0782783     -0.11637   -0.0161457      29.3934      1.07276     0.155544     0.295753      29.4004      2.64617   -0.0688864    -0.323092      32.8145     0.053289     -0.17553   -0.0165792 
DIff1_Matrix_St1     119.00    2717.96        nan         nan        nan         nan     28.3144    0.0860549    -0.107535   -0.0164022      29.3947      1.16619     0.152469     0.315157      29.3997      2.59616   -0.0658722    -0.303116      32.8016    0.0491222    -0.195373   -0.0170105 
DIff1_Matrix_St1     120.00    2721.45        nan         nan        nan         nan     28.3152    0.0746693    -0.114884   -0.0152047      29.3927      1.18187     0.150379     0.315016      29.4002      2.57805   -0.0669525    -0.305938      32.8044     0.052999    -0.156375   -0.0146896 
DIff1_Matrix_St1     121.00    2724.95        nan         nan        nan         nan     28.3175    0.0698693    -0.114171    -0.014139      29.3947      1.13599     0.152895     0.307853      29.3998      2.57795    -0.066853    -0.305471      32.8074    0.0513882    -0.151938    -0.013839 
DIff1_Matrix_St1     122.00    2728.45        nan         nan        nan         nan     28.3154    0.0765731    -0.112017   -0.0152032      29.3917      1.12342     0.152702     0.304061      29.4007      2.58999   -0.0674246    -0.309522      32.8092    0.0492487    -0.169234   -0.0147726 
DIff1_Matrix_St1     123.00    2731.95        nan         nan        nan         nan     28.3176    0.0700166    -0.114892   -0.0142582      29.3938      1.17091     0.150581     0.312513      29.3998      2.55246   -0.0668808    -0.302576       32.789    0.0508406    -0.177323    -0.015979 
DIff1_Matrix_St1     124.00    2735.45        nan         nan        nan         nan     28.3135    0.0731277    -0.108502   -0.0140636       29.392      0.93009     0.164845     0.271754       29.401      2.80905   -0.0706337    -0.351678      32.7985    0.0518837    -0.158303   -0.0145578 
DIff1_Matrix_St1     125.00    2738.95        nan         nan        nan         nan      28.319    0.0693916    -0.108099   -0.0132955      29.3902     0.956496     0.163132     0.276564      29.4006      2.76602   -0.0699498    -0.342939      32.7906    0.0506766    -0.165331   -0.0148504 
DIff1_Matrix_St1     126.00    2742.44        nan         nan        nan         nan     28.3164    0.0709197    -0.112454   -0.0141357      29.3914      1.11008     0.154417     0.303826       29.401      2.64296   -0.0678579    -0.317883      32.8012    0.0479999    -0.195862   -0.0166635 
DIff1_Matrix_St1     127.00    2745.94        nan         nan        nan         nan     28.3206    0.0633808    -0.103591   -0.0116373      29.3952       1.0083     0.159757     0.285512      29.3992      2.73267    -0.069519    -0.336718      32.8004    0.0487707    -0.151123   -0.0130636 
DIff1_Matrix_St1     128.00    2749.44        nan         nan        nan         nan     28.3238    0.0669685     -0.11886   -0.0141085      29.3934      1.06918      0.15707     0.297659      29.4006      2.71345    -0.067045     -0.32245      32.7877    0.0425699    -0.185719   -0.0140131 
DIff1_Matrix_St1     129.00    2752.94        nan         nan        nan         nan     28.3277    0.0583947    -0.127731   -0.0132204      29.3921     0.909898     0.164234     0.264869      29.4002      2.82002   -0.0704232       -0.352      32.7892    0.0392841     -0.18439   -0.0128389 
DIff1_Matrix_St1     130.00    2756.44        nan         nan        nan         nan     28.3241    0.0587455    -0.131701   -0.0137132      29.3909      1.14929     0.151092     0.307783      29.4013       2.6085   -0.0676803    -0.312917      32.7966    0.0428917    -0.177469   -0.0134918 
DIff1_Matrix_St1     131.00    2759.93        nan         nan        nan         nan     28.3259    0.0659479    -0.110323   -0.0128956      29.3932      1.24782     0.147199     0.325559      29.4012      2.56866   -0.0645995    -0.294111      32.7775    0.0461566    -0.173804    -0.014219 
DIff1_Matrix_St1     132.00    2763.43        nan         nan        nan         nan     28.3265    0.0583131    -0.123514    -0.012766      29.3933      1.01138     0.158896     0.284841      29.4001      2.74769   -0.0691552    -0.336797      32.7963    0.0460225    -0.172252   -0.0140511 
DIff1_Matrix_St1     133.00    2766.93        nan         nan        nan         nan     28.3266     0.059652    -0.118401   -0.0125186      29.3933       1.0641     0.155476     0.293239      29.3998      2.70768    -0.068391    -0.328224      32.7862    0.0410278    -0.189562   -0.0137849 
DIff1_Matrix_St1     134.00    2770.43        nan         nan        nan         nan     28.3186    0.0590237    -0.113459   -0.0118698      29.3921     0.891737      0.16663     0.263368      29.3995       2.8453   -0.0714908     -0.36054      32.7911     0.042365    -0.183301   -0.0137641 
DIff1_Matrix_St1     135.00    2773.93        nan         nan        nan         nan     28.3264    0.0603632    -0.099775    -0.010675      29.3928      1.05815     0.157183     0.294799      29.4001      2.71097   -0.0686921    -0.330071       32.809     0.040719    -0.189124   -0.0136496 
DIff1_Matrix_St1     136.00    2777.43        nan         nan        nan         nan     28.3098    0.0498445    -0.126081   -0.0111389      29.3946      1.03382     0.156784      0.28729      29.4006      2.71461   -0.0693243    -0.333556      32.7798    0.0437101    -0.163895   -0.0126976 
DIff1_Matrix_St1     137.00    2780.92        nan         nan        nan         nan     28.3245    0.0589433    -0.115544   -0.0120714      29.3912      1.00245     0.159804     0.283937      29.3999      2.73485   -0.0699526    -0.339087      32.7949    0.0368599    -0.237412   -0.0155107 
DIff1_Matrix_St1     138.00    2784.42        nan         nan        nan         nan     28.3252    0.0488459    -0.128854   -0.0111558      29.3942      1.25531     0.147747     0.328733      29.3996       2.5428   -0.0649302     -0.29264      32.7866    0.0309682    -0.243645   -0.0133736 
DIff1_Matrix_St1     139.00    2787.92        nan         nan        nan         nan     28.3303    0.0507562    -0.129568   -0.0116563      29.3923      1.05557     0.156099     0.292053      29.3999      2.74669   -0.0686375    -0.334153      32.7919    0.0383449    -0.168295   -0.0114381 
DIff1_Matrix_St1     140.00    2791.42        nan         nan        nan         nan     28.3278    0.0570889    -0.108654   -0.0109944      29.3927      1.23151     0.149037     0.325317      29.4012      2.53498   -0.0663166    -0.297969      32.8132    0.0344483    -0.192406   -0.0117479 
DIff1_Matrix_St1     141.00    2794.92        nan         nan        nan         nan     28.3417    0.0449994    -0.133136   -0.0106188      29.3907     0.959693     0.161411     0.274561      29.4001      2.82179    -0.070209    -0.351149      32.7835      0.03368    -0.166503  -0.00993957 
DIff1_Matrix_St1     142.00    2798.42        nan         nan        nan         nan     28.3194    0.0453226    -0.135296   -0.0108686      29.3925     0.933457      0.16366     0.270777      29.3998      2.82824   -0.0707823    -0.354827      32.8026    0.0384582    -0.169491   -0.0115534 
DIff1_Matrix_St1     143.00    2801.91        nan         nan        nan         nan     28.3242    0.0450755    -0.139491   -0.0111446      29.3913     0.972859     0.161106     0.277803      29.4002      2.78817   -0.0694633    -0.343281      32.7944    0.0364353    -0.183837   -0.0118722 
DIff1_Matrix_St1     144.00    2805.41        nan         nan        nan         nan     28.3205     0.052579    -0.106139  -0.00989154       29.391     0.872446     0.168168      0.26005      29.3999      2.93564   -0.0710399    -0.369641       32.775    0.0295986    -0.208514   -0.0109391 
DIff1_Matrix_St1     145.00    2808.91        nan         nan        nan         nan      28.319     0.050312     -0.12076   -0.0107688      29.3908     0.873351     0.169889     0.262983         29.4      2.96311    -0.070259    -0.368999      32.7963    0.0289187     -0.21985   -0.0112689 
DIff1_Matrix_St1     146.00    2812.41        nan         nan        nan         nan      28.313    0.0538351    -0.105848      -0.0101      29.3919     0.917542     0.165743     0.269548      29.4004      2.92949   -0.0696956    -0.361886      32.7736    0.0318205    -0.213889   -0.0120634 
DIff1_Matrix_St1     147.00    2815.91        nan         nan        nan         nan     28.3235    0.0449714    -0.122684  -0.00977912      29.3921      1.06288     0.156098     0.294074      29.3998      2.75293   -0.0676335    -0.330014      32.7947    0.0371583      -0.1831   -0.0120592 
DIff1_Matrix_St1     148.00    2819.41        nan         nan        nan         nan     28.3176    0.0496477   -0.0925169  -0.00814133      29.3929      1.08987     0.153723     0.296953      29.4006      2.69571   -0.0688693    -0.329059      32.7974    0.0323295    -0.184828   -0.0105911 
DIff1_Matrix_St1     149.00    2822.90        nan         nan        nan         nan     28.3245    0.0437225    -0.115893  -0.00898125      29.3941     0.931008     0.163326     0.269515      29.4005       2.8885   -0.0702358    -0.359589      32.7894    0.0288464    -0.216258    -0.011057 
DIff1_Matrix_St1     150.00    2826.40        nan         nan        nan         nan     28.3358    0.0472819    -0.119759   -0.0100364      29.3946     0.980632     0.160949     0.279749      29.3997      2.85562   -0.0682105    -0.345244      32.7996    0.0393951    -0.146447   -0.0102258 
DIff1_Matrix_St1     151.00    2829.90        nan         nan        nan         nan     28.3323    0.0440823    -0.116452  -0.00909884      29.3908     0.874507     0.166533     0.258129      29.4007      2.96362   -0.0716807     -0.37653      32.7948    0.0310066    -0.207587   -0.0114085 
DIff1_Matrix_St1     152.00    2833.40        nan         nan        nan         nan     28.3375    0.0436709     -0.11542  -0.00893404      29.3922       1.0172     0.158321     0.285443      29.4004      2.79923   -0.0682291    -0.338519      32.7784    0.0344916    -0.182004   -0.0111268 
DIff1_Matrix_St1     153.00    2836.90        nan         nan        nan         nan     28.3373    0.0371059    -0.132678  -0.00872606       29.393     0.984811     0.160424     0.280025      29.4009      2.85309    -0.069251      -0.3502      32.7938    0.0318832    -0.161982  -0.00915386 
DIff1_Matrix_St1     154.00    2840.40        nan         nan        nan         nan     28.3268    0.0405993    -0.105164  -0.00756765      29.3915      1.01201     0.157971     0.283359      29.4002      2.84927   -0.0689347    -0.348134      32.8056    0.0292831    -0.165366  -0.00858299 
DIff1_Matrix_St1     155.00    2843.89        nan         nan        nan         nan     28.3425    0.0413724    -0.121218  -0.00888901      29.3924      0.95873     0.162374     0.275923      29.3996      2.89153   -0.0693572    -0.355463      32.8101    0.0293785    -0.168692  -0.00878414 
DIff1_Matrix_St1     156.00    2847.39        nan         nan        nan         nan     28.3382    0.0405212    -0.134163  -0.00963583      29.3934      0.80584     0.171415     0.244834      29.4003      3.02367   -0.0722383    -0.387148      32.7967    0.0357753    -0.179203   -0.0113632 
DIff1_Matrix_St1     157.00    2850.89        nan         nan        nan         nan     28.3416    0.0382061    -0.131733  -0.00892076      29.3941     0.853928     0.167482     0.253493         29.4      3.00648   -0.0719397    -0.383356       32.779    0.0259341    -0.192424  -0.00884514 
DIff1_Matrix_St1     158.00    2854.39        nan         nan        nan         nan     28.3342    0.0349318    -0.122991  -0.00761496      29.3911     0.826231     0.170128     0.249145      29.4003      2.97513   -0.0722498    -0.380993      32.7901    0.0228774    -0.174338  -0.00706924 
DIff1_Matrix_St1     159.00    2857.89        nan         nan        nan         nan     28.3277    0.0319754    -0.110747  -0.00627658      29.3925     0.832773     0.173161     0.255595      29.3999      3.00766   -0.0722127    -0.384962      32.7844    0.0270533    -0.173111  -0.00830081 
DIff1_Matrix_St1     160.00    2861.38        nan         nan        nan         nan     28.3415    0.0379062    -0.105433  -0.00708373       29.393     0.826337     0.171105     0.250608      29.4004      3.03239   -0.0718292    -0.386066      32.7885    0.0313355    -0.182932   -0.0101602 
DIff1_Matrix_St1     161.00    2864.88        nan         nan        nan         nan      28.331    0.0346128    -0.131892  -0.00809152      29.3925      0.95876     0.161134     0.273824      29.4002      2.90618   -0.0694478     -0.35773      32.8057    0.0316383    -0.180273   -0.0101093 
DIff1_Matrix_St1     162.00    2868.38        nan         nan        nan         nan     28.3441    0.0284592    -0.153548  -0.00774534      29.3918      0.81421     0.170729     0.246388      29.4002      3.02805   -0.0724064    -0.388611      32.7573    0.0255811    -0.233447   -0.0105848 
DIff1_Matrix_St1     163.00    2871.88        nan         nan        nan         nan     28.3512    0.0323153    -0.153191  -0.00877438      29.3897     0.865079     0.167114     0.256238      29.4011      2.97449   -0.0719156     -0.37915      32.8123    0.0241658    -0.226021  -0.00968111 
DIff1_Matrix_St1     164.00    2875.38        nan         nan        nan         nan     28.3457    0.0331637    -0.132628  -0.00779602      29.3926     0.929869     0.163374     0.269266      29.4005      2.94106   -0.0699939    -0.364871      32.8068    0.0265566    -0.201966  -0.00950662 
DIff1_Matrix_St1     165.00    2878.88        nan         nan        nan         nan      28.364    0.0367617    -0.123215   -0.0080285      29.3916     0.843753     0.167171     0.250006      29.4004      3.03446   -0.0708614    -0.381124      32.7986    0.0242926    -0.158697   -0.0068331 
DIff1_Matrix_St1     166.00    2882.37        nan         nan        nan         nan     28.3178    0.0369906   -0.0848729  -0.00556461      29.3904     0.824498     0.171833     0.251115      29.4005      3.05694   -0.0714493    -0.387133      32.7919    0.0226372    -0.174864  -0.00701616 
DIff1_Matrix_St1     167.00    2885.87        nan         nan        nan         nan     28.3262    0.0352967   -0.0895929  -0.00560509      29.3909     0.858069     0.168286     0.255945      29.3994      3.02295   -0.0710678    -0.380784      32.7717    0.0252369    -0.212134  -0.00948899 
DIff1_Matrix_St1     168.00    2889.37        nan         nan        nan         nan     28.3471    0.0256288    -0.130927  -0.00594749      29.3942      0.74372      0.17782     0.234404      29.3994      3.09055   -0.0735994    -0.403167      32.7889     0.024917    -0.173995  -0.00768435 
DIff1_Matrix_St1     169.00    2892.87        nan         nan        nan         nan     28.3423    0.0350542    -0.115096  -0.00715113      29.3949      1.13355     0.150526     0.302431      29.4006      2.75859   -0.0665389     -0.32534      32.8005    0.0220055    -0.189855  -0.00740505 
DIff1_Matrix_St1     170.00    2896.37        nan         nan        nan         nan     28.3348    0.0385984    -0.105217  -0.00719833      29.3919      0.87169     0.165998     0.256471      29.3998       2.9919   -0.0711182     -0.37714      32.7693    0.0247737    -0.171082  -0.00751227 
DIff1_Matrix_St1     171.00    2899.87        nan         nan        nan         nan     28.3338    0.0372942   -0.0858525  -0.00567504      29.3911     0.890277     0.164718      0.25992      29.4004      2.97474   -0.0706309    -0.372408      32.8225      0.01848    -0.179403  -0.00587636 
DIff1_Matrix_St1     172.00    2903.36        nan         nan        nan         nan     28.3517    0.0306218    -0.112788  -0.00612163      29.3915     0.854436     0.170647     0.258437         29.4      3.03853   -0.0698454    -0.376163      32.7921    0.0194225    -0.185683  -0.00639222 
DIff1_Matrix_St1     173.00    2906.86        nan         nan        nan         nan     28.3357     0.040421   -0.0703543  -0.00504049       29.391     0.839657      0.16918     0.251783      29.3999      3.05455   -0.0710204    -0.384509      32.7522    0.0189782    -0.249442  -0.00839072 
DIff1_Matrix_St1     174.00    2910.36        nan         nan        nan         nan     28.3387     0.031774   -0.0921046  -0.00518715       29.393     0.843662     0.169013     0.252734      29.3997      3.03703   -0.0717332     -0.38614      32.8273    0.0219481    -0.156822  -0.00610072 
DIff1_Matrix_St1     175.00    2913.86        nan         nan        nan         nan     28.3338    0.0274129   -0.0896723  -0.00435701      29.3921     0.880096     0.165637     0.258383      29.4005      2.98043   -0.0708572    -0.374315      32.7794    0.0215507    -0.198106  -0.00756717 
DIff1_Matrix_St1     176.00    2917.36        nan         nan        nan         nan     28.3722    0.0224879    -0.156962  -0.00625629      29.3936     0.662519     0.186043     0.218467      29.3993      3.14538   -0.0748301    -0.417181      32.8002    0.0214607    -0.185985  -0.00707451 
DIff1_Matrix_St1     177.00    2920.86        nan         nan        nan         nan     28.3888    0.0208096    -0.193083  -0.00712165      29.3928     0.754059     0.177935     0.237817      29.4001      3.13527   -0.0728576    -0.404879      32.7437    0.0176054    -0.252522  -0.00787988 
DIff1_Matrix_St1     178.00    2924.35        nan         nan        nan         nan     29.3721     0.158443    -0.356922    -0.100235      29.3971      2.38112     0.101111     0.426732      29.4028      1.36411   -0.0525909    -0.127155      32.7834    0.0193857    -0.269387  -0.00925621 
DIff1_Matrix_St1     179.00    2927.85        nan         nan        nan         nan     29.3903      0.28532    -0.266067    -0.134554      29.3981      2.92007    0.0893716     0.462559      29.4041     0.765366   -0.0375842   -0.0509858      32.7883    0.0198652     -0.22148  -0.00779836 
DIff1_Matrix_St1     180.00    2931.35        nan         nan        nan         nan      29.329       0.0592    -0.614231   -0.0644508      29.3935      1.08794     0.140423     0.270781      29.4006      2.74289   -0.0688299    -0.334627      32.7683    0.0213337    -0.228568  -0.00864282 
DIff1_Matrix_St1     181.00    2934.85        nan         nan        nan         nan     29.3526     0.079823    -0.508092   -0.0718862      29.3949      1.42884     0.124128     0.314359      29.4007      2.38396   -0.0651715    -0.275379      32.8362    0.0195184    -0.276998  -0.00958288 
DIff1_Matrix_St1     182.00    2938.35        nan         nan        nan         nan     29.3403    0.0592282    -0.661226   -0.0694151      29.3932       1.2283     0.133804     0.291306      29.4007      2.60032   -0.0670375    -0.308972       32.819    0.0225225    -0.232158  -0.00926776 
DIff1_Matrix_St1     183.00    2941.85        nan         nan        nan         nan     29.3199    0.0624653    -0.607566   -0.0672678      29.3941      1.18129     0.134045     0.280659      29.3997      2.63572   -0.0676924    -0.316238      32.7809    0.0219779    -0.277257   -0.0108005 
DIff1_Matrix_St1     184.00    2945.34        nan         nan        nan         nan     29.3459    0.0672618    -0.598082   -0.0713024      29.3933       1.1102     0.134378     0.264426      29.4002      2.68378    -0.069215    -0.329247      32.7756     0.020421    -0.212651  -0.00769695 
DIff1_Matrix_St1     185.00    2948.84        nan         nan        nan         nan     29.3512    0.0764861    -0.581509   -0.0788341      29.3954      1.52066     0.121599     0.327746       29.401      2.28187   -0.0640141    -0.258906      32.7996    0.0196246    -0.248502   -0.0086438 
DIff1_Matrix_St1     186.00    2952.34        nan         nan        nan         nan     29.3534     0.078684    -0.544231   -0.0759005      29.3944      1.55647     0.121278     0.334578      29.4018      2.29043    -0.063149    -0.256365      32.7702      0.02134    -0.239042  -0.00904156 
DIff1_Matrix_St1     187.00    2955.84        nan         nan        nan         nan     29.3399    0.0864965    -0.511912   -0.0784817      29.3959      1.51933      0.12116     0.326276      29.4007      2.29669   -0.0631628    -0.257122      32.7674    0.0179741    -0.219062  -0.00697892 
DIff1_Matrix_St1     188.00    2959.34        nan         nan        nan         nan     29.3653     0.086768    -0.534402    -0.082187      29.3959      1.52194     0.121812     0.328595      29.4006      2.31123   -0.0633994    -0.259719      32.7995    0.0184108    -0.244947  -0.00799318 
DIff1_Matrix_St1     189.00    2962.84        nan         nan        nan         nan     29.3548     0.108294    -0.435354   -0.0835646      29.3961      1.83989     0.112363     0.366431      29.4012      1.93892   -0.0583418    -0.200501       32.755    0.0146378    -0.207001  -0.00537061 
DIff1_Matrix_St1     190.00    2966.33        nan         nan        nan         nan     29.3492    0.0752121    -0.521446   -0.0695139      29.3948      1.41114     0.125107     0.312917      29.3995      2.42241   -0.0647326    -0.277936      32.7695    0.0172217    -0.253731  -0.00774506 
DIff1_Matrix_St1     191.00    2969.83        nan         nan        nan         nan     29.3517    0.0830892    -0.487187   -0.0717489       29.395      1.44948     0.123307     0.316792      29.4006      2.42387   -0.0635622    -0.273075      32.7782    0.0164765    -0.256906  -0.00750264 
DIff1_Matrix_St1     192.00    2973.33        nan         nan        nan         nan      29.362     0.104834    -0.437888   -0.0813656       29.396      1.76489     0.113946     0.356445      29.4019      2.07435   -0.0595263     -0.21886      32.7781    0.0166681    -0.317421  -0.00937772 
DIff1_Matrix_St1     193.00    2976.83        nan         nan        nan         nan     29.3773     0.112832    -0.442451   -0.0884858      29.3956      1.76762     0.113563     0.355795      29.3999      2.08599   -0.0588221    -0.217484      32.7937    0.0176625    -0.216603  -0.00678094 
DIff1_Matrix_St1     194.00    2980.33        nan         nan        nan         nan     29.3641     0.102312    -0.433477   -0.0786078      29.3961      1.53326     0.118661     0.322476      29.4009      2.28427   -0.0627449     -0.25404      32.7266    0.0151604    -0.216469  -0.00581676 
DIff1_Matrix_St1     195.00    2983.82        nan         nan        nan         nan     29.3939     0.487052     -0.20766    -0.179268      29.3981      3.11719    0.0797746     0.440761      29.4095     0.431673   -0.0230688   -0.0176504      32.7727    0.0146088    -0.236826  -0.00613222 
DIff1_Matrix_St1     196.00    2987.32        nan         nan        nan         nan     29.3971     0.178457    -0.322374     -0.10197      29.3947      2.00694     0.103521     0.368246      29.4032      1.72035   -0.0597622    -0.182229      32.7251    0.0173408    -0.252933  -0.00777407 
DIff1_Matrix_St1     197.00    2990.82        nan         nan        nan         nan     29.3726     0.122844    -0.403182    -0.087787       29.395      1.52634      0.11715     0.316933      29.4009      2.26758   -0.0632702    -0.254295      32.7516    0.0139448    -0.265622  -0.00656525 
DIff1_Matrix_St1     198.00    2994.32        nan         nan        nan         nan     29.3922     0.165353     -0.35255    -0.103326      29.3963      2.41824     0.100207      0.42951      29.4025      1.35957   -0.0516116    -0.124372      32.7923    0.0157361    -0.216398  -0.00603565 
DIff1_Matrix_St1     199.00    2997.82        nan         nan        nan         nan     29.3627    0.0952332    -0.457799   -0.0772749      29.3948      1.43483     0.121164     0.308141      29.4009      2.37002   -0.0643589    -0.270355      32.8187    0.0154424    -0.338302  -0.00925961 
DIff1_Matrix_St1     200.00    3001.32        nan         nan        nan         nan     29.3649    0.0772802     -0.53436   -0.0731942      29.3939      1.29679     0.126096     0.289833      29.4001      2.54519   -0.0661611    -0.298468      32.7666    0.0155502      -0.2736  -0.00754098 
DIff1_Matrix_St1     201.00    3004.81        nan         nan        nan         nan       29.34    0.0653463    -0.619268   -0.0717257       29.396      1.08363     0.137541     0.264174      29.3996      2.75023   -0.0684537    -0.333688       32.766    0.0155248    -0.248465  -0.00683702 
DIff1_Matrix_St1     202.00    3008.31        nan         nan        nan         nan     29.3519    0.0701396    -0.562052   -0.0698739       29.395      1.30682     0.129547     0.300068      29.4003      2.57289   -0.0653432    -0.297987      32.7946    0.0139152    -0.302707    -0.007466 
DIff1_Matrix_St1     203.00    3011.81        nan         nan        nan         nan     29.3606    0.0786456    -0.520185   -0.0725116      29.3946      1.25332     0.129116     0.286826      29.3989      2.61593   -0.0658127    -0.305148      32.7924    0.0136028    -0.350656  -0.00845445 
DIff1_Matrix_St1     204.00    3015.31        nan         nan        nan         nan     29.3514    0.0785821    -0.514464   -0.0716561      29.3949      1.37072     0.125483     0.304865      29.3998      2.48567   -0.0651591    -0.287074      32.7777    0.0165259    -0.257239  -0.00753488 
DIff1_Matrix_St1     205.00    3018.81        nan         nan        nan         nan     29.3911     0.401279     -0.22741    -0.161745      29.3987      3.34122    0.0798661      0.47298      29.4034     0.412495   -0.0130045  -0.00950799      32.7919    0.0130311      -0.2124  -0.00490582 
DIff1_Matrix_St1     206.00    3022.31        nan         nan        nan         nan     29.3906     0.426593    -0.214489    -0.162179      29.3979       3.0944    0.0816826     0.448003      29.4052     0.560159   -0.0289286   -0.0287219      32.7875    0.0127065    -0.193731  -0.00436314 
DIff1_Matrix_St1     207.00    3025.80        nan         nan        nan         nan     29.3453    0.0995907    -0.449228   -0.0792976      29.3966      1.79014     0.113718      0.36082      29.3995      2.05955    -0.061154     -0.22324      32.7696    0.0149346    -0.228209  -0.00604089 
DIff1_Matrix_St1     208.00    3029.30        nan         nan        nan         nan     29.3498    0.0877041    -0.500015   -0.0777281      29.3958       1.3414     0.123922     0.294635      29.4003      2.51765   -0.0661685    -0.295271      32.7578    0.0127078    -0.297088  -0.00669158 
DIff1_Matrix_St1     209.00    3032.80        nan         nan        nan         nan     29.3599    0.0857567    -0.486537   -0.0739536      29.3946      1.18944     0.127731     0.269286      29.4001      2.65721   -0.0683938    -0.322119      32.7646    0.0156079    -0.325319  -0.00899975 
DIff1_Matrix_St1     210.00    3036.30        nan         nan        nan         nan     29.3362    0.0652655    -0.582681   -0.0674045      29.3959      1.21971     0.130876     0.282939      29.3999      2.68074    -0.067317    -0.319856      32.8109    0.0148403    -0.222504  -0.00585268 
DIff1_Matrix_St1     211.00    3039.80        nan         nan        nan         nan     29.3491    0.0894419    -0.472997    -0.074985      29.3961      1.57341     0.119131     0.332233      29.4002      2.34696   -0.0620422    -0.258088      32.6903    0.0140975    -0.218618  -0.00546262 
DIff1_Matrix_St1     212.00    3043.30        nan         nan        nan         nan     29.3609    0.0983368    -0.471515   -0.0821839      29.3972      1.79592      0.11342     0.361036      29.4005      2.08017   -0.0612118    -0.225689      32.7679     0.014962    -0.275045  -0.00729403 
DIff1_Matrix_St1     213.00    3046.79        nan         nan        nan         nan     29.3592    0.0966363    -0.487987   -0.0835841      29.3958      1.84118     0.113231      0.36952      29.4017      2.07634   -0.0588827    -0.216701      32.7831    0.0141294    -0.271524  -0.00679994 
DIff1_Matrix_St1     214.00    3050.29        nan         nan        nan         nan     29.3657     0.111189    -0.437717   -0.0862641      29.3958      1.74736     0.113105     0.350301      29.3996      2.12635   -0.0600548    -0.226338        32.77    0.0163531    -0.223177  -0.00646882 
DIff1_Matrix_St1     215.00    3053.79        nan         nan        nan         nan     29.3938     0.421821    -0.221298    -0.165455      29.3984      3.19463    0.0812163     0.459873      29.4057      0.49489   -0.0237444   -0.0208278      32.7505    0.0128215    -0.237405  -0.00539514 
DIff1_Matrix_St1     216.00    3057.29        nan         nan        nan         nan     29.3871     0.389212    -0.228378    -0.157549      29.3991      3.26996    0.0813856     0.471699      29.4065     0.445368   -0.0254413   -0.0200832      32.6698    0.0101182    -0.139675  -0.00250495 
DIff1_Matrix_St1     217.00    3060.79        nan         nan        nan         nan     29.3858     0.370339    -0.236256    -0.155081      29.3991      3.29266    0.0812797     0.474355      29.4033     0.463338   -0.0183099   -0.0150369      32.7698    0.0164907    -0.172668   -0.0050469 
DIff1_Matrix_St1     218.00    3064.29        nan         nan        nan         nan     29.3925     0.475454    -0.209218    -0.176312      29.3991      3.28693    0.0791002     0.460831      29.4051     0.446874   -0.0161443   -0.0127873       32.765   0.00630524    -0.140385   -0.0015689 
DIff1_Matrix_St1     219.00    3067.78        nan         nan        nan         nan     29.3899     0.589391     -0.19129    -0.199834      29.3998      3.24501    0.0759868     0.437048      29.4017     0.386928   -0.0120786  -0.00828361      32.8035     0.014381    -0.154274  -0.00393239 
DIff1_Matrix_St1     220.00    3071.28        nan         nan        nan         nan      29.392     0.542102    -0.199754    -0.191934      29.3992      3.32872    0.0765981     0.451929      29.4039     0.395955  -0.00877308  -0.00615706      32.7375    0.0146578    -0.249532  -0.00648291 
DIff1_Matrix_St1     221.00    3074.78        nan         nan        nan         nan     29.3899     0.518931    -0.201294    -0.185147      29.3988      3.28711    0.0774321     0.451139      29.4051     0.374773   -0.0132316  -0.00878935      32.7529    0.0115506    -0.193789  -0.00396742 
DIff1_Matrix_St1     222.00    3078.28        nan         nan        nan         nan     29.3929     0.493241    -0.203842    -0.178208      29.3985      3.23001    0.0786852     0.450476      29.4114     0.368219   -0.0254021   -0.0165787      32.8144   0.00616315    -0.151241  -0.00165214 
DIff1_Matrix_St1     223.00    3081.78        nan         nan        nan         nan     29.3915     0.445275    -0.218739    -0.172635      29.3994      3.26191    0.0795037     0.459657      29.3999     0.345461   -0.0237347   -0.0145331      32.7867   0.00869497    -0.223348  -0.00344211 
DIff1_Matrix_St1     224.00    3085.27        nan         nan        nan         nan     29.3906     0.556139     -0.19672    -0.193913      29.3987      3.21874    0.0770904     0.439806      29.4037     0.407987   -0.0163747   -0.0118412      32.7619    0.0128663    -0.176106  -0.00401607 
DIff1_Matrix_St1     225.00    3088.77        nan         nan        nan         nan     29.3891     0.569515    -0.193767    -0.195596         29.4      3.21995    0.0773719     0.441577       29.403     0.271244   -0.0187304  -0.00900496      32.7605   0.00768936    -0.314102  -0.00428091 
DIff1_Matrix_St1     226.00    3092.27        nan         nan        nan         nan     29.3924     0.689346    -0.179948    -0.219867      29.3998      3.20255    0.0738887      0.41942      29.4004     0.215653   -0.0107667   -0.0041154      32.7318    0.0122728    -0.189604  -0.00412446 
DIff1_Matrix_St1     227.00    3095.77        nan         nan        nan         nan     29.3916     0.571347    -0.194142    -0.196605      29.3993      3.24563    0.0759674      0.43702      29.4042     0.345741   -0.0141747  -0.00868642      32.6253   0.00625784    -0.215594  -0.00239131 
DIff1_Matrix_St1     228.00    3099.27        nan         nan        nan         nan     29.3949     0.481676    -0.206652    -0.176429      29.3981      3.21201    0.0797243     0.453882      29.4063     0.438431     -0.02689   -0.0208962      32.6926    0.0117084   -0.0721742   -0.0014978 
DIff1_Matrix_St1     229.00    3102.77        nan         nan        nan         nan     29.3818      0.19256      -0.3255    -0.111094      29.3976        2.322     0.098697     0.406201      29.4011      1.51763   -0.0539856    -0.145217      32.9457   0.00647138     -3.80871   -0.0436868 
DIff1_Matrix_St1     230.00    3106.26        nan         nan        nan         nan      29.357      0.10854     -0.44271   -0.0851691      29.3973      1.85965     0.110579     0.364482         29.4      2.05276   -0.0586391    -0.213354      32.8753     0.312546      25.3893       14.065 
DIff1_Matrix_St1     231.00    3109.76        nan         nan        nan         nan     29.3415     0.074997     -0.57629   -0.0766055      29.3974      1.35095     0.127424     0.305116      29.3992      2.59614    -0.064591    -0.297218      33.1195     0.839467      44.8984      66.8051 
DIff1_Matrix_St1     232.00    3113.26        nan         nan        nan         nan     29.2991    0.0554751    -0.682782   -0.0671359      29.3932     0.972755     0.142419     0.245554      29.4002      2.92115   -0.0693257    -0.358941      33.1606     0.848666      40.3678      60.7221 
DIff1_Matrix_St1     233.00    3116.76        nan         nan        nan         nan     29.3107    0.0690038    -0.590624   -0.0722369       29.396      1.21499     0.130711     0.281488      29.3994      2.72445   -0.0660944    -0.319167      33.0554     0.850353      39.4453      59.4524 
DIff1_Matrix_St1     234.00    3120.26        nan         nan        nan         nan     29.2955    0.0660406    -0.623163   -0.0729437      29.3966       1.3448     0.126987     0.302685      29.3999      2.61899   -0.0640454    -0.297302      33.0903     0.850274      38.2411       57.632 
DIff1_Matrix_St1     235.00    3123.76        nan         nan        nan         nan     29.3371    0.0745855    -0.566189   -0.0748498      29.3956      1.20174     0.129434     0.275698      29.4003      2.70349   -0.0669836    -0.320973      33.3841     0.851254      44.0034      66.3927 
DIff1_Matrix_St1     236.00    3127.25        nan         nan        nan         nan     29.3363    0.0714209    -0.583422   -0.0738556      29.3961      1.13014     0.132621     0.265658       29.399      2.76525   -0.0684681    -0.335581      33.2589     0.851333      45.6609         68.9 
DIff1_Matrix_St1     237.00    3130.75        nan         nan        nan         nan      29.352    0.0731347    -0.544158   -0.0705381       29.395       1.1148     0.132087     0.260995      29.3995      2.82269   -0.0675909    -0.338164      33.1553     0.851585       43.241      65.2677 
DIff1_Matrix_St1     238.00    3134.25        nan         nan        nan         nan     29.3599    0.0941062    -0.504991   -0.0842319       29.395      1.84057     0.112073     0.365619      29.4013      2.08092   -0.0593108    -0.218758      33.1341       1.0312      47.0241      85.9482 
DIff1_Matrix_St1     239.00    3137.75        nan         nan        nan         nan     29.3473    0.0921428    -0.491897   -0.0803361      29.3953      1.85987     0.111964     0.369094      29.4017      2.04359   -0.0580218    -0.210165      33.0107      1.03088      48.8951      89.3409 
DIff1_Matrix_St1     240.00    3141.25        nan         nan        nan         nan     29.3887     0.407536    -0.224005    -0.161807      29.3992      3.30295    0.0803554     0.470426      29.4009      0.51923   -0.0189193   -0.0174117      32.3799      4.12585      79.6624      582.562 
DIff1_Matrix_St1     241.00    3144.75        nan         nan        nan         nan     29.3811     0.132633     -0.38754   -0.0911051       29.397      2.04355     0.105657       0.3827       29.399      1.85783   -0.0572443    -0.188501       32.779      14.0282      162.965      4052.02 
DIff1_Matrix_St1     242.00    3148.24        nan         nan        nan         nan     29.3322    0.0710023    -0.560807   -0.0705767      29.3951      1.03871     0.135605     0.249659      29.3993      2.87498   -0.0684477    -0.348793      33.0776      14.0277      171.165      4255.73 
DIff1_Matrix_St1     243.00    3151.74        nan         nan        nan         nan      29.328    0.0647132     -0.64021   -0.0734328      29.3961      1.02933     0.136153     0.248403      29.3992      2.86935   -0.0685402    -0.348581      33.8405      14.0272      198.353      4931.56 
DIff1_Matrix_St1     244.00    3155.24        nan         nan        nan         nan      29.289    0.0652872    -0.605218    -0.070035      29.3969      1.24762     0.130008     0.287493      29.3993      2.69187   -0.0658643    -0.314253      33.1735      14.0283      171.067       4253.5 
DIff1_Matrix_St1     245.00    3158.74        nan         nan        nan         nan     29.3528    0.0905734    -0.470459   -0.0755261      29.3977      1.48189     0.119366     0.313525      29.3987      2.46284   -0.0640446    -0.279572      32.7228      14.0285      159.849      3974.62 
DIff1_Matrix_St1     246.00    3162.24        nan         nan        nan         nan      29.338    0.0843885    -0.504434   -0.0754506      29.3969      1.41894      0.12247     0.308013      29.3998      2.58015   -0.0631471    -0.288784      32.8879      14.0281      165.508      4115.22 
DIff1_Matrix_St1     247.00    3165.74        nan         nan        nan         nan     29.3455    0.0879084    -0.501987   -0.0782164       29.398      1.41524     0.122123     0.306338      29.3983      2.53655   -0.0630456    -0.283448      33.0661      14.0281      168.972      4201.35 
DIff1_Matrix_St1     248.00    3169.23        nan         nan        nan         nan     29.3407    0.0775216    -0.513305   -0.0705298      29.3971      1.49547     0.121577     0.322257      29.3992      2.42206   -0.0623303    -0.267583      32.9914       14.028      175.423      4361.72 
DIff1_Matrix_St1     249.00    3172.73        nan         nan        nan         nan     29.3571    0.0753804    -0.553805   -0.0739929      29.3946       1.2454     0.125473     0.276971      29.4001      2.67997   -0.0670599    -0.318543      33.0715      14.0279      163.457      4064.18 
DIff1_Matrix_St1     250.00    3176.23        nan         nan        nan         nan     29.3059    0.0579246    -0.660584   -0.0678213      29.3959     0.995915     0.141457     0.249701      29.3991      3.00048   -0.0675809     -0.35941       33.105      14.0279      169.156      4205.88 
DIff1_Matrix_St1     251.00    3179.73        nan         nan        nan         nan     29.3113    0.0711951    -0.576761   -0.0727814      29.3974      1.28615     0.128569     0.293092      29.3984      2.69372   -0.0644168    -0.307558      33.5471      14.0277      185.255      4606.09 
DIff1_Matrix_St1     252.00    3183.23        nan         nan        nan         nan     29.3431    0.0748531    -0.565779    -0.075064      29.3967      1.23505     0.127012     0.278038      29.3989      2.69848   -0.0656359    -0.313932      33.4235       14.028      178.062      4427.33 
DIff1_Matrix_St1     253.00    3186.73        nan         nan        nan         nan     29.3244    0.0594196    -0.614234   -0.0646901      29.3965     0.917651     0.142757     0.232193       29.399      2.97326   -0.0699321     -0.36854      33.0829       14.028      166.798      4147.27 
DIff1_Matrix_St1     254.00    3190.22        nan         nan        nan         nan     29.3071    0.0670727    -0.583784   -0.0694022      29.3956       1.1024     0.133811      0.26146       29.399      2.84054   -0.0674322    -0.339503      32.7365      14.0281      157.996      3928.45 
DIff1_Matrix_St1     255.00    3193.72        nan         nan        nan         nan     29.3211    0.0637691    -0.604959   -0.0683772      29.3956      1.16229     0.132089     0.272117      29.3997      2.77588   -0.0667618    -0.328476      33.0919      14.0281      168.451      4188.39 
DIff1_Matrix_St1     256.00    3197.22        nan         nan        nan         nan     29.3622    0.0854055      -0.5042   -0.0763245      29.3947      1.38183     0.120544      0.29524      29.4008      2.54484   -0.0642729     -0.28991      33.2403      14.0275      192.269       4780.4 
DIff1_Matrix_St1     257.00    3200.72        nan         nan        nan         nan     29.3656    0.0896175     -0.48816   -0.0775407      29.3947      1.42228     0.119009     0.300013      29.4009      2.50109   -0.0638827    -0.283197      33.1938      14.0275      191.408         4759 
