DIff1_Matrix_St1	1	2292.88	200.23	-0.0016	0.0211	0.0104	28.794	20.6589	0.152945	5.6004	29.5613	22.7064	0.363508	14.6297	29.6401	63.3857	0.06594	7.40825	33.3578	8.13827	0.231499	3.3393
DIff1_Matrix_St1	2	2296.38	199.95	0.0023	0.0211	0.0104	28.796	20.8892	0.155259	5.74849	29.5699	23.6094	0.350346	14.6608	29.6395	62.4313	0.065374	7.23406	33.3475	8.05115	0.238589	3.40474
DIff1_Matrix_St1	3	2299.88	200.19	-0.0175	0.0211	0.0113	28.7971	20.6	0.155241	5.66823	29.5727	24.1923	0.342455	14.6844	29.6391	63.2799	0.0644204	7.22544	33.3541	7.69544	0.250624	3.41847
DIff1_Matrix_St1	4	2303.38	200.1	-0.009	0.0211	0.0118	28.7962	20.7621	0.154246	5.67622	29.5724	24.0954	0.344561	14.7155	29.6396	63.1838	0.0642271	7.19282	33.3436	8.07921	0.237853	3.40606
DIff1_Matrix_St1	5	2306.88	200.54	-0.0175	0.0211	0.0102	28.7965	21.0329	0.155787	5.8077	29.5734	24.5677	0.338692	14.7484	29.6396	62.4534	0.065731	7.27614	33.3457	7.88277	0.239376	3.34453
DIff1_Matrix_St1	6	2310.38	200.41	-0.0096	0.021	0.0115	28.795	20.806	0.153497	5.66061	29.5747	24.505	0.339407	14.7418	29.6403	63.2905	0.0656162	7.36079	33.3451	8.08884	0.235266	3.37303
DIff1_Matrix_St1	7	2313.88	199.68	0.0008	0.0206	0.0089	28.7949	20.9654	0.158625	5.89453	29.5756	24.2736	0.335976	14.455	29.6387	64.3719	0.0652222	7.4416	33.3441	8.16792	0.237405	3.43697
DIff1_Matrix_St1	8	2317.38	199.91	-0.0041	0.0211	0.0087	28.7937	20.5527	0.156996	5.71918	29.5735	25.096	0.329747	14.6677	29.6392	62.6186	0.0656734	7.289	33.3506	8.06625	0.2392	3.41986
DIff1_Matrix_St1	9	2320.88	199.74	0.0055	0.0211	0.0115	28.7948	20.7167	0.157274	5.77499	29.576	24.0229	0.335677	14.293	29.6386	64.7776	0.0657066	7.54412	33.347	8.00999	0.237752	3.37544
DIff1_Matrix_St1	10	2324.38	199.72	-0.0177	0.0207	0.0112	28.7944	20.3982	0.157509	5.69471	29.5777	24.2124	0.330664	14.1905	29.6384	62.3163	0.0672884	7.43218	33.3473	8.25589	0.228313	3.34094
DIff1_Matrix_St1	11	2327.89	199.75	0.0255	0.0211	0.0108	28.797	20.3349	0.159393	5.74494	29.5759	25.5286	0.32161	14.5523	29.6388	64.5741	0.0641607	7.34349	33.3441	7.90867	0.240648	3.37334
DIff1_Matrix_St1	12	2331.39	199.8	0.0137	0.0211	0.011	28.7971	20.481	0.158853	5.76665	29.5794	25.4257	0.320169	14.4287	29.639	64.1942	0.0648582	7.37964	33.3482	8.0313	0.239954	3.41577
DIff1_Matrix_St1	13	2334.89	199.91	-0.0117	0.021	0.0096	28.7947	20.1972	0.158428	5.67151	29.576	25.6875	0.319407	14.5426	29.6379	64.8301	0.0647052	7.43518	33.3437	8.32342	0.226974	3.34852
DIff1_Matrix_St1	14	2338.39	200.56	-0.018	0.0211	0.0133	28.7958	20.7859	0.155112	5.71461	29.5715	24.1052	0.331299	14.1549	29.6384	65.3537	0.0676486	7.83617	33.3499	8.27738	0.229965	3.37388
DIff1_Matrix_St1	15	2341.89	200.41	-0.0097	0.021	0.0135	28.794	20.3139	0.158191	5.69574	29.5789	25.3704	0.324376	14.5865	29.6386	63.1952	0.0667681	7.47873	33.3479	7.98346	0.23965	3.39113
DIff1_Matrix_St1	16	2345.39	200.29	-0.0183	0.0211	0.0124	28.7935	20.6495	0.157323	5.75805	29.5782	25.193	0.320832	14.3263	29.6382	64.6984	0.0654958	7.51072	33.3446	7.85738	0.23426	3.2625
DIff1_Matrix_St1	17	2348.89	200.14	-0.0182	0.0211	0.0118	28.7942	20.744	0.15593	5.73321	29.5814	25.8111	0.313333	14.3347	29.6375	66.0548	0.0652535	7.63983	33.3463	8.25175	0.236432	3.45803
DIff1_Matrix_St1	18	2352.39	200.11	0.007	0.0211	0.0102	28.7945	20.4271	0.159107	5.76066	29.5784	25.2978	0.320782	14.3836	29.6385	63.8563	0.0668295	7.56393	33.347	7.97346	0.238982	3.37744
DIff1_Matrix_St1	19	2355.89	199.69	-0.0146	0.0209	0.0112	28.7929	20.2141	0.162392	5.81828	29.583	26.1161	0.31459	14.5622	29.6388	64.8978	0.0645076	7.42021	33.3449	8.30504	0.229607	3.37989
DIff1_Matrix_St1	20	2359.39	200.16	0.0022	0.0211	0.0102	28.7966	20.5736	0.156667	5.71299	29.5824	25.9262	0.311792	14.3278	29.6386	62.8403	0.0656002	7.30665	33.3462	8.14386	0.243588	3.51611
DIff1_Matrix_St1	21	2362.89	200.07	0.0025	0.0211	0.0101	28.7956	20.2722	0.157608	5.66309	29.5829	26.0119	0.31161	14.3667	29.6376	63.8749	0.0667635	7.55865	33.3464	8.47114	0.224232	3.36678
DIff1_Matrix_St1	22	2366.39	199.75	0.0125	0.0207	0.0114	28.7954	20.4846	0.156315	5.6755	29.5805	25.5809	0.31718	14.3812	29.6376	65.7249	0.0650244	7.57497	33.3487	8.13081	0.231686	3.33894
DIff1_Matrix_St1	23	2369.89	200.32	0.0034	0.0211	0.0105	28.7954	20.6571	0.15554	5.69493	29.5775	25.4321	0.317064	14.2924	29.6369	63.0088	0.0672283	7.50806	33.3508	8.25836	0.227576	3.33116
DIff1_Matrix_St1	24	2373.39	199.89	-0.0039	0.0206	0.0105	28.7958	20.2566	0.160148	5.74994	29.5801	25.5092	0.315007	14.2427	29.6385	64.3208	0.0659838	7.52253	33.3405	8.15218	0.233418	3.37275
DIff1_Matrix_St1	25	2376.89	199.94	-0.0315	0.021	0.0117	28.7961	20.7643	0.158867	5.8469	29.5819	26.2939	0.310242	14.4587	29.6385	64.2199	0.0646533	7.35927	33.3506	7.96871	0.244522	3.45367
DIff1_Matrix_St1	26	2380.39	199.97	0.0011	0.0206	0.0136	28.7975	20.0956	0.161521	5.75313	29.5852	27.0315	0.306646	14.6921	29.6369	63.4872	0.0643722	7.24369	33.3437	8.11284	0.241921	3.47874
DIff1_Matrix_St1	27	2383.89	199.7	-0.0165	0.0209	0.0117	28.7945	20.7189	0.157083	5.76861	29.5841	26.4922	0.305763	14.3575	29.6383	63.862	0.0649551	7.35242	33.3429	8.19996	0.231584	3.36585
DIff1_Matrix_St1	28	2387.39	199.68	0.0009	0.0206	0.0101	28.7958	20.7868	0.157585	5.80602	29.5805	25.2562	0.314829	14.0934	29.6386	64.4393	0.067654	7.72715	33.3515	8.41304	0.228342	3.40496
DIff1_Matrix_St1	29	2390.89	200.2	0.0301	0.0204	0.0113	28.7972	19.6444	0.163723	5.70064	29.5801	26.0423	0.306877	14.1651	29.6383	62.9088	0.0675842	7.53584	33.3462	8.48726	0.223678	3.36484
DIff1_Matrix_St1	30	2394.39	199.72	-0.0172	0.021	0.0111	28.7956	20.714	0.15717	5.77044	29.5837	27.0786	0.303152	14.55	29.6383	65.0191	0.0629649	7.25628	33.3453	8.18549	0.229769	3.33358
DIff1_Matrix_St1	31	2397.89	199.74	-0.0211	0.0206	0.0122	28.7939	20.2557	0.159776	5.73633	29.5835	26.5728	0.306414	14.4318	29.6379	63.8802	0.0653413	7.39826	33.3448	8.17039	0.231261	3.34905
DIff1_Matrix_St1	32	2401.39	200.44	-0.0185	0.0211	0.0116	28.7952	20.0218	0.160344	5.69025	29.5824	26.3524	0.304811	14.2373	29.6394	63.0775	0.0658143	7.35817	33.3406	8.31263	0.231119	3.40524
DIff1_Matrix_St1	33	2404.9	200.29	0.0057	0.0207	0.0092	28.7947	20.373	0.158062	5.70766	29.5831	26.524	0.306538	14.4111	29.6381	63.1798	0.0660764	7.39944	33.3402	8.5542	0.229929	3.48616
DIff1_Matrix_St1	34	2408.4	199.85	-0.0082	0.0206	0.0116	28.7959	20.0672	0.161453	5.74262	29.5822	26.5771	0.307067	14.4649	29.6388	65.1301	0.0645629	7.45314	33.3475	8.05811	0.2299	3.28357
DIff1_Matrix_St1	35	2411.9	199.95	-0.0329	0.021	0.0122	28.7954	20.3056	0.158936	5.72021	29.581	26.722	0.300671	14.2408	29.6386	64.333	0.0657838	7.50115	33.3455	8.09441	0.23853	3.42219
DIff1_Matrix_St1	36	2415.4	199.96	-0.0258	0.0206	0.0101	28.7986	19.8115	0.159831	5.61248	29.5832	26.8879	0.305343	14.5519	29.6378	63.0264	0.0648599	7.24559	33.346	8.05929	0.23194	3.31319
DIff1_Matrix_St1	37	2418.9	200.15	-0.023	0.0206	0.0139	28.7964	20.3531	0.159247	5.7448	29.5824	26.2545	0.305749	14.228	29.6378	66.4386	0.0645998	7.60723	33.3447	8.39291	0.233044	3.46678
DIff1_Matrix_St1	38	2422.4	200.37	-0.0211	0.0206	0.013	28.7952	20.266	0.159003	5.71148	29.5837	26.1017	0.308381	14.267	29.6381	64.3459	0.0662508	7.55591	33.3421	8.29019	0.228032	3.35069
DIff1_Matrix_St1	39	2425.9	200.48	-0.0244	0.0206	0.0116	28.7964	20.1888	0.158033	5.655	29.5827	26.728	0.303923	14.3981	29.6374	64.7962	0.0649043	7.45415	33.3441	8.32288	0.224939	3.31828
DIff1_Matrix_St1	40	2429.4	200.1	-0.013	0.0206	0.0079	28.7947	20.3236	0.161238	5.80824	29.5799	25.5396	0.309361	14.0041	29.6377	66.3399	0.0673212	7.91593	33.3436	8.14895	0.237442	3.42953
DIff1_Matrix_St1	41	2432.9	200.03	-0.0278	0.0206	0.0087	28.7961	20.695	0.157708	5.78486	29.5822	26.6583	0.303522	14.3416	29.639	64.5446	0.0664769	7.60511	33.3483	8.01106	0.244126	3.46641
DIff1_Matrix_St1	42	2436.4	199.91	0.0186	0.0206	0.0132	28.7951	20.8632	0.159158	5.88552	29.5822	26.3857	0.305994	14.3105	29.6384	65.7671	0.0653348	7.61602	33.3486	7.95029	0.239008	3.36799
DIff1_Matrix_St1	43	2439.9	200.3	0.0011	0.0206	0.0111	28.7955	19.8347	0.16088	5.65589	29.5821	26.4515	0.304584	14.2801	29.637	64.49	0.0663031	7.57881	33.3448	7.93471	0.233229	3.2801
DIff1_Matrix_St1	44	2443.4	199.58	-0.0086	0.0213	0.0124	28.7955	20.0369	0.162285	5.76348	29.583	26.7941	0.301229	14.3058	29.638	63.2242	0.0662673	7.42604	33.3457	8.25465	0.234735	3.4344
DIff1_Matrix_St1	45	2446.9	199.74	-0.0118	0.021	0.01	28.7952	20.8261	0.157359	5.80865	29.5829	26.6501	0.300329	14.1863	29.639	63.8172	0.0660253	7.46832	33.3409	7.92372	0.238139	3.34453
DIff1_Matrix_St1	46	2450.4	200.32	0.018	0.0206	0.0121	28.7954	20.1942	0.161326	5.77438	29.584	26.9316	0.299922	14.3168	29.6371	62.9815	0.066816	7.45879	33.3418	8.31854	0.225419	3.32363
DIff1_Matrix_St1	47	2453.9	200.1	-0.0033	0.0206	0.0099	28.7926	20.219	0.157215	5.63415	29.5837	27.3578	0.296903	14.397	29.6381	64.1938	0.0647862	7.3714	33.3457	8.1748	0.225017	3.26037
DIff1_Matrix_St1	48	2457.4	200.17	0.0018	0.0206	0.012	28.7967	20.0841	0.161158	5.73693	29.585	27.6119	0.296898	14.5304	29.6373	64.8579	0.0641765	7.37758	33.3417	8.46357	0.228142	3.42243
DIff1_Matrix_St1	49	2460.9	200.22	-0.026	0.0211	0.009	28.7966	19.7638	0.161872	5.67044	29.5849	26.8463	0.29996	14.2733	29.6369	64.8935	0.0659977	7.5911	33.3436	7.97799	0.232017	3.28086
DIff1_Matrix_St1	50	2464.4	199.87	0.037	0.0207	0.0117	28.7947	19.9526	0.160977	5.69296	29.5846	27.3324	0.296217	14.3504	29.6369	65.861	0.0653018	7.62304	33.3445	7.82236	0.245197	3.39959
DIff1_Matrix_St1	51	2467.9	199.75	0.0136	0.0206	0.0121	28.795	20.1214	0.160283	5.71634	29.582	27.1774	0.29553	14.2359	29.6376	63.5497	0.066569	7.49827	33.347	8.32519	0.228386	3.37007
DIff1_Matrix_St1	52	2471.4	199.64	-0.0121	0.021	0.0091	28.7938	20.6119	0.15669	5.72444	29.5851	26.7142	0.301023	14.2534	29.6377	63.5313	0.0665833	7.4977	33.3443	7.99657	0.23319	3.30512
DIff1_Matrix_St1	53	2474.9	200.08	0.0016	0.0206	0.012	28.7955	19.8777	0.162569	5.72768	29.5825	26.9432	0.297597	14.2119	29.6385	64.2115	0.0668015	7.60281	33.3486	8.4388	0.225163	3.36785
DIff1_Matrix_St1	54	2478.41	200.05	0.014	0.0206	0.0125	28.7956	20.319	0.157015	5.65483	29.5827	27.8446	0.29529	14.5735	29.6382	66.3962	0.0644512	7.58489	33.3441	7.96224	0.229917	3.24476
DIff1_Matrix_St1	55	2481.91	199.95	-0.0019	0.0206	0.0096	28.7961	20.4084	0.156902	5.67562	29.587	27.1394	0.294211	14.1525	29.6378	63.9135	0.0665801	7.54244	33.3446	7.92407	0.237816	3.34014
DIff1_Matrix_St1	56	2485.41	199.92	0.0108	0.0206	0.0119	28.7952	20.2619	0.158539	5.69365	29.5837	27.2871	0.295571	14.2953	29.6389	64.6345	0.065673	7.5236	33.3389	8.04186	0.231018	3.2929
DIff1_Matrix_St1	57	2488.91	200.46	-0.0232	0.0211	0.0107	28.7931	20.2681	0.158999	5.71193	29.5842	27.4654	0.294176	14.3208	29.6377	64.0751	0.0663378	7.53399	33.3434	8.13511	0.230734	3.32698
DIff1_Matrix_St1	58	2492.41	200.07	0.0008	0.0206	0.0129	28.7958	20.5709	0.157882	5.75654	29.5838	27.4824	0.294676	14.354	29.6377	63.8828	0.064854	7.34338	33.3454	7.92654	0.231506	3.25253
DIff1_Matrix_St1	59	2495.91	199.82	-0.0119	0.0211	0.0143	28.7956	19.9842	0.158459	5.6128	29.5839	27.0864	0.297979	14.3058	29.6383	64.8295	0.0668231	7.67846	33.3401	8.15772	0.236002	3.41239
DIff1_Matrix_St1	60	2499.41	200.25	-0.0276	0.0206	0.0111	28.7933	19.7449	0.164129	5.74402	29.5843	27.1897	0.294514	14.1934	29.6378	64.6694	0.0667566	7.65188	33.3426	7.9922	0.232547	3.29422
DIff1_Matrix_St1	61	2502.91	199.61	-0.0098	0.0206	0.0136	28.7949	20.1767	0.162772	5.82109	29.5844	27.4119	0.294324	14.3001	29.6379	65.3275	0.0655653	7.5918	33.3483	7.98094	0.234987	3.32409
DIff1_Matrix_St1	62	2506.41	199.85	0.0204	0.0206	0.0123	28.7964	20.2326	0.158971	5.7009	29.5855	27.14	0.297195	14.2964	29.6383	65.2902	0.0658783	7.62369	33.3399	8.18528	0.232675	3.37566
DIff1_Matrix_St1	63	2509.91	200.09	-0.0097	0.0206	0.0145	28.7932	20.181	0.158774	5.67935	29.5828	26.3915	0.301929	14.1235	29.6382	64.5684	0.0672895	7.70092	33.3414	8.038	0.231975	3.30494
DIff1_Matrix_St1	64	2513.41	200.11	0.0142	0.0211	0.0149	28.7936	19.8948	0.162092	5.71577	29.5876	27.553	0.295419	14.4272	29.6367	65.0675	0.0645043	7.43923	33.3423	7.73995	0.244296	3.35142
DIff1_Matrix_St1	65	2516.91	200.16	0.0066	0.0206	0.0144	28.7935	20.2117	0.16105	5.76948	29.5836	27.7647	0.291804	14.3602	29.6376	63.9928	0.0654108	7.41917	33.3373	8.23462	0.222514	3.2477
DIff1_Matrix_St1	66	2520.41	199.89	0.012	0.0206	0.0131	28.7935	20.4102	0.160387	5.80219	29.5865	27.416	0.294369	14.3045	29.6382	64.3004	0.0657882	7.49785	33.3428	8.06496	0.236746	3.38423
DIff1_Matrix_St1	67	2523.91	199.91	-0.0023	0.0206	0.0163	28.7966	20.0362	0.16259	5.77411	29.5879	28.2552	0.290845	14.5658	29.6381	64.8533	0.0642108	7.381	33.3429	8.00617	0.240406	3.4115
DIff1_Matrix_St1	68	2527.41	200.26	-0.0273	0.0211	0.0158	28.7946	20.1634	0.159832	5.71218	29.5823	26.9716	0.295543	14.1287	29.6379	65.3345	0.0667643	7.73147	33.3442	7.98185	0.230865	3.26615
DIff1_Matrix_St1	69	2530.91	199.81	-0.0326	0.0206	0.013	28.7952	19.7436	0.161136	5.63889	29.5837	27.4088	0.292959	14.2322	29.6377	66.6165	0.0645514	7.62189	33.3419	8.14117	0.235822	3.40288
DIff1_Matrix_St1	70	2534.41	199.65	0.0108	0.0204	0.0147	28.7941	19.8454	0.157186	5.52901	29.5861	27.8485	0.289815	14.3053	29.6378	64.9716	0.0653424	7.52477	33.3452	8.14853	0.233194	3.368
DIff1_Matrix_St1	71	2537.91	200.33	0.011	0.0206	0.0166	28.7918	20.1115	0.159574	5.6883	29.5857	27.0304	0.294426	14.106	29.6368	65.8457	0.0649222	7.57698	33.341	8.20641	0.231082	3.3612
DIff1_Matrix_St1	72	2541.41	200.28	-0.0125	0.0206	0.0171	28.7922	20.2019	0.160146	5.73433	29.5842	27.7531	0.292957	14.4109	29.6371	63.3607	0.0656712	7.37513	33.3371	8.10133	0.225689	3.24072
DIff1_Matrix_St1	73	2544.91	200.44	-0.0014	0.0206	0.0166	28.7929	19.5235	0.163053	5.64236	29.5837	26.9354	0.294159	14.0436	29.6362	64.9595	0.0676234	7.786	33.3376	8.35799	0.223693	3.31382
DIff1_Matrix_St1	74	2548.41	199.79	0.0009	0.0206	0.0178	28.7938	19.957	0.160039	5.66102	29.5869	27.3555	0.295748	14.3397	29.637	65.6065	0.065696	7.63943	33.3415	8.11731	0.231949	3.33719
DIff1_Matrix_St1	75	2551.92	199.84	-0.0109	0.0206	0.0152	28.794	19.9765	0.159334	5.64163	29.5874	27.4844	0.292407	14.2446	29.638	65.7219	0.0653474	7.61226	33.3409	8.2918	0.227933	3.34989
DIff1_Matrix_St1	76	2555.42	199.79	0.0042	0.0206	0.0178	28.7931	20.0362	0.160329	5.69378	29.5843	27.4518	0.292591	14.2366	29.6372	64.9035	0.0651984	7.50032	33.3348	8.0549	0.238691	3.40778
DIff1_Matrix_St1	77	2558.92	200.04	-0.0102	0.0211	0.0195	28.7958	20.1065	0.161625	5.75998	29.5843	27.0442	0.291785	13.9866	29.6366	64.1079	0.0664518	7.55081	33.342	8.29757	0.223874	3.29253
DIff1_Matrix_St1	78	2562.42	200.25	-0.0179	0.0206	0.017	28.7946	20.2908	0.155691	5.59937	29.5846	27.308	0.289965	14.035	29.6372	63.4559	0.0675466	7.59715	33.3414	8.06298	0.230983	3.30104
DIff1_Matrix_St1	79	2565.92	200.21	-0.0013	0.0206	0.0182	28.7932	20.1678	0.161774	5.78283	29.5798	26.9143	0.292148	13.9367	29.6376	64.806	0.0659288	7.57295	33.3448	7.7064	0.238576	3.25876
DIff1_Matrix_St1	80	2569.42	200.14	-0.0219	0.0206	0.0184	28.7937	19.8528	0.161953	5.69885	29.5871	28.7855	0.286508	14.6179	29.6375	64.3439	0.0650898	7.42327	33.34	7.98857	0.231395	3.2764
DIff1_Matrix_St1	81	2572.92	199.77	0.0179	0.0207	0.02	28.7949	19.8119	0.162207	5.69602	29.585	27.8961	0.286563	14.169	29.637	64.6685	0.0660019	7.56527	33.3362	8.25106	0.221154	3.23429
DIff1_Matrix_St1	82	2576.42	199.86	-0.0219	0.0212	0.0195	28.7942	19.6092	0.164023	5.70086	29.586	28.0314	0.291213	14.4687	29.636	65.1955	0.0643168	7.4322	33.3406	8.11906	0.232191	3.34138
DIff1_Matrix_St1	83	2579.92	200.29	0.0097	0.0206	0.0171	28.7947	19.7023	0.160245	5.59597	29.5838	27.1641	0.292466	14.0814	29.6371	66.1118	0.0660977	7.74534	33.3377	8.14622	0.226447	3.26962
DIff1_Matrix_St1	84	2583.42	200.45	-0.0156	0.0206	0.0198	28.7936	20.0447	0.160463	5.70098	29.5832	27.2178	0.294007	14.1836	29.637	65.3211	0.0666452	7.71609	33.3461	7.89598	0.234079	3.27599
DIff1_Matrix_St1	85	2586.92	200.2	0.0071	0.0205	0.0212	28.7958	20.3168	0.159606	5.74751	29.5883	27.4082	0.291426	14.1574	29.6367	64.615	0.0661434	7.57521	33.3418	8.02886	0.233146	3.31785
DIff1_Matrix_St1	86	2590.42	200	-0.0093	0.0204	0.019	28.7916	19.9221	0.160765	5.67679	29.5868	27.1188	0.293964	14.1299	29.636	65.0914	0.0659859	7.6129	33.3384	8.2416	0.228322	3.33529
DIff1_Matrix_St1	87	2593.92	199.7	-0.03	0.0206	0.0207	28.7942	20.1656	0.157515	5.62998	29.5835	27.2296	0.290482	14.0196	29.6368	64.3637	0.0680834	7.76707	33.3401	8.23454	0.233624	3.40982
DIff1_Matrix_St1	88	2597.42	199.92	0.0114	0.0206	0.023	28.7947	19.5986	0.16395	5.69522	29.5838	27.0251	0.292647	14.018	29.6368	65.9701	0.066341	7.75719	33.3431	8.0163	0.231592	3.29058
DIff1_Matrix_St1	89	2600.92	199.81	0.0447	0.0206	0.0217	28.7938	20.0767	0.159015	5.65855	29.5834	26.9445	0.293807	14.0316	29.6374	64.4459	0.0677461	7.73845	33.3357	8.14549	0.232709	3.35974
DIff1_Matrix_St1	90	2604.42	200.32	-0.006	0.0207	0.0213	28.792	19.9165	0.160961	5.68209	29.5867	27.9566	0.28759	14.2506	29.6376	65.4763	0.0663679	7.70224	33.3417	7.93149	0.23001	3.23353
DIff1_Matrix_St1	91	2607.92	199.94	-0.0139	0.0206	0.0218	28.7928	19.6046	0.16353	5.68239	29.5894	28.9727	0.279826	14.3699	29.6379	63.5855	0.0644199	7.26027	33.345	8.32	0.222425	3.28007
DIff1_Matrix_St1	92	2611.42	199.85	0.0061	0.0206	0.0219	28.7928	20.0222	0.157824	5.60095	29.586	28.3546	0.283584	14.2522	29.6384	64.4221	0.0655136	7.48068	33.3385	8.12531	0.227287	3.27332
DIff1_Matrix_St1	93	2614.92	199.81	0.0099	0.0206	0.0247	28.7946	20.0912	0.158249	5.63538	29.5832	27.0746	0.291114	13.9701	29.6368	64.6598	0.0675491	7.74157	33.3385	8.01321	0.238693	3.39017
DIff1_Matrix_St1	94	2618.42	199.82	-0.0239	0.0206	0.0235	28.795	20.013	0.157213	5.57668	29.5833	27.4994	0.291724	14.219	29.6382	65.9894	0.0666908	7.80036	33.3447	7.89734	0.239165	3.34775
DIff1_Matrix_St1	95	2621.92	200.02	-0.0284	0.0206	0.0224	28.7957	19.8513	0.161101	5.66842	29.5828	27.6435	0.286815	14.053	29.6377	64.6389	0.0671621	7.69473	33.3434	8.12864	0.227496	3.27768
DIff1_Matrix_St1	96	2625.42	200.15	-0.0002	0.0206	0.0232	28.7944	19.8454	0.158796	5.58565	29.5854	28.1209	0.285552	14.2328	29.6371	65.3397	0.0652528	7.55703	33.3397	8.18885	0.229909	3.33698
DIff1_Matrix_St1	97	2628.93	199.87	0.0019	0.0206	0.0244	28.7932	20.2732	0.159217	5.7212	29.5877	27.5418	0.292133	14.2609	29.6371	66.6446	0.0656294	7.75245	33.3338	7.85614	0.23762	3.30878
DIff1_Matrix_St1	98	2632.43	199.87	-0.0295	0.0206	0.0202	28.794	19.9578	0.15827	5.5987	29.5845	27.6418	0.29052	14.2336	29.6381	64.4467	0.0670708	7.66141	33.3343	8.06101	0.236057	3.37273
DIff1_Matrix_St1	99	2635.93	200	-0.009	0.0206	0.0249	28.7927	19.8432	0.160308	5.63822	29.5849	28.0611	0.286443	14.2468	29.6383	65.0961	0.065118	7.51331	33.3444	8.30051	0.229135	3.37109
DIff1_Matrix_St1	100	2639.43	200.06	0.0011	0.0206	0.0255	28.7938	19.6198	0.162858	5.66339	29.5866	28.1057	0.287051	14.2998	29.6369	65.1432	0.0646562	7.46542	33.339	8.10725	0.230677	3.31476
DIff1_Matrix_St1	101	2642.93	200.34	-0.0202	0.0206	0.0234	28.7928	19.9022	0.161012	5.67981	29.5855	27.7505	0.289432	14.2361	29.6366	65.1967	0.0661114	7.63971	33.335	8.28752	0.226501	3.32712
DIff1_Matrix_St1	102	2646.43	200.12	0.0001	0.0206	0.0247	28.7933	19.5676	0.162946	5.65142	29.5872	27.7832	0.289591	14.2608	29.6384	64.0806	0.0662868	7.52885	33.3414	8.02662	0.228436	3.24992
DIff1_Matrix_St1	103	2649.93	199.91	-0.0145	0.0206	0.0264	28.7919	19.8737	0.159584	5.62137	29.5823	27.9747	0.28754	14.2573	29.6385	65.5815	0.0656932	7.63619	33.3392	8.0983	0.233133	3.34637
DIff1_Matrix_St1	104	2653.43	200.3	-0.0173	0.0206	0.0256	28.7934	19.5027	0.16369	5.65838	29.5855	27.5392	0.288388	14.0768	29.6366	64.05	0.0679563	7.71478	33.338	7.96759	0.234647	3.31372
DIff1_Matrix_St1	105	2656.93	200	0.0097	0.0206	0.0284	28.7954	20.1954	0.157583	5.64076	29.5834	28.4199	0.282133	14.2119	29.6376	64.7381	0.0656717	7.53552	33.3386	8.17984	0.229177	3.32269
DIff1_Matrix_St1	106	2660.43	200.15	-0.0183	0.0206	0.0263	28.794	19.9076	0.162789	5.74406	29.5846	27.6111	0.288311	14.1098	29.6371	64.9102	0.0668843	7.69507	33.338	8.00768	0.232938	3.30615
DIff1_Matrix_St1	107	2663.93	199.67	-0.0089	0.0205	0.0273	28.7938	19.4959	0.164262	5.67619	29.5838	27.8669	0.285483	14.1008	29.6377	65.1436	0.0667437	7.7065	33.3359	8.01247	0.235308	3.34179
DIff1_Matrix_St1	108	2667.43	200.19	0.0063	0.0206	0.0268	28.7937	19.7875	0.159207	5.58376	29.5874	28.0188	0.289419	14.3731	29.6365	64.4093	0.0669251	7.64034	33.3426	8.01541	0.23642	3.3588
DIff1_Matrix_St1	109	2670.93	200.06	0.0149	0.0206	0.0268	28.7909	20.1949	0.157356	5.63249	29.5871	28.9836	0.280956	14.4333	29.6377	65.6533	0.064188	7.46939	33.3446	7.86037	0.235509	3.28115
DIff1_Matrix_St1	110	2674.43	200.1	-0.0288	0.0206	0.028	28.7967	19.6934	0.160951	5.6181	29.5899	29.0422	0.277651	14.2923	29.6379	64.637	0.0641539	7.34985	33.3377	7.95149	0.231539	3.26324
DIff1_Matrix_St1	111	2677.93	199.95	-0.0019	0.021	0.0267	28.7942	19.872	0.158992	5.60004	29.5855	28.267	0.283101	14.1839	29.6376	64.4636	0.0664773	7.59562	33.3407	8.15945	0.237403	3.43338
DIff1_Matrix_St1	112	2681.43	200.38	-0.0153	0.0206	0.0263	28.7933	20.3204	0.159948	5.76087	29.5852	27.9372	0.286152	14.1695	29.6372	64.8855	0.0660022	7.59068	33.3363	7.87611	0.236043	3.29517
DIff1_Matrix_St1	113	2684.93	200.34	-0.0075	0.0206	0.0262	28.7958	19.8884	0.159697	5.62953	29.5829	28.1011	0.286284	14.2592	29.6375	65.8357	0.0661763	7.72217	33.3439	8.12019	0.230398	3.31603
DIff1_Matrix_St1	114	2688.43	199.64	-0.0184	0.0206	0.0291	28.7938	19.4305	0.162813	5.60724	29.5882	28.3396	0.2854	14.3358	29.6376	64.9021	0.0653782	7.52085	33.3412	7.98927	0.23901	3.38453
DIff1_Matrix_St1	115	2691.93	200.21	0.0238	0.0206	0.0261	28.7968	19.9216	0.159711	5.63941	29.586	28.6556	0.280857	14.2649	29.6385	64.3306	0.0655264	7.47152	33.3429	7.93103	0.23517	3.30588
DIff1_Matrix_St1	116	2695.43	200.22	0.0195	0.0206	0.0285	28.794	19.6866	0.160877	5.61358	29.5889	29.3643	0.275994	14.3646	29.6382	63.4643	0.0657302	7.39382	33.3373	7.953	0.231163	3.25855
DIff1_Matrix_St1	117	2698.93	200.06	-0.008	0.0206	0.0303	28.7946	19.623	0.161778	5.62679	29.5853	28.5722	0.285112	14.4389	29.6373	64.3659	0.0663313	7.56745	33.3362	8.11424	0.232533	3.34431
DIff1_Matrix_St1	118	2702.44	200.39	-0.019	0.0207	0.0336	28.7953	20.2502	0.160376	5.75629	29.5849	27.8421	0.287502	14.1879	29.6366	65.1707	0.066847	7.72164	33.3396	8.13614	0.233318	3.36467
DIff1_Matrix_St1	119	2705.94	199.51	0.0011	0.0208	0.03	28.794	20.1049	0.158962	5.66459	29.5892	27.8934	0.285722	14.126	29.6373	64.5814	0.067391	7.71408	33.3343	7.90649	0.238033	3.33577
DIff1_Matrix_St1	120	2709.44	199.8	-0.0236	0.0206	0.0314	28.7925	19.5741	0.16256	5.63989	29.583	28.2306	0.285637	14.2925	29.6374	65.5239	0.0657807	7.63964	33.3403	7.86286	0.240891	3.35719
DIff1_Matrix_St1	121	2712.94	199.62	-0.0169	0.0203	0.03	28.7937	19.4095	0.163275	5.61705	29.5855	28.2843	0.282244	14.1497	29.6376	65.1084	0.0654464	7.55263	33.3403	7.96828	0.227129	3.20783
DIff1_Matrix_St1	122	2716.44	199.84	-0.0006	0.0209	0.0325	28.7942	19.9258	0.160305	5.66157	29.588	28.6322	0.279889	14.2042	29.6363	64.5755	0.0651454	7.45635	33.3367	8.36289	0.226901	3.36331
DIff1_Matrix_St1	123	2719.94	200.35	-0.012	0.0206	0.0321	28.794	19.9769	0.160156	5.67082	29.5844	28.0842	0.285822	14.2276	29.6376	65.8877	0.0656237	7.66373	33.3424	8.19216	0.232427	3.3749
DIff1_Matrix_St1	124	2723.44	199.51	-0.0282	0.0206	0.0305	28.794	19.8104	0.15801	5.54819	29.5864	28.0735	0.285106	14.1866	29.6372	65.8328	0.0662617	7.73179	33.3357	8.04182	0.229316	3.26862
DIff1_Matrix_St1	125	2726.94	200.34	0.0131	0.0203	0.0323	28.793	19.9048	0.159244	5.61817	29.5879	29.381	0.278137	14.4844	29.6383	65.3758	0.0642119	7.44059	33.3395	8.09093	0.235307	3.37449
DIff1_Matrix_St1	126	2730.44	200.08	-0.0091	0.0211	0.032	28.7949	19.8615	0.161128	5.67229	29.5854	27.9615	0.287551	14.2512	29.6373	66.3576	0.0651112	7.65811	33.3362	8.28701	0.227866	3.34697
DIff1_Matrix_St1	127	2733.94	200.08	-0.0061	0.0206	0.0335	28.7956	19.7959	0.159922	5.61122	29.5843	28.6044	0.280625	14.2277	29.6378	64.1389	0.0667004	7.58272	33.3415	8.22301	0.221924	3.23452
DIff1_Matrix_St1	128	2737.44	200.21	-0.0115	0.0207	0.0359	28.7916	20.0272	0.157129	5.57765	29.587	28.0168	0.284334	14.1196	29.6376	64.1154	0.0672451	7.64184	33.3399	8.40694	0.225957	3.36696
DIff1_Matrix_St1	129	2740.94	200.32	-0.0309	0.0206	0.0316	28.7937	19.8333	0.161984	5.69432	29.5882	28.5629	0.282739	14.3141	29.6378	64.942	0.0659185	7.58766	33.3393	8.04259	0.235618	3.35876
DIff1_Matrix_St1	130	2744.44	200.15	-0.015	0.0205	0.0361	28.7938	19.882	0.157721	5.55807	29.5866	28.6739	0.282455	14.3553	29.6382	64.5064	0.0656035	7.50075	33.3428	7.98745	0.236682	3.35079
DIff1_Matrix_St1	131	2747.94	199.58	-0.0081	0.0208	0.0338	28.7946	19.8335	0.161956	5.69341	29.5842	28.1973	0.283073	14.1475	29.6377	64.5548	0.0665987	7.62025	33.3362	7.96312	0.230977	3.26007
DIff1_Matrix_St1	132	2751.44	199.73	-0.0126	0.021	0.0361	28.7943	19.1808	0.16531	5.62006	29.5873	27.4902	0.288324	14.0486	29.6366	65.6217	0.0670281	7.79614	33.3393	8.04515	0.235548	3.35883
DIff1_Matrix_St1	133	2754.94	200.13	-0.0124	0.0205	0.0347	28.7935	19.4216	0.161184	5.54855	29.5884	28.7218	0.279051	14.206	29.6368	64.1169	0.0659269	7.49221	33.3407	7.86486	0.230088	3.20745
DIff1_Matrix_St1	134	2758.44	199.64	-0.0088	0.0203	0.0349	28.7947	19.5606	0.162232	5.6246	29.5858	29.0194	0.280721	14.439	29.6377	64.277	0.0662062	7.54274	33.3375	8.1905	0.225774	3.27762
DIff1_Matrix_St1	135	2761.94	199.81	-0.0001	0.0206	0.0336	28.796	19.8546	0.15978	5.62287	29.587	28.073	0.28495	14.1786	29.637	64.9571	0.065523	7.54389	33.343	8.12282	0.225581	3.24776
DIff1_Matrix_St1	136	2765.44	200.4	0.015	0.0204	0.035	28.7953	19.377	0.164767	5.65889	29.5877	28.1114	0.284237	14.1624	29.6371	66.7768	0.0648661	7.67748	33.3403	8.08535	0.23126	3.31417
DIff1_Matrix_St1	137	2768.94	199.46	0.0151	0.0206	0.0353	28.7917	19.4051	0.16139	5.55096	29.5869	27.7743	0.282766	13.9202	29.6381	65.4682	0.0667249	7.74271	33.3437	7.99319	0.237876	3.37012
DIff1_Matrix_St1	138	2772.44	199.69	0.027	0.0207	0.0352	28.7913	19.9821	0.159239	5.63981	29.5856	27.6615	0.287951	14.1179	29.6365	65.7888	0.0666229	7.76873	33.3387	8.06427	0.232206	3.31905
DIff1_Matrix_St1	139	2775.95	199.54	-0.0179	0.0206	0.0368	28.7943	19.7311	0.16095	5.62879	29.5843	27.7478	0.287634	14.1463	29.6369	65.2904	0.0671737	7.77363	33.3399	7.80308	0.239866	3.31748
DIff1_Matrix_St1	140	2779.45	199.73	0.0004	0.0206	0.0389	28.7936	19.4601	0.163463	5.63819	29.584	27.7313	0.28487	14.002	29.6379	64.8174	0.0666486	7.65698	33.3411	8.19994	0.22167	3.22176
DIff1_Matrix_St1	141	2782.95	200.32	0.003	0.0211	0.0346	28.7929	20.3583	0.155992	5.62883	29.587	27.9824	0.283955	14.0835	29.637	64.7519	0.0674183	7.73758	33.3399	8.09637	0.231957	3.32868
DIff1_Matrix_St1	142	2786.45	200.51	0.0109	0.0207	0.0383	28.7934	19.6532	0.161746	5.6343	29.5879	27.9997	0.284685	14.1284	29.638	66.3345	0.066027	7.76311	33.3386	8.06189	0.227395	3.24932
DIff1_Matrix_St1	143	2789.95	199.74	-0.0034	0.0206	0.0381	28.794	19.4951	0.162566	5.61734	29.5857	28.5236	0.279713	14.1414	29.6377	65.3814	0.0660123	7.64987	33.3381	8.08304	0.236005	3.3812
DIff1_Matrix_St1	144	2793.45	200.18	0.0009	0.0206	0.0369	28.7946	19.4715	0.164054	5.66191	29.5866	29.1471	0.274326	14.1722	29.6387	63.9195	0.0644183	7.29823	33.3406	7.89545	0.234331	3.27931
DIff1_Matrix_St1	145	2796.95	199.92	-0.0315	0.0213	0.0376	28.7953	19.5151	0.160592	5.55481	29.5857	28.1925	0.283164	14.1497	29.638	64.7588	0.0665341	7.63692	33.3414	7.83216	0.23889	3.3163
DIff1_Matrix_St1	146	2800.45	200.41	-0.0236	0.0206	0.0392	28.7932	19.8972	0.160512	5.66076	29.5866	27.9786	0.283145	14.0414	29.6378	65.31	0.066225	7.66613	33.338	8.01572	0.232886	3.30873
DIff1_Matrix_St1	147	2803.95	200.28	-0.0161	0.0206	0.0396	28.7942	19.8027	0.159478	5.59757	29.5909	29.3888	0.275938	14.3737	29.6376	64.7438	0.0639886	7.34304	33.3409	7.90468	0.238873	3.34677
DIff1_Matrix_St1	148	2807.45	200.28	-0.0377	0.0209	0.0398	28.7917	19.9407	0.159549	5.6391	29.5876	28.7581	0.280354	14.2903	29.637	65.6445	0.065171	7.58276	33.3428	8.20735	0.229026	3.33168
DIff1_Matrix_St1	149	2810.95	200.38	-0.0164	0.0206	0.0401	28.7938	19.5493	0.160902	5.57528	29.586	28.497	0.282477	14.2678	29.6372	66.0968	0.0638708	7.48269	33.3383	7.97561	0.232848	3.29163
DIff1_Matrix_St1	150	2814.45	200.14	-0.0123	0.0206	0.0383	28.7959	19.7115	0.158439	5.53547	29.5876	27.9709	0.283592	14.0597	29.6367	65.2955	0.0659422	7.6317	33.3389	8.07841	0.229132	3.28085
DIff1_Matrix_St1	151	2817.95	200.45	0.0017	0.021	0.0406	28.7945	19.5909	0.164748	5.7207	29.5881	28.5763	0.282174	14.2921	29.6378	65.2764	0.0657788	7.61056	33.3404	7.91418	0.232523	3.26172
DIff1_Matrix_St1	152	2821.45	199.88	-0.0197	0.021	0.041	28.7934	19.6987	0.162936	5.68892	29.5877	28.4552	0.27811	14.0266	29.6381	65.0955	0.0655777	7.56627	33.3372	7.99657	0.232709	3.29831
DIff1_Matrix_St1	153	2824.95	200.04	-0.0015	0.0206	0.0374	28.7907	19.6504	0.160476	5.58929	29.5874	28.6659	0.275183	13.9818	29.6381	64.7258	0.0662558	7.6011	33.3369	8.0391	0.228322	3.25334
DIff1_Matrix_St1	154	2828.45	199.91	0.016	0.0206	0.0417	28.7949	19.3833	0.166379	5.71612	29.5863	28.512	0.27976	14.138	29.637	63.7443	0.065705	7.4236	33.3361	8.07483	0.230599	3.3004
DIff1_Matrix_St1	155	2831.95	199.54	0.0026	0.0206	0.0405	28.7921	19.1452	0.164578	5.58481	29.5878	28.4795	0.281387	14.204	29.6373	65.9094	0.0654141	7.64177	33.3448	7.97639	0.237979	3.3645
DIff1_Matrix_St1	156	2835.45	199.95	-0.0149	0.0206	0.042	28.7903	19.5863	0.160617	5.57597	29.5865	28.0626	0.284981	14.1749	29.6378	64.1461	0.0667896	7.59371	33.343	8.01217	0.230933	3.27953
DIff1_Matrix_St1	157	2838.95	199.94	0.0093	0.0206	0.042	28.7938	19.4582	0.162904	5.61838	29.5896	28.8637	0.282913	14.4737	29.6377	64.663	0.0649331	7.44212	33.337	8.1992	0.23126	3.36083
DIff1_Matrix_St1	158	2842.45	200.17	-0.0086	0.0206	0.0431	28.794	19.8069	0.161932	5.68492	29.5835	28.7218	0.278993	14.203	29.6377	64.8461	0.0664555	7.63817	33.3434	8.10841	0.231817	3.33162
DIff1_Matrix_St1	159	2845.95	200.02	-0.0059	0.0206	0.042	28.795	19.4938	0.161464	5.57888	29.5879	28.9747	0.277382	14.2453	29.6373	64.6997	0.0649969	7.45366	33.3444	7.82914	0.238048	3.30334
DIff1_Matrix_St1	160	2849.45	199.53	0.0028	0.0206	0.0417	28.7945	19.3777	0.16656	5.72067	29.5878	28.9897	0.278517	14.311	29.637	64.1526	0.0658888	7.49205	33.3397	7.9496	0.229128	3.22848
DIff1_Matrix_St1	161	2852.96	199.62	-0.0003	0.0204	0.0436	28.7941	19.4602	0.162341	5.59952	29.5901	28.919	0.278202	14.2599	29.6369	63.1596	0.0660375	7.39273	33.3343	8.0231	0.233553	3.32126
DIff1_Matrix_St1	162	2856.46	199.67	-0.005	0.0206	0.0444	28.794	19.5807	0.163517	5.67503	29.5891	28.8706	0.27536	14.0907	29.6376	64.6534	0.0659438	7.55683	33.3456	7.80232	0.241671	3.34212
DIff1_Matrix_St1	163	2859.96	199.8	-0.008	0.0206	0.0444	28.7943	19.6221	0.162552	5.65342	29.589	29.459	0.273115	14.2606	29.6375	66.2274	0.0641757	7.53327	33.3461	7.84564	0.238588	3.31781
DIff1_Matrix_St1	164	2863.46	200.05	-0.0248	0.0206	0.0446	28.7922	19.7127	0.15979	5.58306	29.5882	29.48	0.274362	14.3359	29.6377	64.3498	0.0638683	7.28463	33.3408	8.19474	0.224836	3.2657
DIff1_Matrix_St1	165	2866.96	200.29	-0.003	0.0206	0.0459	28.793	19.4873	0.160163	5.53206	29.5887	28.5355	0.28195	14.2604	29.637	64.9048	0.0660501	7.59846	33.3412	8.33609	0.218159	3.22337
DIff1_Matrix_St1	166	2870.46	199.75	-0.0222	0.0206	0.0452	28.7915	19.4365	0.16284	5.60988	29.5887	28.6474	0.278714	14.152	29.6368	63.9463	0.0661071	7.4927	33.3396	8.27462	0.219466	3.21877
DIff1_Matrix_St1	167	2873.96	199.75	-0.024	0.0206	0.0436	28.7912	19.5963	0.162572	5.64668	29.5885	29.0128	0.276489	14.2182	29.6368	65.2207	0.0654571	7.56688	33.3386	7.97287	0.236073	3.33608
DIff1_Matrix_St1	168	2877.46	199.54	-0.0016	0.0206	0.0452	28.7937	19.5556	0.158554	5.49572	29.5869	27.5774	0.286266	13.9926	29.6362	64.8077	0.0671171	7.70966	33.3363	7.95907	0.232638	3.28184
DIff1_Matrix_St1	169	2880.96	199.77	-0.0356	0.0206	0.045	28.7946	19.9749	0.160893	5.69635	29.5888	29.1449	0.275886	14.2517	29.6367	64.2633	0.0655616	7.46771	33.3346	8.04385	0.235709	3.36059
DIff1_Matrix_St1	170	2884.46	200.45	0.0212	0.0206	0.0463	28.7923	19.6098	0.162412	5.64503	29.5908	28.955	0.27908	14.3228	29.6367	65.6716	0.0652365	7.59352	33.3404	8.0288	0.230892	3.28575
DIff1_Matrix_St1	171	2887.96	199.48	0.0026	0.0206	0.046	28.7941	19.868	0.161969	5.70375	29.5893	28.468	0.277209	13.9875	29.6361	66.4585	0.0654334	7.70771	33.3355	7.69415	0.237079	3.23316
DIff1_Matrix_St1	172	2891.46	199.69	0.0271	0.0206	0.0477	28.7917	19.7976	0.160746	5.64062	29.5892	29.275	0.275407	14.2905	29.6378	63.6052	0.0658534	7.42414	33.3404	7.98033	0.232047	3.28225
DIff1_Matrix_St1	173	2894.96	199.65	0.0004	0.0206	0.0489	28.7953	19.4289	0.162659	5.60145	29.589	28.2108	0.279622	13.9818	29.6382	64.0213	0.0671998	7.62549	33.3399	7.8072	0.232448	3.21659
DIff1_Matrix_St1	174	2898.46	200.12	0.0043	0.0206	0.0459	28.7938	19.5207	0.1603	5.54632	29.5873	27.9578	0.281533	13.9511	29.6364	63.5733	0.0681195	7.67575	33.3401	7.82191	0.231758	3.21309
DIff1_Matrix_St1	175	2901.96	199.64	0.0084	0.0206	0.0462	28.794	19.5271	0.159237	5.51136	29.587	29.1697	0.27645	14.293	29.6373	65.393	0.0647944	7.51007	33.3421	7.96469	0.228252	3.22225
DIff1_Matrix_St1	176	2905.46	199.78	-0.0046	0.0206	0.0462	28.7935	19.7924	0.161935	5.68084	29.5876	28.8357	0.276959	14.1554	29.6372	65.6827	0.065856	7.66692	33.3383	8.02007	0.235507	3.34778
DIff1_Matrix_St1	177	2908.96	199.83	-0.0068	0.0206	0.0492	28.7938	19.253	0.160022	5.46077	29.5887	28.0288	0.283663	14.0923	29.6372	63.6942	0.0676414	7.63638	33.338	8.01496	0.228005	3.23907
DIff1_Matrix_St1	178	2912.46	199.96	-0.0088	0.0206	0.0467	28.7921	19.2402	0.159354	5.43433	29.585	28.3959	0.27769	13.9763	29.6372	65.2309	0.0664946	7.68802	33.3359	8.11262	0.22897	3.29241
DIff1_Matrix_St1	179	2915.96	199.95	0.0046	0.0211	0.0493	28.7914	19.0472	0.164993	5.57022	29.588	28.5833	0.277401	14.0539	29.6368	64.7246	0.0683426	7.84035	33.3348	8.18718	0.222282	3.22563
DIff1_Matrix_St1	180	2919.46	199.71	-0.0061	0.0206	0.0502	28.7931	19.1522	0.163021	5.53398	29.5887	28.2751	0.280636	14.0644	29.6366	63.5673	0.0674643	7.60122	33.3415	7.89484	0.237323	3.32092
DIff1_Matrix_St1	181	2922.96	200.03	-0.0093	0.0205	0.0482	28.7927	19.1458	0.165049	5.60095	29.5905	29.5543	0.272997	14.3006	29.6367	65.1649	0.0645659	7.45748	33.3446	7.87423	0.238578	3.32977
DIff1_Matrix_St1	182	2926.47	200.25	-0.011	0.0206	0.0481	28.7902	19.7755	0.160827	5.63717	29.5878	29.1168	0.276057	14.2468	29.6372	64.8767	0.0656911	7.55389	33.3374	8.00622	0.233521	3.31382
DIff1_Matrix_St1	183	2929.97	200.48	-0.0216	0.0206	0.0494	28.7922	19.1795	0.161034	5.4743	29.5886	28.9184	0.274419	14.0658	29.6368	63.7187	0.0665406	7.515	33.3326	8.02721	0.23171	3.29673
DIff1_Matrix_St1	184	2933.47	200.34	-0.0092	0.0206	0.0517	28.7914	19.2603	0.163098	5.56781	29.5909	29.7074	0.273855	14.4199	29.6359	63.576	0.0643164	7.24753	33.343	8.34933	0.223726	3.31088
DIff1_Matrix_St1	185	2936.97	200.47	0.004	0.0206	0.0519	28.794	19.4934	0.161779	5.58965	29.5861	28.775	0.275501	14.0512	29.6365	64.6751	0.0668884	7.66766	33.3419	7.9077	0.23568	3.3033
DIff1_Matrix_St1	186	2940.47	199.73	0.0137	0.0208	0.052	28.7938	18.7034	0.166066	5.50524	29.5916	28.8832	0.27846	14.2555	29.6362	65.0678	0.0652069	7.5203	33.34	8.27496	0.22793	3.34305
DIff1_Matrix_St1	187	2943.97	200.5	0.0059	0.0206	0.049	28.7938	19.0094	0.164426	5.54005	29.5855	28.6558	0.279384	14.1902	29.6366	64.604	0.0655538	7.5064	33.3407	7.81691	0.237556	3.29136
DIff1_Matrix_St1	188	2947.47	199.67	-0.0049	0.0206	0.0533	28.793	19.436	0.160274	5.52134	29.5865	28.974	0.276324	14.1906	29.6365	63.0346	0.0679667	7.59365	33.338	8.20843	0.230255	3.34999
DIff1_Matrix_St1	189	2950.97	199.79	-0.0169	0.0206	0.0517	28.7928	19.1915	0.162993	5.54438	29.5851	28.1267	0.281099	14.0137	29.6364	65.4317	0.0672987	7.80495	33.3368	7.86219	0.229491	3.19804
DIff1_Matrix_St1	190	2954.47	200.42	-0.006	0.0206	0.0508	28.7916	19.1779	0.161289	5.48254	29.588	28.6021	0.278724	14.1302	29.6366	64.9595	0.0662666	7.62978	33.3358	8.128	0.227385	3.27582
DIff1_Matrix_St1	191	2957.97	200.29	0.0162	0.0207	0.0516	28.792	19.394	0.162227	5.57653	29.59	28.9548	0.276212	14.1755	29.6359	64.6819	0.0651312	7.46702	33.3381	7.90003	0.229636	3.21546
DIff1_Matrix_St1	192	2961.47	200.01	0.0016	0.0206	0.052	28.7934	19.0656	0.165595	5.59594	29.5886	30.2239	0.272188	14.5812	29.6364	63.6899	0.064395	7.26938	33.3384	8.10206	0.228541	3.28197
DIff1_Matrix_St1	193	2964.97	200.45	-0.026	0.0206	0.0534	28.7939	19.6355	0.158334	5.51051	29.5863	29.0726	0.274676	14.154	29.6373	64.9819	0.0657589	7.57395	33.3387	8.13611	0.229937	3.31589
DIff1_Matrix_St1	194	2968.47	200.02	-0.031	0.0206	0.054	28.7947	19.3793	0.162056	5.56645	29.587	28.4756	0.277351	13.9983	29.6373	63.7048	0.0668708	7.55064	33.3415	8.10435	0.230974	3.31785
DIff1_Matrix_St1	195	2971.97	200.4	-0.0084	0.0206	0.0526	28.7916	19.5385	0.160586	5.56128	29.5849	29.1243	0.272221	14.0525	29.6374	63.6312	0.0661743	7.46337	33.3388	7.93447	0.230019	3.23487
DIff1_Matrix_St1	196	2975.47	199.56	0.0099	0.0206	0.0532	28.7925	19.4719	0.162227	5.59894	29.5884	29.2117	0.273187	14.1446	29.636	65.2323	0.0648973	7.5035	33.3376	7.7378	0.234244	3.21264
DIff1_Matrix_St1	197	2978.97	200.04	0.0031	0.0206	0.0534	28.7945	19.2945	0.162497	5.55715	29.5884	29.6447	0.274502	14.4234	29.6364	65.0662	0.0646738	7.45861	33.3385	7.81602	0.236671	3.27872
DIff1_Matrix_St1	198	2982.47	199.7	-0.0132	0.0206	0.0546	28.7916	18.9563	0.1633	5.48674	29.5882	28.9831	0.276552	14.2068	29.6365	65.2266	0.0655027	7.57285	33.3341	7.82289	0.229094	3.17655
DIff1_Matrix_St1	199	2985.97	200.26	-0.0264	0.0206	0.0542	28.7931	19.2982	0.161971	5.54026	29.5869	28.614	0.277744	14.0864	29.6361	64.8382	0.0665703	7.65044	33.3368	7.97803	0.238484	3.37233
DIff1_Matrix_St1	200	2989.47	200.18	-0.0089	0.0206	0.0557	28.7933	19.133	0.16177	5.486	29.5892	29.0582	0.276397	14.2356	29.6377	63.2709	0.0652494	7.31738	33.3341	7.8842	0.233272	3.25984
DIff1_Matrix_St1	201	2992.97	200.12	0.0047	0.0204	0.0556	28.7926	19.2114	0.162874	5.54609	29.5887	29.3559	0.275647	14.3425	29.6364	65.2167	0.0653198	7.55054	33.3355	8.13606	0.229253	3.30601
DIff1_Matrix_St1	202	2996.47	200.35	-0.0082	0.0211	0.0561	28.7944	19.2323	0.161861	5.51758	29.5921	29.2243	0.274409	14.214	29.6367	65.9385	0.0645997	7.54996	33.3412	8.10049	0.232189	3.3337
DIff1_Matrix_St1	203	2999.98	199.77	-0.0175	0.0206	0.0548	28.793	19.3767	0.164636	5.65429	29.5875	29.9608	0.27206	14.4475	29.6372	63.8168	0.0642303	7.26524	33.3408	7.98183	0.231112	3.26963
DIff1_Matrix_St1	204	3003.48	199.85	-0.0184	0.0211	0.0548	28.7926	19.3077	0.165598	5.6671	29.5884	29.3128	0.273046	14.1863	29.637	64.6869	0.0658175	7.54627	33.3338	7.87668	0.233811	3.26425
DIff1_Matrix_St1	205	3006.98	199.87	-0.0173	0.0206	0.0549	28.7914	19.0942	0.160249	5.42339	29.5882	27.8845	0.279694	13.8236	29.6361	65.5459	0.0677406	7.86991	33.3388	7.8682	0.232979	3.24913
DIff1_Matrix_St1	206	3010.48	200.13	-0.0155	0.0209	0.0573	28.7938	19.5118	0.162153	5.60786	29.5837	28.1677	0.27931	13.9448	29.6368	63.6473	0.0677011	7.63749	33.3372	7.674	0.237015	3.22384
DIff1_Matrix_St1	207	3013.98	200.11	0.0012	0.0204	0.058	28.7911	19.3928	0.162003	5.56851	29.5892	28.7082	0.277832	14.1372	29.6354	64.2495	0.0665321	7.57662	33.3402	7.93224	0.231464	3.25427
DIff1_Matrix_St1	208	3017.48	199.62	0.0089	0.0206	0.0577	28.7886	19.5214	0.160919	5.56793	29.5883	29.668	0.271462	14.2749	29.6373	66.2733	0.0632198	7.4262	33.3374	8.05657	0.231643	3.30784
DIff1_Matrix_St1	209	3020.98	199.76	-0.0071	0.0206	0.0573	28.7925	19.5011	0.161044	5.56647	29.5881	28.7628	0.276817	14.1123	29.6364	66.3998	0.0658394	7.74867	33.3317	8.06065	0.228497	3.26457
DIff1_Matrix_St1	210	3024.48	199.43	0.0062	0.0204	0.0591	28.7926	19.2248	0.162346	5.53194	29.588	28.7927	0.275674	14.0687	29.6373	64.7112	0.066326	7.60743	33.3363	7.96096	0.23404	3.30241
DIff1_Matrix_St1	211	3027.98	199.71	0.0168	0.0206	0.0575	28.7945	19.4081	0.158797	5.46258	29.5875	28.6114	0.275543	13.9734	29.6371	64.4357	0.0662727	7.56895	33.3373	7.69857	0.235555	3.21423
DIff1_Matrix_St1	212	3031.48	199.8	-0.0238	0.0205	0.0585	28.7923	19.3148	0.162449	5.56137	29.5894	29.4382	0.270962	14.1382	29.6368	65.709	0.0650243	7.57313	33.3418	8.03046	0.227927	3.24423
DIff1_Matrix_St1	213	3034.98	199.7	-0.0285	0.0206	0.0618	28.7905	19.3626	0.162622	5.58108	29.5899	30.1436	0.271339	14.4971	29.6371	64.3225	0.0648649	7.39515	33.3388	7.69148	0.232981	3.17619
DIff1_Matrix_St1	214	3038.48	200.52	-0.0024	0.0206	0.0593	28.7939	19.6516	0.157825	5.49728	29.5854	28.7659	0.278287	14.1888	29.6366	64.7536	0.0656035	7.5295	33.3359	8.11155	0.228993	3.29232
DIff1_Matrix_St1	215	3041.98	199.78	-0.0178	0.0206	0.0597	28.7936	19.4566	0.158373	5.46165	29.5845	28.6738	0.279299	14.1948	29.6372	66.3316	0.0655815	7.71039	33.3376	7.8644	0.238837	3.32922
DIff1_Matrix_St1	216	3045.48	199.92	-0.0162	0.021	0.0592	28.7948	19.5168	0.159644	5.52249	29.5873	29.1678	0.275661	14.2513	29.6367	66.0742	0.0654679	7.66717	33.337	8.15093	0.225275	3.25458
DIff1_Matrix_St1	217	3048.98	200.03	-0.0026	0.0206	0.0604	28.7952	19.0162	0.163246	5.50224	29.5871	29.5292	0.27234	14.2541	29.6372	65.2199	0.0651951	7.53651	33.3402	7.85246	0.237532	3.306
DIff1_Matrix_St1	218	3052.48	200.21	-0.0187	0.0204	0.0623	28.7905	19.4804	0.160384	5.53776	29.5883	29.5934	0.274204	14.3828	29.637	64.1874	0.0659502	7.5031	33.3414	7.93877	0.232743	3.27495
DIff1_Matrix_St1	219	3055.98	199.72	-0.0291	0.0206	0.0604	28.7936	19.2446	0.160943	5.4898	29.5904	29.2891	0.273125	14.1789	29.6363	64.6559	0.066275	7.59509	33.3339	7.89782	0.22832	3.19615
DIff1_Matrix_St1	220	3059.48	199.77	-0.034	0.0206	0.0618	28.7903	19.0627	0.164633	5.56261	29.5858	29.4341	0.273216	14.2538	29.6369	65.0332	0.0656965	7.57272	33.3359	8.03755	0.227586	3.24223
DIff1_Matrix_St1	221	3062.98	199.82	0.0022	0.0206	0.0624	28.7962	19.1941	0.163139	5.5501	29.5847	28.2563	0.277365	13.8913	29.6378	64.4782	0.0674929	7.7134	33.3404	7.90877	0.230123	3.22585
DIff1_Matrix_St1	222	3066.48	199.8	0.0045	0.0206	0.0614	28.7935	19.1958	0.160523	5.46159	29.5872	28.5365	0.281034	14.2146	29.6368	65.2313	0.0655457	7.57836	33.3385	7.93835	0.233516	3.28565
DIff1_Matrix_St1	223	3069.98	200.01	-0.0309	0.0206	0.0634	28.7929	19.1922	0.161627	5.4981	29.5898	29.7276	0.271446	14.3027	29.6356	66.4221	0.0647414	7.62202	33.3379	7.86117	0.238024	3.31653
DIff1_Matrix_St1	224	3073.48	200.24	-0.0336	0.0207	0.0624	28.794	19.3065	0.159666	5.46377	29.59	29.3952	0.273109	14.2294	29.6369	65.7468	0.0640161	7.46	33.3365	7.72089	0.23655	3.23717
DIff1_Matrix_St1	225	3076.99	200.02	-0.0147	0.0206	0.0622	28.7918	19.4933	0.157111	5.42835	29.5877	27.5906	0.283905	13.8838	29.637	66.0438	0.0668465	7.82502	33.3368	8.02143	0.226567	3.22124
DIff1_Matrix_St1	226	3080.49	199.74	-0.0165	0.0206	0.0637	28.7931	19.2678	0.159707	5.4542	29.5873	28.7282	0.276905	14.0999	29.6363	65.5608	0.0647243	7.52118	33.3382	8.12856	0.22181	3.19572
DIff1_Matrix_St1	227	3083.99	199.62	-0.0247	0.0211	0.0632	28.7927	19.3767	0.161613	5.5505	29.5869	28.9906	0.276411	14.2032	29.6365	64.3771	0.0660722	7.53919	33.3354	7.81512	0.237685	3.2924
DIff1_Matrix_St1	228	3087.49	199.58	0.0015	0.0206	0.0636	28.7916	19.2842	0.163917	5.60273	29.5867	28.2396	0.279509	13.9903	29.6375	65.6562	0.0671899	7.81907	33.3449	7.88288	0.238199	3.32812
DIff1_Matrix_St1	229	3090.99	199.84	-0.0191	0.0215	0.0651	28.793	18.4286	0.16533	5.40032	29.5879	30.26	0.268221	14.3859	29.6364	65.2321	0.0632554	7.31364	33.3386	7.74289	0.225833	3.09932
DIff1_Matrix_St1	230	3094.49	199.75	0.0269	0.0209	0.0668	28.7925	19.3155	0.159868	5.4732	29.587	28.9563	0.274081	14.0669	29.6364	66.089	0.064772	7.58737	33.3385	8.12268	0.226423	3.25983
DIff1_Matrix_St1	231	3097.99	199.66	-0.0183	0.0204	0.0658	28.7926	19.0517	0.162385	5.48349	29.5872	28.6991	0.274094	13.9426	29.6364	66.7111	0.0659684	7.80026	33.3347	7.84765	0.229551	3.19296
DIff1_Matrix_St1	232	3101.49	199.77	0.0027	0.0206	0.0646	28.7909	19.3387	0.161261	5.52752	29.5876	28.8046	0.275483	14.0647	29.6369	65.6997	0.0660149	7.68741	33.3375	8.09007	0.225315	3.23085
DIff1_Matrix_St1	233	3104.99	199.76	-0.0073	0.0211	0.0663	28.7928	19.6673	0.159882	5.57338	29.5878	29.5433	0.272124	14.2495	29.6375	64.888	0.0650526	7.48177	33.3393	7.84667	0.233343	3.2453
DIff1_Matrix_St1	234	3108.49	200.07	-0.0159	0.0206	0.064	28.791	19.0984	0.162793	5.5107	29.59	29.0923	0.277138	14.2905	29.6364	65.552	0.0654904	7.60919	33.3356	8.09252	0.230442	3.30537
DIff1_Matrix_St1	235	3111.99	200.2	-0.0262	0.0206	0.0675	28.7932	18.792	0.165711	5.51947	29.5866	28.7044	0.275722	14.028	29.6359	65.4521	0.067984	7.88687	33.336	8.00676	0.228785	3.24684
DIff1_Matrix_St1	236	3115.49	199.76	-0.0073	0.0207	0.0665	28.7919	19.7539	0.158987	5.56657	29.5869	29.4646	0.271897	14.1997	29.637	64.2691	0.0659784	7.51586	33.3389	7.92834	0.232983	3.27403
DIff1_Matrix_St1	237	3118.99	200.46	-0.0114	0.0209	0.0657	28.7926	18.9052	0.16352	5.47933	29.5898	28.9195	0.274833	14.0875	29.6355	63.718	0.0676955	7.64534	33.3389	7.79264	0.240095	3.31622
DIff1_Matrix_St1	238	3122.49	200.31	-0.0108	0.0211	0.0655	28.7919	19.3546	0.161329	5.53442	29.5887	29.4001	0.273677	14.2614	29.6356	65.1272	0.0658693	7.60361	33.3349	7.91894	0.235741	3.30885
DIff1_Matrix_St1	239	3125.99	199.91	0.0034	0.0206	0.0713	28.7925	18.7818	0.163522	5.44361	29.593	28.9182	0.276907	14.1932	29.6364	64.8255	0.0648949	7.45644	33.337	7.99444	0.231796	3.2845
DIff1_Matrix_St1	240	3129.49	199.89	-0.0159	0.0206	0.0688	28.7907	19.2363	0.161355	5.50146	29.5904	28.3749	0.274906	13.8259	29.6368	65.8888	0.0669953	7.82404	33.3332	7.72215	0.23514	3.21839
DIff1_Matrix_St1	241	3132.99	199.85	-0.0382	0.0207	0.0674	28.7907	19.3764	0.159158	5.46609	29.5922	29.073	0.275441	14.1936	29.6361	64.6007	0.0662295	7.58339	33.3369	8.22724	0.222782	3.2487
DIff1_Matrix_St1	242	3136.49	199.89	-0.0025	0.0205	0.0694	28.7935	19.0119	0.162338	5.47041	29.5887	29.3889	0.274496	14.2986	29.6369	64.9639	0.0658593	7.5834	33.3332	7.97323	0.227413	3.21385
DIff1_Matrix_St1	243	3139.99	199.87	0.0237	0.0208	0.0651	28.7926	19.1577	0.165572	5.6222	29.589	29.6058	0.273648	14.3597	29.6366	66.1252	0.064073	7.5096	33.3359	7.94106	0.22874	3.21955
DIff1_Matrix_St1	244	3143.49	199.85	-0.0259	0.0206	0.0706	28.794	19.1	0.161607	5.47102	29.5901	29.4462	0.272887	14.2425	29.6373	63.9575	0.0661545	7.49939	33.341	7.91908	0.228539	3.20782
DIff1_Matrix_St1	245	3146.99	199.82	-0.0093	0.0207	0.0696	28.7932	19.4946	0.159142	5.49888	29.5874	28.9391	0.276151	14.1647	29.637	65.3382	0.0656919	7.6077	33.3399	7.78056	0.239524	3.3032
DIff1_Matrix_St1	246	3150.5	199.59	-0.0026	0.0206	0.0692	28.7911	18.8788	0.166975	5.58729	29.59	28.7872	0.274347	13.9983	29.6365	64.1496	0.0672261	7.64375	33.3375	8.08611	0.224021	3.21073
DIff1_Matrix_St1	247	3154	199.68	0.004	0.0206	0.0698	28.7912	18.8965	0.163082	5.46213	29.5876	28.5689	0.278062	14.0802	29.6367	64.2123	0.0681789	7.75967	33.3365	8.26381	0.222335	3.2566
DIff1_Matrix_St1	248	3157.5	200.51	-0.0139	0.0206	0.0705	28.791	18.7359	0.163963	5.44497	29.5887	29.2609	0.274626	14.2431	29.6372	66.7128	0.0642963	7.60274	33.3342	8.12208	0.230288	3.31523
DIff1_Matrix_St1	249	3161	199.9	-0.0398	0.0206	0.0697	28.7922	19.3676	0.163408	5.6095	29.5879	29.4908	0.27193	14.2141	29.6378	64.9048	0.0653891	7.52241	33.335	7.70518	0.234636	3.20444
DIff1_Matrix_St1	250	3164.5	200.36	-0.0049	0.0206	0.0733	28.7949	19.2325	0.163328	5.56762	29.588	29.079	0.272997	14.0706	29.6365	65.7069	0.0655538	7.63456	33.3382	7.77796	0.22722	3.13247
DIff1_Matrix_St1	251	3168	200.62	-0.0125	0.0206	0.0712	28.7929	19.5018	0.161887	5.5958	29.5945	30.2253	0.268348	14.3762	29.6367	64.6133	0.0646584	7.40494	33.3415	7.87009	0.224903	3.13725
DIff1_Matrix_St1	252	3171.5	199.9	-0.024	0.0206	0.0706	28.7912	19.0341	0.161296	5.44166	29.5877	28.853	0.276305	14.1304	29.6375	64.5904	0.0668184	7.64961	33.3324	7.79433	0.226985	3.13581
DIff1_Matrix_St1	253	3175	200.03	-0.0244	0.0206	0.0726	28.7941	18.9292	0.162582	5.45481	29.5897	29.2787	0.272724	14.1531	29.6375	62.722	0.0667655	7.42245	33.3348	7.85743	0.227313	3.16578
DIff1_Matrix_St1	254	3178.5	199.81	-0.0131	0.0206	0.0726	28.7923	18.9781	0.165202	5.55702	29.5869	28.5646	0.274093	13.8772	29.6364	66.52	0.0673504	7.94085	33.3355	7.78796	0.229447	3.16724
DIff1_Matrix_St1	255	3182	200.52	-0.0233	0.0209	0.0722	28.7935	19.2654	0.1596	5.44985	29.5891	28.0829	0.280131	13.9437	29.6373	65.8599	0.0665639	7.77024	33.3374	8.11711	0.227868	3.27838
DIff1_Matrix_St1	256	3185.5	199.97	0.0196	0.0208	0.0743	28.7935	18.8586	0.164463	5.49732	29.5894	28.6556	0.27801	14.1203	29.6363	63.7553	0.0666335	7.52981	33.3374	7.99398	0.232953	3.3007
DIff1_Matrix_St1	257	3189	200.15	-0.0192	0.0206	0.0755	28.7935	18.847	0.164685	5.50137	29.5895	28.6793	0.277843	14.1235	29.6363	63.7412	0.0665986	7.52421	33.3375	7.99057	0.23318	3.30252
