DIff1_Matrix_St1	1	2297.13	299.31	-0.0054	0.1186	-0.014	28.7167	20.9947	-0.15069	-5.60752	29.5442	37.7819	-0.230861	-15.46	29.5838	66.8995	0.0557829	6.61453	33.2874	7.79147	-0.199289	-2.75219
DIff1_Matrix_St1	2	2300.63	299.66	-0.0127	0.1188	-0.014	28.7119	21.2189	-0.14698	-5.52786	29.543	38.7805	-0.225092	-15.4721	29.5844	67.7666	0.0549323	6.59809	33.2784	7.94011	-0.195366	-2.74948
DIff1_Matrix_St1	3	2304.13	299.52	0.0067	0.1187	-0.0141	28.713	20.491	-0.149444	-5.42771	29.5438	38.9619	-0.227455	-15.7076	29.5844	68.3091	0.0547923	6.63397	33.2798	7.58797	-0.20135	-2.70802
DIff1_Matrix_St1	4	2307.63	299.35	0.0058	0.1184	-0.014	28.7103	20.857	-0.147005	-5.43447	29.5441	38.4632	-0.22686	-15.466	29.5836	67.8168	0.0561421	6.74841	33.28	7.88761	-0.195157	-2.72838
DIff1_Matrix_St1	5	2311.13	299.18	0.0166	0.1186	-0.0127	28.7058	19.9299	-0.149592	-5.28431	29.545	40.2414	-0.221723	-15.8146	29.5836	67.6205	0.0541888	6.49475	33.2835	7.38873	-0.201933	-2.64455
DIff1_Matrix_St1	6	2314.63	299.66	-0.0087	0.1191	-0.0117	28.7031	19.4309	-0.157282	-5.41683	29.5472	38.7345	-0.224037	-15.3813	29.5828	67.8972	0.0562161	6.76531	33.2739	7.43922	-0.199827	-2.63485
DIff1_Matrix_St1	7	2318.14	300.29	-0.0171	0.1186	-0.0132	28.7059	19.8955	-0.152201	-5.36717	29.547	40.7767	-0.21804	-15.7588	29.5843	66.9547	0.0531292	6.30506	33.2779	7.37461	-0.203553	-2.66067
DIff1_Matrix_St1	8	2321.64	300.61	-0.0023	0.1189	-0.0159	28.7021	19.2988	-0.153481	-5.25001	29.5455	40.8668	-0.219447	-15.8956	29.5846	65.461	0.0545855	6.33336	33.2683	7.16053	-0.209004	-2.65262
DIff1_Matrix_St1	9	2325.14	300.17	0.0104	0.1158	-0.0133	28.7016	18.9779	-0.157622	-5.30197	29.5462	41.3908	-0.216802	-15.9053	29.5839	68.5193	0.0533767	6.48245	33.2671	7.33766	-0.197183	-2.5645
DIff1_Matrix_St1	10	2328.64	299.63	0.0059	0.1194	-0.0132	28.7012	18.8719	-0.158841	-5.31317	29.549	42.5368	-0.215789	-16.2694	29.5842	65.7408	0.0520198	6.06148	33.2668	7.0349	-0.209514	-2.61243
DIff1_Matrix_St1	11	2332.14	299.52	-0.0093	0.1187	-0.0147	28.7008	18.7738	-0.155043	-5.15917	29.5485	42.0473	-0.213385	-15.9029	29.5828	68.3476	0.0535089	6.48223	33.2675	6.94473	-0.204304	-2.51482
DIff1_Matrix_St1	12	2335.64	299.65	-0.0006	0.1191	-0.0132	28.6972	18.2846	-0.156455	-5.07049	29.5469	40.4497	-0.219965	-15.7704	29.5836	66.8634	0.0567516	6.72576	33.2627	7.09467	-0.204139	-2.56704
DIff1_Matrix_St1	13	2339.14	300.15	-0.0065	0.1194	-0.0123	28.6948	18.3779	-0.156867	-5.10979	29.549	41.0473	-0.218533	-15.8993	29.5826	67.4071	0.0545998	6.52337	33.2579	6.93679	-0.215664	-2.65162
DIff1_Matrix_St1	14	2342.64	299.47	-0.0001	0.1196	-0.0155	28.694	17.4958	-0.160342	-4.97228	29.5464	39.8395	-0.221444	-15.637	29.584	68.658	0.0559827	6.81271	33.2586	6.82009	-0.215351	-2.60322
DIff1_Matrix_St1	15	2346.14	299.75	-0.0002	0.1187	-0.0135	28.6906	17.7553	-0.161928	-5.09594	29.5484	43.7175	-0.210438	-16.3063	29.5846	67.1369	0.0520894	6.19849	33.2555	6.61193	-0.211427	-2.47779
DIff1_Matrix_St1	16	2349.64	300.26	0	0.1186	-0.0134	28.6908	17.3103	-0.16452	-5.04776	29.5492	43.614	-0.210992	-16.3105	29.5844	65.6507	0.0518584	6.03439	33.256	6.78666	-0.209602	-2.52131
DIff1_Matrix_St1	17	2353.14	300.4	-0.0015	0.1192	-0.0124	28.6874	17.1956	-0.162207	-4.9438	29.5478	42.2166	-0.216963	-16.2347	29.5837	66.8367	0.0542649	6.42848	33.2586	6.63706	-0.213432	-2.51079
DIff1_Matrix_St1	18	2356.65	300.28	-0.0035	0.1191	-0.0119	28.6847	17.1476	-0.164035	-4.98558	29.5501	41.9421	-0.214832	-15.9707	29.5841	68.472	0.0546576	6.63343	33.2478	6.68313	-0.213911	-2.53389
DIff1_Matrix_St1	19	2360.15	300.19	0.002	0.1194	-0.0148	28.6896	17.151	-0.162847	-4.95045	29.5506	42.8036	-0.215529	-16.3516	29.5838	66.6916	0.0542107	6.40813	33.2479	6.48175	-0.216186	-2.48368
DIff1_Matrix_St1	20	2363.65	299.92	-0.0085	0.1195	-0.0131	28.6833	16.3543	-0.16788	-4.86636	29.5491	42.9766	-0.212948	-16.2211	29.5845	66.6312	0.0544262	6.42777	33.247	6.47454	-0.208663	-2.39458
DIff1_Matrix_St1	21	2367.15	299.24	-0.0182	0.119	-0.0139	28.684	16.5882	-0.163373	-4.80346	29.5507	43.6005	-0.211222	-16.3232	29.5841	66.4747	0.0531248	6.25934	33.252	6.38586	-0.213825	-2.42021
DIff1_Matrix_St1	22	2370.65	300.02	-0.0137	0.1199	-0.0131	28.6811	16.5657	-0.161343	-4.73735	29.5491	42.849	-0.212397	-16.1311	29.5848	66.3155	0.0542549	6.37718	33.2435	6.12447	-0.222255	-2.41265
DIff1_Matrix_St1	23	2374.15	300.26	-0.0097	0.1199	-0.0135	28.6805	15.9354	-0.171253	-4.83699	29.5496	43.1057	-0.21318	-16.2876	29.584	65.4551	0.0554674	6.43511	33.2428	6.17726	-0.216434	-2.36972
DIff1_Matrix_St1	24	2377.65	300.03	-0.0175	0.1193	-0.0144	28.681	15.6612	-0.172641	-4.7923	29.5499	43.1365	-0.213825	-16.3485	29.5839	66.5254	0.0538193	6.346	33.2433	6.37015	-0.209339	-2.3636
DIff1_Matrix_St1	25	2381.15	300.16	0.0102	0.1197	-0.014	28.6796	15.7902	-0.166967	-4.673	29.5497	43.8735	-0.212126	-16.4958	29.5842	66.12	0.0524837	6.15081	33.2396	6.14513	-0.207406	-2.25905
DIff1_Matrix_St1	26	2384.65	299.97	-0.0021	0.1188	-0.0151	28.678	15.4186	-0.173861	-4.75141	29.5512	42.0264	-0.216796	-16.1491	29.5835	65.8723	0.0557607	6.51037	33.2353	5.97855	-0.211771	-2.24407
DIff1_Matrix_St1	27	2388.15	299.64	-0.0133	0.1196	-0.0137	28.6744	15.2894	-0.170682	-4.62544	29.5515	44.7692	-0.207493	-16.4648	29.5829	66.6336	0.0515809	6.09196	33.2385	5.91199	-0.218642	-2.2911
DIff1_Matrix_St1	28	2391.65	299.69	-0.0163	0.1197	-0.0138	28.6743	15.0033	-0.17794	-4.73191	29.5514	43.6836	-0.212205	-16.4304	29.5839	66.354	0.0536815	6.31344	33.2358	5.68549	-0.231569	-2.33358
DIff1_Matrix_St1	29	2395.16	299.65	-0.0014	0.12	-0.013	28.6715	14.9589	-0.175303	-4.64798	29.5517	44.5625	-0.210972	-16.6636	29.5852	65.9075	0.0509591	5.95294	33.2313	5.85003	-0.218216	-2.26266
DIff1_Matrix_St1	30	2398.66	300.1	0.0331	0.1191	-0.0133	28.6717	15.0198	-0.175841	-4.68121	29.551	44.1489	-0.211676	-16.564	29.5842	64.7168	0.0543752	6.23724	33.2274	5.74191	-0.224177	-2.28151
DIff1_Matrix_St1	31	2402.16	300.47	-0.0146	0.1199	-0.0133	28.6692	14.8505	-0.175145	-4.61015	29.5511	44.7231	-0.211177	-16.7399	29.5844	66.0808	0.0525142	6.15073	33.2331	5.65086	-0.224072	-2.24428
DIff1_Matrix_St1	32	2405.66	299.91	0.0165	0.121	-0.0155	28.6675	14.6508	-0.17716	-4.60047	29.5486	43.4023	-0.213156	-16.3978	29.5848	66.1339	0.0548218	6.42617	33.2292	5.95145	-0.216239	-2.28104
DIff1_Matrix_St1	33	2409.16	300.78	-0.0029	0.1206	-0.0161	28.6695	14.5579	-0.177885	-4.59002	29.5508	43.5754	-0.212461	-16.4095	29.5851	66.6946	0.054597	6.45408	33.2261	5.84409	-0.222976	-2.30968
DIff1_Matrix_St1	34	2412.66	300.31	0.0197	0.1206	-0.014	28.6669	14.6146	-0.177177	-4.58954	29.5519	44.086	-0.211369	-16.5165	29.5842	64.9779	0.0552626	6.36461	33.2328	5.48051	-0.229132	-2.22578
DIff1_Matrix_St1	35	2416.16	299.29	0.0157	0.119	-0.0149	28.6648	14.4495	-0.181519	-4.6489	29.5515	44.3331	-0.212906	-16.7299	29.585	66.5945	0.054637	6.44912	33.2319	5.77493	-0.207133	-2.12017
DIff1_Matrix_St1	36	2419.66	299.83	0.0061	0.1213	-0.0147	28.6614	14.3174	-0.179381	-4.55213	29.5527	45.5932	-0.210057	-16.9751	29.5854	65.3499	0.0534969	6.19653	33.2255	5.92307	-0.220121	-2.31091
DIff1_Matrix_St1	37	2423.16	299.98	-0.0031	0.12	-0.0139	28.6641	13.91	-0.185827	-4.58154	29.5508	45.0068	-0.209942	-16.7476	29.5845	67.0816	0.0543476	6.46188	33.2193	5.54727	-0.21982	-2.16133
DIff1_Matrix_St1	38	2426.66	300.42	-0.0051	0.1203	-0.0145	28.662	13.9369	-0.185268	-4.5766	29.5506	44.1365	-0.213493	-16.7016	29.5842	66.6183	0.0547438	6.46404	33.2253	5.75528	-0.214208	-2.18513
DIff1_Matrix_St1	39	2430.16	300.84	-0.0076	0.1217	-0.0144	28.6594	14.1036	-0.180916	-4.52255	29.5505	42.7968	-0.218316	-16.5604	29.5833	67.4548	0.0589445	7.04744	33.2085	5.62725	-0.231833	-2.31231
DIff1_Matrix_St1	40	2433.67	300.63	-0.01	0.1207	-0.0136	28.6552	14.1059	-0.184155	-4.60427	29.5511	45.2203	-0.21237	-17.0217	29.5846	67.7589	0.0549445	6.59881	33.2155	5.32733	-0.233339	-2.20329
DIff1_Matrix_St1	41	2437.17	300.53	-0.0054	0.1213	-0.0141	28.6606	13.0314	-0.189943	-4.38722	29.5511	44.6145	-0.213049	-16.8473	29.5835	66.7531	0.0557343	6.5943	33.2141	5.45546	-0.234891	-2.27129
DIff1_Matrix_St1	42	2440.67	300.33	0.0129	0.1202	-0.0136	28.6575	13.6783	-0.179706	-4.35681	29.5525	44.8144	-0.211901	-16.8316	29.5844	67.026	0.0557744	6.62602	33.2192	5.1868	-0.232572	-2.13812
DIff1_Matrix_St1	43	2444.17	300.23	0.0137	0.1195	-0.0141	28.6562	13.5062	-0.185483	-4.4403	29.5535	44.8103	-0.214129	-17.0071	29.5828	66.1224	0.0556256	6.51926	33.2154	5.22123	-0.232524	-2.15186
DIff1_Matrix_St1	44	2447.67	300.41	-0.0052	0.1206	-0.0144	28.6558	13.1486	-0.188547	-4.39415	29.5532	44.2229	-0.21441	-16.8061	29.5842	66.7421	0.0570819	6.75263	33.2156	5.2933	-0.235969	-2.21389
DIff1_Matrix_St1	45	2451.17	300.68	-0.0073	0.1211	-0.0144	28.6548	13.281	-0.183749	-4.32543	29.552	43.7742	-0.21598	-16.7574	29.5846	66.1472	0.0567033	6.64806	33.2147	5.0522	-0.236422	-2.11711
DIff1_Matrix_St1	46	2454.67	300.29	-0.0011	0.1206	-0.0119	28.6507	12.7323	-0.192805	-4.35109	29.5515	43.2699	-0.216527	-16.6063	29.5841	65.6765	0.0582701	6.78314	33.2081	5.42626	-0.225648	-2.17024
DIff1_Matrix_St1	47	2458.17	299.91	0.0076	0.1195	-0.0156	28.6529	13.2449	-0.179788	-4.2207	29.5531	44.258	-0.213559	-16.7527	29.5851	64.8269	0.0568632	6.53373	33.2139	5.20937	-0.227758	-2.10297
DIff1_Matrix_St1	48	2461.67	300.16	-0.0147	0.121	-0.0127	28.6509	12.8664	-0.187514	-4.27627	29.5514	45.6018	-0.209232	-16.9116	29.5862	63.73	0.0553738	6.25494	33.2099	5.1988	-0.230289	-2.12203
DIff1_Matrix_St1	49	2465.17	299.93	-0.0146	0.1204	-0.0146	28.6509	12.6089	-0.183891	-4.10974	29.5537	45.5654	-0.209188	-16.8946	29.5852	63.5855	0.0562582	6.34044	33.2067	5.20165	-0.226426	-2.08757
DIff1_Matrix_St1	50	2468.67	300.69	-0.0036	0.1207	-0.014	28.6496	12.8421	-0.184711	-4.2044	29.5535	44.8083	-0.212586	-16.8837	29.5843	64.9646	0.0560784	6.45724	33.2072	4.86895	-0.240802	-2.07812
DIff1_Matrix_St1	51	2472.18	300.95	-0.0028	0.1208	-0.0123	28.6491	12.495	-0.189956	-4.20692	29.554	46.4369	-0.208243	-17.14	29.5856	65.5815	0.0523123	6.08078	33.204	4.97166	-0.23694	-2.08792
DIff1_Matrix_St1	52	2475.68	299.54	-0.0038	0.1215	-0.0132	28.6456	12.247	-0.189235	-4.10779	29.5557	46.6681	-0.205711	-17.0158	29.5845	64.061	0.0544194	6.17906	33.2064	4.86105	-0.234652	-2.02176
DIff1_Matrix_St1	53	2479.18	299.76	0.0055	0.1196	-0.0126	28.645	12.9576	-0.183188	-4.20724	29.5549	46.5944	-0.207308	-17.1208	29.5862	65.3411	0.0530671	6.14592	33.2046	4.88934	-0.237215	-2.05574
DIff1_Matrix_St1	54	2482.68	299.81	-0.0133	0.121	-0.0132	28.6428	12.1591	-0.193644	-4.1733	29.5521	42.1956	-0.219862	-16.4434	29.5838	65.816	0.0594522	6.93544	33.2046	4.90484	-0.242496	-2.10816
DIff1_Matrix_St1	55	2486.18	299.43	-0.0142	0.1213	-0.0128	28.6447	12.2861	-0.188451	-4.10381	29.5526	44.6007	-0.214646	-16.9683	29.5849	63.357	0.0570582	6.40749	33.2046	5.05063	-0.234063	-2.09533
DIff1_Matrix_St1	56	2489.68	298.94	-0.0015	0.1209	-0.0128	28.6422	12.1294	-0.188578	-4.05422	29.5548	45.4192	-0.212624	-17.117	29.5843	64.8532	0.0554138	6.36978	33.2043	4.80636	-0.234868	-2.00085
DIff1_Matrix_St1	57	2493.18	300.46	0.0094	0.121	-0.0142	28.6432	12.0187	-0.190946	-4.06765	29.554	45.5594	-0.209756	-16.9382	29.586	65.7007	0.0550329	6.40866	33.1914	4.78112	-0.242902	-2.05842
DIff1_Matrix_St1	58	2496.68	299.93	-0.0174	0.1204	-0.0143	28.6347	12.0432	-0.19504	-4.16332	29.5542	47.1498	-0.206817	-17.2839	29.5848	65.386	0.0534563	6.19524	33.1969	4.97583	-0.228877	-2.01856
DIff1_Matrix_St1	59	2500.18	299.66	0.002	0.1211	-0.013	28.6409	11.9889	-0.190954	-4.05772	29.5548	47.3898	-0.205427	-17.2551	29.5848	62.7074	0.0540635	6.00894	33.1974	4.87942	-0.229987	-1.98905
DIff1_Matrix_St1	60	2503.68	299.38	-0.0065	0.1219	-0.0126	28.6332	11.6935	-0.191934	-3.97804	29.5547	45.5643	-0.209688	-16.9345	29.5846	64.8016	0.0553748	6.36024	33.2035	4.7492	-0.227715	-1.91684
DIff1_Matrix_St1	61	2507.18	300.39	-0.001	0.1211	-0.0132	28.6362	12.1499	-0.193517	-4.1674	29.5542	45.8256	-0.210641	-17.1091	29.5851	66.2451	0.0540613	6.34768	33.1947	5.14309	-0.223878	-2.04085
DIff1_Matrix_St1	62	2510.69	300.16	-0.0032	0.1207	-0.012	28.6396	11.9892	-0.190542	-4.04905	29.551	44.5816	-0.213751	-16.8903	29.5854	67.3056	0.0560891	6.69121	33.2	4.56196	-0.244961	-1.98072
DIff1_Matrix_St1	63	2514.19	300.39	0.0084	0.1212	-0.0111	28.6366	11.7127	-0.196541	-4.08023	29.5531	45.5869	-0.211396	-17.0809	29.5856	66.6677	0.0552464	6.52822	33.2028	4.68596	-0.240118	-1.99433
DIff1_Matrix_St1	64	2517.69	300.88	0.001	0.1214	-0.0136	28.6368	11.6781	-0.192818	-3.99112	29.5546	45.6103	-0.212345	-17.1665	29.585	65.8576	0.0562999	6.57186	33.201	4.82154	-0.242273	-2.07046
DIff1_Matrix_St1	65	2521.19	300.6	-0.0086	0.1211	-0.0116	28.6348	11.6756	-0.202005	-4.18038	29.5546	47.399	-0.208413	-17.5093	29.5844	65.3629	0.0545299	6.31743	33.1928	4.87843	-0.230559	-1.99359
DIff1_Matrix_St1	66	2524.69	299.94	0.003	0.1211	-0.0123	28.6327	11.6169	-0.19739	-4.06432	29.553	46.2322	-0.211861	-17.3609	29.5858	66.0396	0.0543591	6.36285	33.193	4.76441	-0.228288	-1.92782
DIff1_Matrix_St1	67	2528.19	300.73	-0.0064	0.1218	-0.0118	28.634	11.3344	-0.204157	-4.10146	29.5514	45.8505	-0.212956	-17.3065	29.5844	67.74	0.0555707	6.67216	33.1942	4.62724	-0.246927	-2.02518
DIff1_Matrix_St1	68	2531.69	300.38	-0.0022	0.122	-0.0118	28.6324	11.3188	-0.199616	-4.00471	29.5545	46.2834	-0.210649	-17.2806	29.5847	66.1138	0.0560194	6.56457	33.1897	4.53505	-0.236121	-1.89798
DIff1_Matrix_St1	69	2535.19	299.72	-0.0105	0.1208	-0.0098	28.6315	11.2261	-0.203228	-4.04379	29.5558	48.0571	-0.207155	-17.6452	29.5855	64.1474	0.0547324	6.22298	33.1956	4.61834	-0.236182	-1.93334
DIff1_Matrix_St1	70	2538.69	299.91	-0.0147	0.121	-0.0093	28.6293	11.2019	-0.202242	-4.01549	29.5563	48.3632	-0.208711	-17.891	29.5848	64.0504	0.054519	6.18935	33.1777	4.59092	-0.245353	-1.99649
DIff1_Matrix_St1	71	2542.19	299.51	-0.0162	0.1206	-0.0114	28.6284	11.3626	-0.200881	-4.04568	29.5546	46.098	-0.210994	-17.2396	29.5849	66.5767	0.055818	6.58675	33.1818	4.78035	-0.23579	-1.99783
DIff1_Matrix_St1	72	2545.69	300.14	-0.0059	0.1206	-0.0095	28.6247	11.8267	-0.195887	-4.10624	29.5536	46.713	-0.210848	-17.4575	29.5847	65.242	0.0563446	6.5156	33.1714	4.7278	-0.234525	-1.96527
DIff1_Matrix_St1	73	2549.2	300.08	-0.0099	0.1216	-0.0101	28.6288	11.461	-0.193007	-3.92078	29.5559	47.1729	-0.210972	-17.6397	29.5847	66.742	0.0563099	6.66129	33.187	4.86263	-0.231849	-1.99826
DIff1_Matrix_St1	74	2552.7	299.41	-0.007	0.1216	-0.0069	28.6237	11.0983	-0.1937	-3.8103	29.5549	48.5922	-0.207507	-17.872	29.5848	66.8894	0.0518336	6.1453	33.1799	4.60796	-0.236145	-1.92869
DIff1_Matrix_St1	75	2556.2	299.96	-0.0072	0.1209	-0.0088	28.626	11.3354	-0.19768	-3.9717	29.5569	47.944	-0.205838	-17.4918	29.5844	64.0989	0.0552756	6.27999	33.1846	4.5101	-0.242601	-1.93934
DIff1_Matrix_St1	76	2559.7	300.08	-0.0056	0.1209	-0.0064	28.6218	11.3418	-0.194996	-3.91996	29.5563	48.8536	-0.205175	-17.7663	29.586	65.3207	0.0534563	6.18905	33.1797	4.55429	-0.230224	-1.85843
DIff1_Matrix_St1	77	2563.2	299.12	0.0043	0.1202	-0.0087	28.626	10.6752	-0.204744	-3.87403	29.5534	46.2566	-0.212895	-17.4548	29.585	68.9417	0.0554423	6.77483	33.1805	4.47062	-0.231147	-1.8316
DIff1_Matrix_St1	78	2566.7	300.14	-0.0145	0.1218	-0.0076	28.6241	10.832	-0.198828	-3.81736	29.5545	45.765	-0.214277	-17.3814	29.5849	66.3547	0.0579414	6.81452	33.1791	4.57954	-0.238134	-1.93294
DIff1_Matrix_St1	79	2570.2	300.31	-0.0028	0.1216	-0.0072	28.6229	11.4261	-0.19631	-3.9757	29.5552	46.6179	-0.210229	-17.3708	29.5857	66.4383	0.055505	6.53621	33.1759	4.33102	-0.247943	-1.90334
DIff1_Matrix_St1	80	2573.7	299.45	-0.0111	0.1218	-0.0064	28.6192	11.2384	-0.194445	-3.87328	29.5543	45.3653	-0.215266	-17.3091	29.5849	66.9967	0.0585452	6.95216	33.1704	4.45319	-0.241047	-1.9026
DIff1_Matrix_St1	81	2577.2	299.92	-0.0025	0.121	-0.0072	28.6208	11.2284	-0.199462	-3.96965	29.5541	44.0471	-0.21619	-16.8782	29.5841	67.8109	0.0601529	7.22987	33.1728	4.49137	-0.236532	-1.88297
DIff1_Matrix_St1	82	2580.7	300.36	0.0015	0.1212	-0.0075	28.6231	10.7555	-0.207329	-3.95243	29.5561	46.1291	-0.212176	-17.3479	29.5844	67.3421	0.0573698	6.84771	33.1771	4.43867	-0.239126	-1.88128
DIff1_Matrix_St1	83	2584.2	299.66	-0.0093	0.1215	-0.0065	28.6188	10.9588	-0.193829	-3.76493	29.556	44.8582	-0.216841	-17.2408	29.5843	66.134	0.05906	6.92298	33.1798	4.51307	-0.22505	-1.80022
DIff1_Matrix_St1	84	2587.7	299.68	-0.0212	0.1215	-0.0064	28.6215	10.758	-0.198527	-3.78553	29.5566	47.8671	-0.208847	-17.719	29.5858	65.3385	0.0552181	6.39478	33.1773	4.38786	-0.22084	-1.71753
DIff1_Matrix_St1	85	2591.21	300.11	-0.0135	0.1213	-0.0058	28.6189	10.9162	-0.201923	-3.90688	29.5553	47.2947	-0.20918	-17.5351	29.5866	66.1752	0.0559525	6.56281	33.1692	4.29141	-0.24062	-1.83024
DIff1_Matrix_St1	86	2594.71	298.86	-0.0035	0.1223	-0.0049	28.6181	10.8491	-0.200748	-3.86029	29.5554	46.7903	-0.210714	-17.4753	29.5854	66.8253	0.0558227	6.6119	33.1758	4.4005	-0.237182	-1.84995
DIff1_Matrix_St1	87	2598.21	299.51	-0.0038	0.122	-0.007	28.6172	10.4115	-0.204653	-3.77665	29.5563	47.3772	-0.208344	-17.4954	29.5847	64.7708	0.0550424	6.31905	33.1687	4.45401	-0.23317	-1.84076
DIff1_Matrix_St1	88	2601.71	300.17	-0.0024	0.1213	-0.0049	28.6142	10.4809	-0.206507	-3.83628	29.5545	46.9166	-0.208376	-17.328	29.5847	64.0685	0.0562166	6.38387	33.1684	4.17469	-0.250807	-1.85583
DIff1_Matrix_St1	89	2605.21	300.06	-0.0002	0.1226	-0.0035	28.618	10.5853	-0.202639	-3.80191	29.5562	47.0669	-0.209669	-17.4914	29.5858	65.9155	0.0558221	6.52182	33.1694	4.4023	-0.233833	-1.82457
DIff1_Matrix_St1	90	2608.71	299.92	-0.0041	0.1206	-0.0039	28.6166	10.4984	-0.200133	-3.72404	29.5571	48.0037	-0.208747	-17.7611	29.5836	65.5865	0.0546762	6.35605	33.172	4.27011	-0.239346	-1.81151
DIff1_Matrix_St1	91	2612.21	299.51	-0.0039	0.1224	-0.0052	28.6106	10.6218	-0.194113	-3.65449	29.5562	47.1483	-0.210338	-17.5775	29.5845	66.4564	0.0552729	6.51064	33.1736	4.19103	-0.249566	-1.85388
DIff1_Matrix_St1	92	2615.71	299.85	-0.0135	0.1225	-0.0039	28.6154	10.2967	-0.207108	-3.7798	29.5549	46.3487	-0.213441	-17.5344	29.5851	66.14	0.0577568	6.77083	33.162	4.36898	-0.237	-1.83529
DIff1_Matrix_St1	93	2619.21	299.35	0.0043	0.1218	-0.0047	28.6131	10.2782	-0.207003	-3.7711	29.555	47.4829	-0.209131	-17.6008	29.5853	65.25	0.0567673	6.5653	33.1703	4.23688	-0.243062	-1.82532
DIff1_Matrix_St1	94	2622.71	299.91	0.0074	0.1227	-0.0039	28.6117	10.2859	-0.204317	-3.72498	29.5556	48.384	-0.209738	-17.9868	29.5857	67.0446	0.0540515	6.42313	33.1663	4.47029	-0.229367	-1.81736
DIff1_Matrix_St1	95	2626.21	299.84	-0.0039	0.1218	-0.003	28.6082	10.9966	-0.197447	-3.84844	29.5566	49.188	-0.207611	-18.1003	29.585	65.2259	0.0544762	6.29799	33.1718	4.42037	-0.225668	-1.76809
DIff1_Matrix_St1	96	2629.72	299.66	-0.0011	0.1227	-0.0012	28.6075	10.574	-0.198815	-3.72618	29.5556	48.1017	-0.209426	-17.8552	29.5837	65.8935	0.0557611	6.51251	33.1694	4.38989	-0.227535	-1.77042
DIff1_Matrix_St1	97	2633.22	300.14	-0.003	0.1224	-0.0029	28.6138	10.3661	-0.208152	-3.82448	29.5559	47.8296	-0.210664	-17.8592	29.5847	65.1867	0.0567637	6.5585	33.1599	4.29886	-0.233518	-1.7793
DIff1_Matrix_St1	98	2636.72	300.12	-0.0026	0.1207	-0.0028	28.6051	10.2935	-0.205538	-3.74999	29.5562	46.7903	-0.213992	-17.7472	29.5839	65.1	0.058258	6.7222	33.1645	4.27787	-0.236612	-1.79407
DIff1_Matrix_St1	99	2640.22	300.09	0.0076	0.1215	-0.0026	28.6057	10.2359	-0.198626	-3.60361	29.5562	47.3507	-0.212839	-17.8629	29.5845	65.4881	0.0557214	6.46785	33.1672	4.12094	-0.239553	-1.74974
DIff1_Matrix_St1	100	2643.72	300.73	-0.0094	0.1217	-0.0018	28.6073	10.5489	-0.202692	-3.78983	29.5545	48.186	-0.210447	-17.9737	29.5852	64.5546	0.0572032	6.54519	33.1612	4.2698	-0.245647	-1.85906
DIff1_Matrix_St1	101	2647.22	300.87	-0.015	0.1223	-0.0028	28.6054	10.5495	-0.198508	-3.71179	29.5565	48.0356	-0.209496	-17.8367	29.5849	66.599	0.0546912	6.45594	33.158	4.19875	-0.2348	-1.7474
DIff1_Matrix_St1	102	2650.72	299.29	-0.0104	0.1226	-0.0012	28.6069	10.3412	-0.206933	-3.79293	29.5563	48.3064	-0.208264	-17.8318	29.5857	67.6122	0.0551986	6.61497	33.166	3.96878	-0.24685	-1.73646
DIff1_Matrix_St1	103	2654.22	299.31	-0.0067	0.1206	0.0003	28.6011	10.5766	-0.197704	-3.70627	29.5568	46.8461	-0.213542	-17.7309	29.5848	67.2146	0.0556753	6.63286	33.1677	4.15915	-0.240082	-1.76986
DIff1_Matrix_St1	104	2657.72	299.79	-0.0073	0.1219	-0.0006	28.6037	10.3949	-0.200848	-3.70052	29.5556	48.0854	-0.209338	-17.8417	29.5846	66.5049	0.0567414	6.6885	33.1578	3.99759	-0.238638	-1.69088
DIff1_Matrix_St1	105	2661.22	300.19	-0.0004	0.122	0.0005	28.5996	9.98055	-0.207917	-3.67807	29.5568	49.9129	-0.20615	-18.2377	29.5854	65.1331	0.0537848	6.2092	33.1522	4.17773	-0.222913	-1.65064
DIff1_Matrix_St1	106	2664.72	299.62	-0.0034	0.1223	-0.0019	28.6074	9.85298	-0.209172	-3.65296	29.5574	48.9267	-0.207889	-18.0282	29.586	65.0587	0.0546657	6.30369	33.1584	4.33712	-0.224797	-1.7281
DIff1_Matrix_St1	107	2668.23	299.42	0.0339	0.1224	-0.0006	28.6035	10.74	-0.191648	-3.64823	29.5568	48.9702	-0.208178	-18.0693	29.5856	65.3328	0.0550033	6.36935	33.1571	3.7849	-0.27125	-1.81969
DIff1_Matrix_St1	108	2671.73	300.45	-0.005	0.1218	0.0015	28.6042	9.94541	-0.211387	-3.72629	29.5567	47.5747	-0.211319	-17.8192	29.5837	66.3322	0.0571706	6.72159	33.1561	3.96529	-0.246628	-1.73337
DIff1_Matrix_St1	109	2675.23	300.36	-0.0098	0.123	0.0002	28.6052	10.2486	-0.208387	-3.78536	29.5559	46.2514	-0.215692	-17.6821	29.5847	67.6094	0.0580205	6.95285	33.1457	4.32469	-0.244405	-1.87344
DIff1_Matrix_St1	110	2678.73	299.53	0.0035	0.1211	0.0014	28.599	10.2804	-0.202414	-3.68829	29.5563	48.0602	-0.208489	-17.76	29.5849	65.4195	0.0571653	6.62849	33.1562	3.9914	-0.248212	-1.75599
DIff1_Matrix_St1	111	2682.23	299.89	-0.0124	0.1211	0.0026	28.6014	10.1565	-0.202732	-3.64957	29.5554	45.769	-0.216659	-17.5762	29.5854	66.9207	0.0591193	7.01237	33.165	4.20139	-0.239874	-1.78628
DIff1_Matrix_St1	112	2685.73	299.87	-0.0152	0.1229	0.001	28.5978	9.94117	-0.200669	-3.53584	29.5554	47.8059	-0.209482	-17.7502	29.5854	65.666	0.0574576	6.68749	33.1648	4.13543	-0.236369	-1.73255
DIff1_Matrix_St1	113	2689.23	300.36	-0.0235	0.1217	0.0021	28.6029	10.0128	-0.207416	-3.68104	29.5575	46.245	-0.214137	-17.5522	29.585	68.9551	0.0565897	6.91638	33.1441	4.30596	-0.241663	-1.8444
DIff1_Matrix_St1	114	2692.73	300.52	-0.0172	0.1228	0.0033	28.5984	9.98561	-0.201321	-3.56318	29.5569	47.2906	-0.211395	-17.7192	29.5847	65.0199	0.0585579	6.74849	33.1548	4.0579	-0.24636	-1.77193
DIff1_Matrix_St1	115	2696.23	300.16	-0.0224	0.121	0.0031	28.5977	10.0576	-0.199497	-3.55637	29.5547	46.3879	-0.213635	-17.5652	29.5847	67.6714	0.0575174	6.8989	33.1467	3.93602	-0.248498	-1.73363
DIff1_Matrix_St1	116	2699.73	300.23	-0.0106	0.1214	0.0013	28.597	9.88527	-0.200602	-3.51478	29.5585	49.6589	-0.206676	-18.1912	29.5851	64.1994	0.0537952	6.12139	33.147	3.864	-0.237319	-1.62534
DIff1_Matrix_St1	117	2703.23	299.42	-0.0034	0.1223	0.004	28.596	9.55567	-0.20543	-3.47937	29.557	48.8508	-0.207595	-17.9748	29.5858	65.5085	0.0548731	6.37136	33.1498	4.08466	-0.241982	-1.75192
DIff1_Matrix_St1	118	2706.74	299.39	-0.0156	0.122	0.0054	28.5962	9.89888	-0.202482	-3.55262	29.5576	48.444	-0.208932	-17.9399	29.5846	65.2622	0.0552831	6.39483	33.1431	3.92101	-0.241142	-1.67589
DIff1_Matrix_St1	119	2710.24	300.39	-0.0039	0.122	0.0035	28.5961	9.57908	-0.20668	-3.50911	29.5556	47.8075	-0.210274	-17.8179	29.5868	65.4448	0.0573118	6.64805	33.155	3.82724	-0.241728	-1.63979
DIff1_Matrix_St1	120	2713.74	299.73	-0.005	0.1225	0.0044	28.5969	9.9192	-0.202315	-3.55697	29.5571	47.6339	-0.212111	-17.9083	29.5863	64.741	0.0569035	6.5297	33.1475	3.75853	-0.244142	-1.62643
DIff1_Matrix_St1	121	2717.24	299.59	0.004	0.1227	0.0014	28.5943	9.72271	-0.206424	-3.55731	29.556	44.2339	-0.21972	-17.2266	29.5834	66.6805	0.0623098	7.36427	33.1523	4.02487	-0.242148	-1.72746
DIff1_Matrix_St1	122	2720.74	299.52	-0.0082	0.1221	0.0039	28.5901	10.2273	-0.198808	-3.60385	29.557	47.0748	-0.213239	-17.7922	29.5846	67.2819	0.0572108	6.82262	33.1435	3.98378	-0.245227	-1.73157
DIff1_Matrix_St1	123	2724.24	300.47	-0.0059	0.123	0.0039	28.5905	10.0901	-0.200969	-3.59418	29.5563	49.694	-0.205973	-18.1422	29.5853	65.2845	0.0563565	6.52122	33.1499	4.00335	-0.228853	-1.62389
DIff1_Matrix_St1	124	2727.74	300.7	-0.0083	0.1227	0.0046	28.5893	9.83562	-0.201074	-3.50536	29.5575	48.7146	-0.209822	-18.1169	29.5851	67.0045	0.0553812	6.5772	33.1513	4.12106	-0.249871	-1.82515
DIff1_Matrix_St1	125	2731.24	301.19	-0.0195	0.1224	0.0041	28.5904	9.9657	-0.201169	-3.55339	29.5576	47.6535	-0.211913	-17.899	29.5847	65.9865	0.0584008	6.83044	33.1541	3.84673	-0.249014	-1.69781
DIff1_Matrix_St1	126	2734.74	299.88	0.0168	0.123	0.0035	28.5911	9.92906	-0.203542	-3.58209	29.5577	49.1992	-0.210611	-18.366	29.585	65.9446	0.0563805	6.58996	33.1603	3.92244	-0.246043	-1.71058
DIff1_Matrix_St1	127	2738.24	299.54	-0.0133	0.1232	0.004	28.5907	9.82387	-0.208274	-3.62655	29.5578	49.8442	-0.208072	-18.3824	29.5839	63.8066	0.056275	6.36438	33.1473	3.9359	-0.23456	-1.63634
DIff1_Matrix_St1	128	2741.74	300.09	-0.0081	0.1216	0.0046	28.5898	9.68375	-0.205113	-3.52055	29.5583	49.8834	-0.20794	-18.3852	29.5857	64.8143	0.0567717	6.52195	33.1383	4.05245	-0.239873	-1.72295
DIff1_Matrix_St1	129	2745.25	299.88	-0.0152	0.1241	0.0055	28.5908	9.54695	-0.202006	-3.41826	29.5564	48.8576	-0.208649	-18.0686	29.5849	65.0762	0.0581638	6.70888	33.1372	3.94616	-0.251506	-1.75914
DIff1_Matrix_St1	130	2748.75	299.2	0.0138	0.1221	0.005	28.5867	9.5774	-0.203169	-3.44889	29.5567	49.4856	-0.210401	-18.4545	29.5846	65.786	0.0564014	6.57655	33.1474	3.94413	-0.242777	-1.6972
DIff1_Matrix_St1	131	2752.25	299.85	-0.0075	0.1247	0.0063	28.5893	9.77963	-0.202624	-3.51227	29.5552	47.8981	-0.210545	-17.8746	29.5847	65.7635	0.0579066	6.74976	33.1438	4.05431	-0.23132	-1.66228
DIff1_Matrix_St1	132	2755.75	300.07	-0.0043	0.1229	0.0062	28.5902	9.86532	-0.201604	-3.52522	29.5567	48.2584	-0.209155	-17.8902	29.5856	64.3866	0.0588875	6.72038	33.1376	3.92813	-0.238743	-1.66223
DIff1_Matrix_St1	133	2759.25	299.43	-0.0146	0.1233	0.0062	28.5879	9.86516	-0.195064	-3.4108	29.5561	46.7539	-0.213905	-17.7261	29.586	66.3434	0.058492	6.8781	33.1447	3.87149	-0.24517	-1.68237
DIff1_Matrix_St1	134	2762.75	298.91	-0.01	0.123	0.0063	28.5836	9.73619	-0.201891	-3.48401	29.5591	50.2552	-0.20681	-18.4216	29.5852	65.2089	0.0545388	6.30357	33.1404	3.78333	-0.241383	-1.61866
DIff1_Matrix_St1	135	2766.25	299.83	-0.0119	0.1217	0.0057	28.5812	9.37645	-0.207575	-3.44975	29.5553	48.9081	-0.208954	-18.1137	29.585	64.4342	0.0569826	6.50779	33.1356	3.92666	-0.24297	-1.69103
DIff1_Matrix_St1	136	2769.75	299.66	-0.0114	0.1238	0.008	28.5894	9.46255	-0.208278	-3.49322	29.5568	47.2666	-0.213864	-17.9171	29.5851	65.6993	0.0579088	6.74342	33.1527	3.76153	-0.243162	-1.6212
DIff1_Matrix_St1	137	2773.25	300.32	0.0086	0.1226	0.0069	28.5857	9.61531	-0.209074	-3.56319	29.5578	48.1752	-0.211178	-18.0321	29.5853	66.9045	0.0567586	6.73072	33.1365	4.14502	-0.220381	-1.6191
DIff1_Matrix_St1	138	2776.75	300.34	-0.0048	0.123	0.0084	28.5915	9.41821	-0.207823	-3.46925	29.557	48.7082	-0.209284	-18.0681	29.5845	64.2778	0.0578725	6.59337	33.1435	3.93113	-0.233351	-1.62593
DIff1_Matrix_St1	139	2780.25	299.65	0.001	0.1224	0.0085	28.5845	9.60307	-0.194877	-3.317	29.5572	50.4117	-0.207256	-18.5188	29.5845	64.5299	0.0547146	6.25806	33.1391	3.79831	-0.246139	-1.65709
DIff1_Matrix_St1	140	2783.76	300.1	-0.0059	0.1221	0.008	28.5834	9.58159	-0.198985	-3.37935	29.5583	49.7577	-0.209093	-18.4406	29.5844	65.6812	0.0556036	6.47321	33.1373	3.76198	-0.239581	-1.59751
DIff1_Matrix_St1	141	2787.26	300.7	0.0054	0.1227	0.0104	28.5815	9.90857	-0.193178	-3.39269	29.5571	51.1118	-0.204773	-18.5511	29.5844	63.3523	0.0544923	6.11889	33.1324	3.6965	-0.246412	-1.61446
DIff1_Matrix_St1	142	2790.76	299.88	0.0231	0.1221	0.0081	28.583	9.81314	-0.197036	-3.42711	29.5572	49.307	-0.209388	-18.2993	29.5861	64.3395	0.0575835	6.56674	33.149	3.97158	-0.229128	-1.61293
DIff1_Matrix_St1	143	2794.26	299.73	-0.0002	0.1238	0.0097	28.5869	9.42544	-0.202349	-3.38047	29.556	48.6127	-0.210325	-18.1224	29.5854	65.0869	0.0568744	6.56124	33.127	3.80791	-0.245308	-1.65567
DIff1_Matrix_St1	144	2797.76	300.05	0.0008	0.122	0.0115	28.5803	9.46204	-0.197798	-3.31728	29.5547	47.6204	-0.210873	-17.7987	29.5862	65.2767	0.0598022	6.91911	33.1365	3.67595	-0.245086	-1.59684
DIff1_Matrix_St1	145	2801.26	299.8	0.0022	0.1217	0.0095	28.5829	9.23955	-0.208434	-3.41346	29.5587	50.3884	-0.206856	-18.4745	29.5841	63.3582	0.0554667	6.22888	33.1308	3.82893	-0.248261	-1.68485
DIff1_Matrix_St1	146	2804.76	299.39	-0.0054	0.1219	0.0099	28.5745	9.29465	-0.202724	-3.33975	29.5576	49.3956	-0.208793	-18.2802	29.5857	64.7112	0.0565461	6.4857	33.1327	3.70522	-0.237723	-1.56121
DIff1_Matrix_St1	147	2808.26	299.18	-0.0146	0.1222	0.0118	28.584	9.56016	-0.19933	-3.37764	29.558	48.4139	-0.208452	-17.8876	29.5848	65.468	0.0580208	6.73268	33.1389	3.88166	-0.241409	-1.66091
DIff1_Matrix_St1	148	2811.76	299.33	-0.0033	0.1235	0.0141	28.5819	9.91801	-0.19379	-3.40668	29.5566	50.5703	-0.206846	-18.5403	29.5854	64.8393	0.0560198	6.43806	33.1338	3.91477	-0.224979	-1.56107
DIff1_Matrix_St1	149	2815.26	299.85	-0.0045	0.1228	0.0112	28.5805	9.41345	-0.203084	-3.38844	29.5588	49.6179	-0.207953	-18.2885	29.585	64.8115	0.0568581	6.5316	33.1353	3.78724	-0.244262	-1.63966
DIff1_Matrix_St1	150	2818.76	299.27	-0.0093	0.1235	0.0134	28.5854	9.48092	-0.201512	-3.38631	29.5579	50.0047	-0.208859	-18.5113	29.5855	64.6174	0.0558561	6.39727	33.1382	3.76811	-0.250042	-1.66998
DIff1_Matrix_St1	151	2822.27	299.37	-0.0085	0.1234	0.0111	28.5825	9.42937	-0.205809	-3.43972	29.5552	47.4505	-0.213251	-17.9353	29.5845	66.2742	0.0578325	6.79347	33.1228	3.60891	-0.247605	-1.58384
DIff1_Matrix_St1	152	2825.77	299.83	0.0048	0.1228	0.0128	28.5782	9.29368	-0.202976	-3.34355	29.5589	52.255	-0.202127	-18.7209	29.5873	64.8899	0.0526904	6.06016	33.1357	3.77683	-0.233163	-1.56085
DIff1_Matrix_St1	153	2829.27	300.3	-0.006	0.1231	0.013	28.5818	9.3497	-0.196123	-3.25013	29.557	49.1038	-0.209113	-18.2	29.585	64.7379	0.0573597	6.58174	33.1221	3.77141	-0.243159	-1.62543
DIff1_Matrix_St1	154	2832.77	299.84	-0.0136	0.1236	0.013	28.5773	9.03742	-0.205955	-3.29907	29.5563	48.314	-0.210569	-18.032	29.585	64.8157	0.057585	6.61553	33.1241	3.70263	-0.23713	-1.55622
DIff1_Matrix_St1	155	2836.27	300.05	-0.0126	0.123	0.0144	28.576	9.60144	-0.199	-3.3866	29.5568	48.6935	-0.20847	-17.9924	29.5851	65.0691	0.0593796	6.84837	33.127	3.69379	-0.245724	-1.60877
DIff1_Matrix_St1	156	2839.77	299.91	0.0038	0.1231	0.0142	28.5762	9.0038	-0.207611	-3.31322	29.5582	50.0351	-0.207284	-18.383	29.5851	63.5188	0.056392	6.34884	33.128	3.8028	-0.230688	-1.5549
DIff1_Matrix_St1	157	2843.27	299.62	-0.0073	0.1215	0.0142	28.5742	9.49505	-0.197622	-3.32589	29.5562	50.0605	-0.206121	-18.2891	29.5864	63.5445	0.0565118	6.3649	33.1314	3.71152	-0.238643	-1.56991
DIff1_Matrix_St1	158	2846.77	299.66	-0.0024	0.123	0.0116	28.5785	9.2191	-0.198396	-3.24188	29.5584	52.2141	-0.201022	-18.604	29.5853	62.6309	0.0536817	5.95923	33.1313	3.92697	-0.232696	-1.61965
DIff1_Matrix_St1	159	2850.27	300.09	-0.0035	0.1235	0.0152	28.5784	9.50829	-0.192111	-3.23764	29.5586	49.1941	-0.209092	-18.2317	29.5854	65.5425	0.0563584	6.54722	33.1188	3.74751	-0.243026	-1.61425
DIff1_Matrix_St1	160	2853.77	299.76	-0.0061	0.1227	0.0149	28.5755	9.39292	-0.198678	-3.3077	29.5581	49.3349	-0.207201	-18.1184	29.5858	64.135	0.0573378	6.51795	33.1254	3.62588	-0.252194	-1.62077
DIff1_Matrix_St1	161	2857.27	300.44	-0.0016	0.1228	0.0154	28.5766	9.13447	-0.198668	-3.21652	29.559	50.6071	-0.205873	-18.4666	29.5861	64.1065	0.0545981	6.20376	33.1363	3.67302	-0.249512	-1.62439
DIff1_Matrix_St1	162	2860.78	300.42	-0.0016	0.1221	0.0143	28.5773	9.23036	-0.202601	-3.31464	29.558	48.2005	-0.211209	-18.0442	29.5861	66.9695	0.0571834	6.78769	33.138	3.77099	-0.243002	-1.6242
DIff1_Matrix_St1	163	2864.28	299.56	-0.0084	0.1237	0.0159	28.5759	9.1453	-0.201849	-3.2719	29.5576	48.9985	-0.20902	-18.1529	29.5849	65.0673	0.0572365	6.60101	33.1293	3.66698	-0.245861	-1.59799
DIff1_Matrix_St1	164	2867.78	300.43	-0.0102	0.124	0.0171	28.5797	9.27362	-0.206912	-3.40103	29.5577	50.8009	-0.204301	-18.3957	29.5859	64.6923	0.0539425	6.18527	33.1397	3.60774	-0.242528	-1.55086
DIff1_Matrix_St1	165	2871.28	300.65	0.0054	0.123	0.0166	28.5712	8.93296	-0.204718	-3.24136	29.5589	51.2732	-0.202902	-18.4396	29.5848	65.0726	0.0539773	6.22565	33.1241	3.52946	-0.254962	-1.59499
DIff1_Matrix_St1	166	2874.78	300.27	-0.0003	0.1224	0.0177	28.5717	9.51522	-0.19683	-3.3196	29.5595	51.9345	-0.20256	-18.6459	29.5862	62.9243	0.0551073	6.14614	33.1217	3.47679	-0.244041	-1.50389
DIff1_Matrix_St1	167	2878.28	299.96	-0.0181	0.1244	0.0179	28.5679	9.2891	-0.202772	-3.33854	29.5554	46.9689	-0.214322	-17.8424	29.5849	67.2622	0.058985	7.03214	33.1251	3.67556	-0.241732	-1.57483
DIff1_Matrix_St1	168	2881.78	299.8	-0.0114	0.1235	0.0188	28.5731	9.34049	-0.199445	-3.30192	29.5584	51.2742	-0.205815	-18.7047	29.5858	64.871	0.0548007	6.30103	33.1222	3.55452	-0.234953	-1.48025
DIff1_Matrix_St1	169	2885.28	299.79	-0.0081	0.1236	0.0178	28.5714	9.18293	-0.201313	-3.27664	29.5574	47.8985	-0.211835	-17.9843	29.5844	63.868	0.0606345	6.86401	33.1265	3.88624	-0.241604	-1.66421
DIff1_Matrix_St1	170	2888.78	300.26	-0.0037	0.123	0.0189	28.5747	9.23045	-0.200575	-3.28152	29.5586	49.584	-0.209858	-18.4435	29.5846	65.4281	0.0562971	6.52867	33.1257	3.6748	-0.250911	-1.63428
DIff1_Matrix_St1	171	2892.28	299.19	-0.0029	0.1229	0.0195	28.5751	9.38185	-0.199178	-3.3121	29.5591	50.5654	-0.206816	-18.5358	29.5847	66.4258	0.0553708	6.51917	33.1103	3.55417	-0.261929	-1.65005
DIff1_Matrix_St1	172	2895.78	299.9	-0.0108	0.1239	0.0186	28.5733	9.20051	-0.20174	-3.28988	29.5577	50.9687	-0.204608	-18.4842	29.5849	64.2643	0.0566202	6.44935	33.1259	3.59172	-0.24862	-1.58275
DIff1_Matrix_St1	173	2899.29	300.38	0.01	0.1229	0.02	28.5711	9.24905	-0.202522	-3.32004	29.557	49.0993	-0.210908	-18.3545	29.585	66.444	0.0587889	6.92351	33.1291	3.72525	-0.240909	-1.59068
DIff1_Matrix_St1	174	2902.79	299.45	0.0008	0.1233	0.0185	28.5683	9.25578	-0.201558	-3.30665	29.5579	49.3254	-0.21059	-18.4113	29.5848	65.918	0.0583041	6.81205	33.1219	3.57386	-0.248321	-1.57299
DIff1_Matrix_St1	175	2906.29	300.33	-0.0012	0.1228	0.0185	28.568	9.41697	-0.198389	-3.31134	29.5576	50.3378	-0.207651	-18.5269	29.5847	65.6449	0.0569853	6.63038	33.1291	3.69412	-0.248573	-1.62757
DIff1_Matrix_St1	176	2909.79	299.6	-0.0086	0.1234	0.0207	28.5691	9.14954	-0.195642	-3.17275	29.5579	50.8561	-0.207006	-18.6595	29.5833	66.2352	0.0560787	6.58357	33.1158	3.51754	-0.243319	-1.51701
DIff1_Matrix_St1	177	2913.29	300.57	-0.0162	0.1233	0.0177	28.5738	8.78524	-0.204553	-3.18518	29.5586	51.7673	-0.204229	-18.739	29.5852	65.1325	0.056666	6.54176	33.1264	3.4947	-0.253625	-1.571
DIff1_Matrix_St1	178	2916.79	299.62	-0.004	0.1235	0.0203	28.5715	9.60257	-0.193291	-3.28983	29.5598	51.7708	-0.204388	-18.7549	29.5847	63.3317	0.0563047	6.32035	33.1123	3.70322	-0.235997	-1.54903
DIff1_Matrix_St1	179	2920.29	300.07	-0.0225	0.1227	0.0217	28.5683	9.23414	-0.195868	-3.20578	29.5571	49.7768	-0.207799	-18.3335	29.5845	67.7587	0.0574985	6.90552	33.1176	3.85892	-0.227562	-1.55647
DIff1_Matrix_St1	180	2923.79	299.36	-0.0022	0.123	0.0198	28.5671	9.41072	-0.197302	-3.29102	29.558	50.1161	-0.209622	-18.6204	29.5844	66.2728	0.0573636	6.73824	33.1225	3.77415	-0.248153	-1.66002
DIff1_Matrix_St1	181	2927.29	299.22	0.0109	0.1235	0.0199	28.5662	9.454	-0.198039	-3.31849	29.5578	52.411	-0.20291	-18.8496	29.5853	65.3189	0.0539314	6.2439	33.1192	3.60617	-0.244445	-1.56244
DIff1_Matrix_St1	182	2930.79	299.79	-0.013	0.1225	0.0201	28.5734	9.03578	-0.208156	-3.33372	29.5568	51.1279	-0.207413	-18.7962	29.585	65.8828	0.0563759	6.58325	33.1208	3.73512	-0.243368	-1.61118
DIff1_Matrix_St1	183	2934.29	299.49	-0.0053	0.1202	0.0216	28.5713	9.36592	-0.19795	-3.28609	29.558	51.8737	-0.205331	-18.8789	29.5857	64.2056	0.0565029	6.43011	33.1256	3.66519	-0.242935	-1.5782
DIff1_Matrix_St1	184	2937.79	299.85	-0.0198	0.1235	0.0216	28.5646	9.65672	-0.196123	-3.35685	29.5571	51.4828	-0.206796	-18.8703	29.5861	67.1887	0.0559794	6.66653	33.1199	3.60982	-0.242068	-1.5488
DIff1_Matrix_St1	185	2941.3	299.54	-0.0041	0.1228	0.0218	28.5646	9.35871	-0.19432	-3.22335	29.559	51.8187	-0.204106	-18.7464	29.5851	64.6942	0.0569199	6.52686	33.1257	3.76994	-0.223231	-1.49164
DIff1_Matrix_St1	186	2944.8	299.6	-0.0026	0.1237	0.0226	28.567	9.18803	-0.200711	-3.26866	29.5578	51.4512	-0.205535	-18.7438	29.5854	66.1843	0.0563852	6.61447	33.13	3.64066	-0.243618	-1.57205
DIff1_Matrix_St1	187	2948.3	300.3	-0.0043	0.1227	0.0216	28.5676	9.04966	-0.209327	-3.35762	29.5582	50.9845	-0.208968	-18.884	29.5864	68.0878	0.0555807	6.70761	33.1017	3.54642	-0.260323	-1.63636
DIff1_Matrix_St1	188	2951.8	299.78	-0.0007	0.1243	0.0218	28.5697	9.21636	-0.193276	-3.15727	29.5578	51.2073	-0.206527	-18.7449	29.5852	66.3183	0.0551508	6.48276	33.112	3.60497	-0.237588	-1.5181
DIff1_Matrix_St1	189	2955.3	299.89	-0.0056	0.1225	0.0216	28.5665	9.33392	-0.195508	-3.23448	29.5587	51.0396	-0.206235	-18.6572	29.5858	66.6275	0.0554141	6.54408	33.1074	3.58592	-0.251111	-1.59604
DIff1_Matrix_St1	190	2958.8	299.36	0.0071	0.1229	0.0221	28.5639	9.48821	-0.192727	-3.24117	29.5579	51.2989	-0.206384	-18.7655	29.5864	66.4175	0.0544128	6.40558	33.1209	3.86465	-0.220329	-1.50923
DIff1_Matrix_St1	191	2962.3	299.84	0.0306	0.1233	0.023	28.5672	9.19413	-0.196303	-3.19899	29.5597	51.8986	-0.204263	-18.7897	29.5849	65.2556	0.0551598	6.37992	33.1202	3.85691	-0.226585	-1.54898
DIff1_Matrix_St1	192	2965.8	300.08	-0.003	0.1235	0.0242	28.5632	8.82465	-0.199591	-3.12186	29.5582	51.0977	-0.206833	-18.7325	29.5861	65.7664	0.0569622	6.63997	33.1117	3.6108	-0.232813	-1.49
DIff1_Matrix_St1	193	2969.3	300.05	-0.0042	0.1244	0.0243	28.5652	8.92102	-0.201606	-3.18781	29.5587	51.5507	-0.205427	-18.7702	29.5856	64.4768	0.0554639	6.33853	33.1129	3.7144	-0.230765	-1.51927
DIff1_Matrix_St1	194	2972.8	299.56	-0.0156	0.1227	0.0248	28.5662	9.16079	-0.198201	-3.2182	29.5589	49.5308	-0.210121	-18.4467	29.585	66.544	0.0574672	6.77803	33.1132	3.42649	-0.234887	-1.42654
DIff1_Matrix_St1	195	2976.3	299.67	-0.0087	0.1229	0.0236	28.5628	9.22486	-0.19271	-3.15092	29.5579	50.6271	-0.206423	-18.5232	29.5855	63.7529	0.0590223	6.66947	33.1138	3.65066	-0.227455	-1.47178
DIff1_Matrix_St1	196	2979.81	300.38	-0.0014	0.1231	0.0265	28.5648	8.98811	-0.197018	-3.1387	29.5576	49.9842	-0.208786	-18.4974	29.5852	67.5654	0.0574557	6.8807	33.104	3.56529	-0.24635	-1.55676
DIff1_Matrix_St1	197	2983.31	300.78	-0.0143	0.1232	0.0245	28.5628	8.76597	-0.2047	-3.18048	29.5588	52.4712	-0.205537	-19.1155	29.5856	64.2208	0.0553108	6.29595	33.115	3.50034	-0.241428	-1.49787
DIff1_Matrix_St1	198	2986.81	299.57	-0.003	0.1246	0.0254	28.5591	9.11462	-0.196778	-3.179	29.5591	52.0342	-0.203138	-18.7351	29.5865	63.8096	0.0556293	6.29165	33.1112	3.47636	-0.245239	-1.51108
DIff1_Matrix_St1	199	2990.31	300.6	-0.0063	0.124	0.0245	28.5624	9.18398	-0.197278	-3.21132	29.5596	51.9933	-0.204508	-18.8465	29.5853	66.292	0.0544493	6.39776	33.1228	3.59913	-0.244882	-1.56217
DIff1_Matrix_St1	200	2993.81	300.05	-0.0147	0.1238	0.026	28.5629	9.06173	-0.199181	-3.19914	29.5595	52.2684	-0.203685	-18.8701	29.5853	64.3702	0.0550307	6.27864	33.1157	3.37994	-0.24822	-1.48703
DIff1_Matrix_St1	201	2997.31	299.39	-0.0116	0.1229	0.0273	28.5609	8.968	-0.198486	-3.155	29.5579	49.8613	-0.208729	-18.4468	29.5854	65.2696	0.0586223	6.78186	33.1123	3.63268	-0.233095	-1.50084
DIff1_Matrix_St1	202	3000.81	299.58	-0.0119	0.1229	0.0268	28.5615	8.95264	-0.196961	-3.1254	29.5569	50.5801	-0.207402	-18.5938	29.5851	64.8178	0.0585324	6.72459	33.1049	3.62704	-0.246343	-1.58368
DIff1_Matrix_St1	203	3004.31	299.76	-0.0047	0.1228	0.0293	28.5602	9.31656	-0.196293	-3.24142	29.5571	50.9021	-0.205865	-18.5735	29.5859	65.9212	0.0575136	6.72002	33.1175	3.51333	-0.244304	-1.52134
DIff1_Matrix_St1	204	3007.81	299.55	-0.0129	0.1218	0.0286	28.5584	9.23762	-0.202457	-3.31488	29.5573	49.6936	-0.209839	-18.4826	29.5847	69.0527	0.0573928	7.02446	33.1197	3.56461	-0.248697	-1.5713
DIff1_Matrix_St1	205	3011.31	299.11	-0.0127	0.1241	0.0262	28.5587	8.8277	-0.203872	-3.18993	29.5591	51.7702	-0.204963	-18.8075	29.5852	64.865	0.0569371	6.54607	33.1131	3.78032	-0.226576	-1.51816
DIff1_Matrix_St1	206	3014.81	298.59	-0.0041	0.1226	0.029	28.5622	9.33672	-0.198083	-3.27806	29.5586	51.7784	-0.206346	-18.9373	29.585	66.3711	0.0554902	6.52785	33.1119	3.42793	-0.246442	-1.49734
DIff1_Matrix_St1	207	3018.32	299.93	-0.0111	0.1235	0.0307	28.5632	8.88198	-0.202773	-3.19223	29.5579	49.4127	-0.210348	-18.4226	29.5846	66.9275	0.0580666	6.8882	33.1072	3.52662	-0.242748	-1.51736
DIff1_Matrix_St1	208	3021.82	299.38	-0.0098	0.123	0.029	28.5578	9.0532	-0.197044	-3.16185	29.5581	51.1327	-0.209122	-18.9528	29.5859	66.5983	0.0568273	6.70803	33.106	3.82211	-0.240808	-1.63136
DIff1_Matrix_St1	209	3025.32	299.87	-0.0067	0.1239	0.0319	28.5601	8.88667	-0.200951	-3.16522	29.5599	50.9625	-0.206778	-18.678	29.5849	67.3261	0.0560126	6.68411	33.1126	3.55719	-0.236632	-1.49195
DIff1_Matrix_St1	210	3028.82	299.92	-0.0069	0.1232	0.0292	28.5545	8.63296	-0.203135	-3.10827	29.5573	49.1961	-0.210837	-18.3846	29.5852	66.1864	0.0594317	6.97208	33.1075	3.53313	-0.240158	-1.50394
DIff1_Matrix_St1	211	3032.32	300.32	-0.0084	0.1235	0.0307	28.5584	8.78446	-0.194999	-3.03614	29.5584	51.9962	-0.20506	-18.8985	29.5853	65.1687	0.0551169	6.36647	33.1178	3.73547	-0.218619	-1.44747
DIff1_Matrix_St1	212	3035.82	300.65	-0.0043	0.1236	0.0293	28.5541	9.01033	-0.190416	-3.04102	29.5598	48.7206	-0.211618	-18.2743	29.5847	67.1675	0.0586649	6.98413	33.1099	3.47874	-0.244271	-1.50616
DIff1_Matrix_St1	213	3039.32	300.74	-0.0035	0.1233	0.0314	28.5546	8.92409	-0.196192	-3.10327	29.5577	50.9501	-0.205461	-18.5545	29.5865	65.9557	0.0563828	6.59135	33.1061	3.58696	-0.239478	-1.52253
DIff1_Matrix_St1	214	3042.82	300.17	-0.0074	0.124	0.0293	28.5595	9.00448	-0.191547	-3.0571	29.5568	50.0914	-0.207979	-18.4654	29.5844	65.6875	0.0590189	6.87145	33.1171	3.68663	-0.235345	-1.53784
DIff1_Matrix_St1	215	3046.32	300	-0.0044	0.1239	0.0313	28.5626	8.90338	-0.198494	-3.1324	29.5598	51.4679	-0.204688	-18.6726	29.5852	67.037	0.0552494	6.56474	33.1078	3.46031	-0.246121	-1.50952
DIff1_Matrix_St1	216	3049.82	299.56	-0.0052	0.1236	0.0305	28.5592	9.27541	-0.194673	-3.20047	29.5574	50.6915	-0.207518	-18.6452	29.5852	66.3009	0.0579638	6.81164	33.1134	3.53988	-0.230563	-1.44661
DIff1_Matrix_St1	217	3053.32	299.74	0.0004	0.124	0.0309	28.5631	9.21908	-0.19622	-3.20631	29.5584	50.6567	-0.206293	-18.5224	29.5856	65.3681	0.0577726	6.69365	33.1213	3.41941	-0.241813	-1.46557
DIff1_Matrix_St1	218	3056.83	300.3	-0.0054	0.1227	0.034	28.5572	8.51727	-0.206992	-3.12485	29.5575	52.334	-0.204583	-18.9771	29.5866	64.1002	0.0556876	6.32692	33.1004	3.74883	-0.233025	-1.54837
DIff1_Matrix_St1	219	3060.33	300.21	-0.0165	0.1248	0.0321	28.5568	8.78314	-0.195813	-3.04836	29.5603	51.8066	-0.205819	-18.8993	29.5856	63.8799	0.0552918	6.26037	33.1071	3.53592	-0.232958	-1.46001
DIff1_Matrix_St1	220	3063.83	301.09	-0.0067	0.1236	0.0305	28.5581	8.99313	-0.196223	-3.12777	29.5595	52.0655	-0.204178	-18.8423	29.5858	66.1334	0.0558113	6.54211	33.1232	3.61654	-0.222326	-1.42514
DIff1_Matrix_St1	221	3067.33	300.6	-0.0114	0.124	0.0316	28.5602	8.93049	-0.200706	-3.17695	29.5567	49.9575	-0.207796	-18.3998	29.586	67.0368	0.0577961	6.86731	33.0991	3.49343	-0.236379	-1.46364
DIff1_Matrix_St1	222	3070.83	299.76	-0.0066	0.1243	0.0344	28.5534	8.91168	-0.191783	-3.02932	29.5588	48.3875	-0.212389	-18.2155	29.5849	67.8632	0.0584866	7.03503	33.1098	3.49203	-0.238118	-1.47382
DIff1_Matrix_St1	223	3074.33	299.88	-0.0147	0.1235	0.0327	28.5579	8.69412	-0.204487	-3.15113	29.5588	49.0428	-0.210943	-18.3364	29.5854	66.3223	0.0606033	7.12411	33.1011	3.48561	-0.229743	-1.41937
DIff1_Matrix_St1	224	3077.83	300.19	-0.0043	0.1235	0.0348	28.5541	8.87956	-0.196765	-3.09681	29.5584	50.3734	-0.209448	-18.7005	29.5845	67.016	0.0579835	6.88744	33.1058	3.54664	-0.238426	-1.49881
DIff1_Matrix_St1	225	3081.33	300.27	-0.0098	0.1245	0.0354	28.5527	8.8994	-0.193916	-3.05878	29.5586	49.8273	-0.210004	-18.5468	29.5851	66.0803	0.0576181	6.74848	33.1108	3.70825	-0.22523	-1.48037
DIff1_Matrix_St1	226	3084.83	299.63	-0.013	0.1243	0.0341	28.5562	9.04279	-0.191089	-3.06277	29.5603	53.1962	-0.203078	-19.1478	29.5864	64.2149	0.0539137	6.13634	33.1124	3.52785	-0.229825	-1.43709
DIff1_Matrix_St1	227	3088.33	300.01	-0.0064	0.1243	0.0341	28.5568	8.86843	-0.198579	-3.12143	29.5602	50.8574	-0.207399	-18.6955	29.5858	64.863	0.0568321	6.5338	33.1005	3.42755	-0.238406	-1.44836
DIff1_Matrix_St1	228	3091.83	299.61	-0.0056	0.1234	0.036	28.5567	8.87736	-0.197672	-3.11031	29.5597	51.3205	-0.203887	-18.5462	29.5843	65.2021	0.0574781	6.64261	33.1	3.54106	-0.237459	-1.49038
DIff1_Matrix_St1	229	3095.34	299.21	0.0005	0.1227	0.0349	28.5542	8.79054	-0.200904	-3.13026	29.5578	51.3376	-0.20629	-18.771	29.5856	64.3071	0.0575694	6.56185	33.1026	3.52114	-0.249011	-1.55409
DIff1_Matrix_St1	230	3098.84	299.36	-0.0132	0.1228	0.0366	28.5559	8.87695	-0.19343	-3.04343	29.5592	50.6074	-0.208681	-18.7185	29.5858	65.75	0.0567083	6.60872	33.109	3.47734	-0.241519	-1.48859
DIff1_Matrix_St1	231	3102.34	299.35	0.0016	0.1235	0.0377	28.5549	8.84733	-0.200175	-3.13904	29.5587	50.9495	-0.206401	-18.6391	29.5859	65.6108	0.0577942	6.721	33.1101	3.64468	-0.237661	-1.5353
DIff1_Matrix_St1	232	3105.84	299.01	-0.0066	0.1229	0.0355	28.5553	8.65915	-0.199372	-3.05995	29.5607	50.9424	-0.207051	-18.6952	29.5855	65.346	0.0575831	6.66944	33.1069	3.44202	-0.242912	-1.48196
DIff1_Matrix_St1	233	3109.34	299.09	-0.0204	0.1238	0.0349	28.5597	8.77102	-0.197664	-3.07293	29.5587	50.8756	-0.208102	-18.7655	29.5851	65.5405	0.0569334	6.61381	33.103	3.71752	-0.230174	-1.51665
DIff1_Matrix_St1	234	3112.84	300.2	-0.011	0.124	0.0381	28.5539	8.69679	-0.200899	-3.09679	29.5605	50.9426	-0.208263	-18.8048	29.5844	66.7953	0.0553129	6.54859	33.1141	3.67299	-0.239946	-1.5621
DIff1_Matrix_St1	235	3116.34	299.82	-0.0072	0.1234	0.0365	28.5583	8.94741	-0.192275	-3.04927	29.5593	50.1966	-0.208356	-18.5377	29.5837	65.9962	0.0572757	6.69984	33.1011	3.5961	-0.245604	-1.56546
DIff1_Matrix_St1	236	3119.84	299.87	-0.0054	0.1235	0.0383	28.5528	9.1608	-0.190097	-3.08663	29.559	53.2011	-0.202867	-19.1296	29.5856	63.8964	0.0561899	6.36369	33.1063	3.47409	-0.231061	-1.42279
DIff1_Matrix_St1	237	3123.34	300.37	-0.0114	0.1244	0.0366	28.5497	9.0781	-0.197649	-3.18027	29.5595	51.3217	-0.207193	-18.8474	29.5859	67.4498	0.055434	6.62722	33.1093	3.44637	-0.237467	-1.45057
DIff1_Matrix_St1	238	3126.84	300.38	-0.0037	0.1235	0.0375	28.555	8.68427	-0.202373	-3.11502	29.5584	49.721	-0.209264	-18.4421	29.5858	66.6251	0.0591618	6.98641	33.1073	3.59903	-0.240403	-1.53356
DIff1_Matrix_St1	239	3130.34	300.49	-0.0003	0.1233	0.0367	28.5534	8.83466	-0.189585	-2.96871	29.559	51.8048	-0.20403	-18.7344	29.5861	63.9012	0.0549123	6.21948	33.0963	3.50467	-0.240974	-1.4969
DIff1_Matrix_St1	240	3133.85	300.47	-0.0088	0.1242	0.0384	28.5504	9.02516	-0.193044	-3.08807	29.5592	51.8548	-0.205016	-18.8431	29.5857	66.5684	0.0558894	6.59435	33.1082	3.37217	-0.233994	-1.39858
DIff1_Matrix_St1	241	3137.35	300.09	0	0.1237	0.0374	28.5504	8.91267	-0.184369	-2.91253	29.5598	52.3516	-0.204405	-18.9669	29.585	64.388	0.055501	6.33403	33.101	3.54368	-0.235593	-1.47976
DIff1_Matrix_St1	242	3140.85	300.46	-0.0084	0.1241	0.0389	28.5522	9.02265	-0.193049	-3.08728	29.5604	51.2725	-0.205438	-18.6698	29.585	66.8575	0.0571292	6.76992	33.0942	3.69028	-0.220143	-1.43992
DIff1_Matrix_St1	243	3144.35	300.34	-0.0068	0.1245	0.0412	28.5552	9.10177	-0.192202	-3.1007	29.5585	51.6943	-0.205554	-18.8341	29.5857	65.4266	0.0555763	6.44495	33.0988	3.30271	-0.255929	-1.49818
DIff1_Matrix_St1	244	3147.85	300.17	0.0022	0.1237	0.0387	28.5543	8.54338	-0.202188	-3.06169	29.5602	50.8488	-0.207548	-18.7057	29.5844	63.9911	0.0574787	6.51931	33.1069	3.36324	-0.242433	-1.44519
DIff1_Matrix_St1	245	3151.35	300.49	0.0074	0.124	0.0415	28.5507	8.81598	-0.19797	-3.09347	29.5594	51.4815	-0.207253	-18.9115	29.5853	64.4459	0.0563881	6.44106	33.0993	3.38091	-0.235856	-1.41337
DIff1_Matrix_St1	246	3154.85	300.75	-0.0007	0.1233	0.0417	28.5502	8.96376	-0.193782	-3.07878	29.5568	50.9424	-0.206675	-18.6613	29.585	64.1815	0.0574457	6.53495	33.0858	3.18696	-0.241464	-1.36397
DIff1_Matrix_St1	247	3158.35	300.78	-0.0219	0.1241	0.041	28.5543	8.74306	-0.199299	-3.08847	29.5577	50.7257	-0.207324	-18.6403	29.5851	67.5795	0.0568026	6.8039	33.1096	3.49989	-0.232316	-1.44115
DIff1_Matrix_St1	248	3161.85	300.82	-0.0136	0.1226	0.0403	28.5526	8.85469	-0.191991	-3.01321	29.5604	51.4373	-0.206173	-18.7969	29.5842	66.6729	0.0573219	6.77399	33.1138	3.23187	-0.242368	-1.38837
DIff1_Matrix_St1	249	3165.35	300	0.0061	0.1234	0.04	28.5501	8.6804	-0.201322	-3.09745	29.559	51.8581	-0.204167	-18.7662	29.5865	64.8136	0.0559542	6.42797	33.1002	3.26364	-0.266424	-1.54117
DIff1_Matrix_St1	250	3168.85	299.73	-0.0037	0.124	0.0399	28.5515	8.65515	-0.200015	-3.0684	29.5582	51.4965	-0.208312	-19.0137	29.5844	64.5828	0.0579574	6.63438	33.1135	3.25548	-0.250913	-1.44781
DIff1_Matrix_St1	251	3172.36	299.52	-0.0022	0.1236	0.044	28.5486	8.62815	-0.193377	-2.95731	29.5592	50.1588	-0.208502	-18.5367	29.585	65.3564	0.0586328	6.79209	33.0902	3.3018	-0.248472	-1.45413
DIff1_Matrix_St1	252	3175.86	300.75	-0.0181	0.1226	0.042	28.5453	8.68258	-0.20067	-3.08821	29.5605	50.2724	-0.208966	-18.62	29.5846	67.088	0.0589754	7.01279	33.1021	3.56816	-0.221077	-1.39818
DIff1_Matrix_St1	253	3179.36	299.5	-0.0153	0.124	0.0415	28.5453	8.86733	-0.191477	-3.00943	29.5569	50.0063	-0.208345	-18.4664	29.5844	66.1292	0.0586345	6.87261	33.094	3.74176	-0.224362	-1.48799
DIff1_Matrix_St1	254	3182.86	299.9	-0.0011	0.1235	0.0413	28.5501	8.70147	-0.200047	-3.08532	29.5581	49.3325	-0.210248	-18.384	29.585	65.8298	0.0600367	7.0051	33.0934	3.34876	-0.230953	-1.37083
DIff1_Matrix_St1	255	3186.36	300.08	-0.0104	0.1234	0.044	28.5483	8.90892	-0.192822	-3.04478	29.5591	52.1986	-0.204531	-18.9231	29.5843	65.4104	0.0569141	6.59844	33.1118	3.55011	-0.231019	-1.45366
DIff1_Matrix_St1	256	3189.86	300.79	0.0138	0.1223	0.0434	28.5545	8.63536	-0.199634	-3.05556	29.5577	52.3454	-0.203348	-18.8666	29.5852	65.6266	0.0564423	6.56538	33.0951	3.32301	-0.244767	-1.44165
DIff1_Matrix_St1	257	3193.36	300.44	-0.0081	0.1229	0.0451	28.5548	8.61953	-0.200389	-3.06148	29.5578	52.501	-0.202987	-18.8891	29.5853	65.527	0.0562659	6.53493	33.0948	3.32016	-0.245247	-1.44324
