DIff1_Matrix_St1	1	2292.85	249.44	0.0016	-0.0083	0.0011	28.7296	24.7034	0.142465	6.23794	29.5384	24.9065	0.281716	12.4365	29.5987	67.161	0.0632857	7.53352	33.2958	8.87619	0.205704	3.23627
DIff1_Matrix_St1	2	2296.36	249.85	0.0311	-0.0084	0	28.7315	24.5175	0.144917	6.29753	29.5449	24.4654	0.279598	12.1245	29.5988	66.799	0.0658857	7.80075	33.2987	8.80215	0.212963	3.32253
DIff1_Matrix_St1	3	2299.86	250.3	-0.0151	-0.0079	-0.0002	28.7295	24.0054	0.147013	6.2552	29.5377	24.9612	0.275507	12.1892	29.5987	67.7366	0.0656986	7.88778	33.3028	8.99021	0.209266	3.3346
DIff1_Matrix_St1	4	2303.36	249.94	-0.0175	-0.0084	0.0006	28.7316	24.6497	0.143913	6.28764	29.5442	25.917	0.268255	12.3227	29.5985	66.5962	0.0646658	7.63307	33.3011	8.96537	0.20244	3.21692
DIff1_Matrix_St1	5	2306.87	250.07	-0.0023	-0.0084	-0.0025	28.7283	23.9826	0.145473	6.18377	29.5435	25.5042	0.270736	12.2386	29.5978	66.8058	0.0661415	7.83183	33.2944	9.05438	0.196839	3.15897
DIff1_Matrix_St1	6	2310.37	249.6	0.0157	-0.0084	-0.0008	28.7292	23.9683	0.145441	6.17875	29.5425	25.4285	0.266052	11.9912	29.5988	66.5833	0.067212	7.93207	33.2947	9.06533	0.202665	3.25639
DIff1_Matrix_St1	7	2313.87	249.91	-0.0166	-0.0084	-0.0017	28.7285	24.2271	0.143473	6.16094	29.5415	25.7129	0.266177	12.131	29.5983	66.7836	0.0679389	8.04198	33.2945	8.72072	0.203494	3.14543
DIff1_Matrix_St1	8	2317.37	250.2	0.0154	-0.0084	-0.0015	28.7285	24.0622	0.145806	6.21851	29.5439	26.1618	0.259277	12.0228	29.5983	67.7045	0.0657723	7.89288	33.2919	8.85893	0.204623	3.213
DIff1_Matrix_St1	9	2320.88	250.12	0.0212	-0.0084	-0.0021	28.7265	24.6359	0.143588	6.26991	29.546	26.1429	0.259869	12.0416	29.5983	66.4188	0.066708	7.85315	33.2959	9.16721	0.192943	3.13503
DIff1_Matrix_St1	10	2324.38	249.67	-0.0305	-0.0083	-0.0009	28.7285	24.6243	0.142793	6.23229	29.5431	26.0703	0.25655	11.8548	29.5991	66.6139	0.0664098	7.84101	33.2943	8.79465	0.1951	3.04123
DIff1_Matrix_St1	11	2327.88	250.2	0.0125	-0.0084	-0.0009	28.728	24.1423	0.143791	6.15298	29.5481	28.3736	0.247068	12.4253	29.5976	66.5892	0.0632346	7.46335	33.2954	8.60648	0.201155	3.06853
DIff1_Matrix_St1	12	2331.39	249.9	-0.017	-0.008	0.0001	28.7284	23.8696	0.143114	6.05484	29.5435	25.691	0.260448	11.8598	29.5975	67.8291	0.0681945	8.19861	33.2919	8.88564	0.195096	3.07264
DIff1_Matrix_St1	13	2334.89	250.09	0.0026	-0.0084	0.0002	28.7279	23.8431	0.144963	6.12628	29.5445	27.3104	0.252111	12.2038	29.5991	68.1295	0.0651066	7.86204	33.2959	8.70012	0.205168	3.16381
DIff1_Matrix_St1	14	2338.39	249.86	-0.0072	-0.0084	-0.0003	28.7247	24.3029	0.139336	6.00203	29.5473	27.4368	0.251991	12.2544	29.5982	66.7906	0.0654886	7.75275	33.2901	8.92686	0.198978	3.14831
DIff1_Matrix_St1	15	2341.9	249.66	0.0001	-0.0084	-0.0007	28.7262	23.4758	0.145536	6.05574	29.5464	27.1038	0.254306	12.2169	29.5987	67.7905	0.0638992	7.67784	33.2943	9.0095	0.202568	3.23479
DIff1_Matrix_St1	16	2345.4	249.8	-0.0029	-0.0083	-0.001	28.7268	24.1151	0.140045	5.98592	29.5459	26.6189	0.252991	11.9363	29.5978	66.1511	0.066473	7.79394	33.2867	8.92774	0.197419	3.12396
DIff1_Matrix_St1	17	2348.9	250.03	0.0102	-0.0084	0.0005	28.7249	23.7729	0.142885	6.02067	29.5472	27.1979	0.253334	12.2124	29.5979	68.4506	0.0648318	7.86575	33.2921	9.02892	0.199284	3.18921
DIff1_Matrix_St1	18	2352.41	250.33	0.0013	-0.0084	-0.0021	28.7254	23.448	0.147258	6.12011	29.5494	28.2101	0.249516	12.4761	29.5984	66.7456	0.0645909	7.64133	33.2947	8.8154	0.199817	3.12211
DIff1_Matrix_St1	19	2355.91	249.96	-0.0008	-0.0084	0.0014	28.727	23.3261	0.148612	6.14428	29.5499	27.5603	0.248939	12.1605	29.5979	66.133	0.0660179	7.73846	33.2904	8.85378	0.202121	3.17186
DIff1_Matrix_St1	20	2359.41	250.1	-0.0018	-0.0084	-0.0029	28.7259	23.5109	0.146047	6.08609	29.5458	27.2009	0.249479	12.028	29.5984	66.7843	0.0661561	7.83104	33.2898	8.82333	0.197377	3.08676
DIff1_Matrix_St1	21	2362.92	250.13	-0.0133	-0.008	-0.0024	28.725	23.4906	0.145792	6.07021	29.5461	27.3948	0.247601	12.0225	29.5992	67.5113	0.064857	7.76083	33.294	8.77547	0.199685	3.10593
DIff1_Matrix_St1	22	2366.42	250.16	0.006	-0.0082	-0.0032	28.7238	23.9386	0.143574	6.09186	29.5483	27.6343	0.250328	12.2612	29.5986	67.9671	0.0651214	7.84508	33.2922	8.7201	0.198349	3.06568
DIff1_Matrix_St1	23	2369.92	250.16	0.0068	-0.0084	-0.0016	28.7257	24.2136	0.140922	6.048	29.5484	28.7449	0.242709	12.3658	29.5996	67.8149	0.063674	7.65353	33.29	8.72001	0.193833	2.99585
DIff1_Matrix_St1	24	2373.43	249.69	-0.0048	-0.0084	-0.0012	28.724	23.2231	0.145347	5.98276	29.55	28.5862	0.243139	12.3193	29.5988	66.2946	0.0641582	7.53886	33.2907	8.91457	0.196678	3.10764
DIff1_Matrix_St1	25	2376.93	249.81	-0.0155	-0.008	0.0003	28.7249	23.4907	0.145891	6.07435	29.5507	28.1381	0.244697	12.2039	29.5987	66.4566	0.0658474	7.75625	33.2868	8.8265	0.200853	3.14226
DIff1_Matrix_St1	26	2380.43	250.21	-0.0109	-0.008	-0.0013	28.7233	23.8552	0.142205	6.01273	29.5494	27.9544	0.246177	12.1975	29.5971	68.0119	0.0655413	7.90086	33.2866	8.95822	0.198021	3.14418
DIff1_Matrix_St1	27	2383.94	249.95	0.0036	-0.0082	-0.0009	28.7228	23.7437	0.141677	5.96242	29.5473	27.0487	0.248134	11.8962	29.5981	67.068	0.0662199	7.87189	33.2854	8.84183	0.203863	3.19488
DIff1_Matrix_St1	28	2387.44	249.79	0.0171	-0.0084	-0.0043	28.7231	22.926	0.14546	5.91079	29.5499	27.6874	0.249943	12.2658	29.5972	66.6063	0.065417	7.72291	33.2922	8.93694	0.198746	3.1482
DIff1_Matrix_St1	29	2390.94	250.09	0.003	-0.0083	-0.0021	28.723	23.2793	0.148004	6.10685	29.5503	28.8313	0.24221	12.3774	29.5992	67.509	0.0629199	7.52878	33.2876	8.88157	0.202709	3.19108
DIff1_Matrix_St1	30	2394.45	250.16	0.0324	-0.008	0.0004	28.7269	23.7331	0.141949	5.9712	29.5465	27.2827	0.248511	12.0173	29.5984	67.7084	0.0658519	7.90289	33.2872	8.91486	0.205436	3.24613
DIff1_Matrix_St1	31	2397.95	250.2	-0.0084	-0.008	0	28.7225	23.2063	0.143906	5.91916	29.5501	27.7107	0.247762	12.169	29.598	67.6229	0.0648228	7.76955	33.2887	8.96262	0.190929	3.03306
DIff1_Matrix_St1	32	2401.45	250.24	0.0058	-0.0082	-0.0008	28.7216	23.4073	0.142867	5.92732	29.5498	28.4666	0.240716	12.1455	29.5976	68.0117	0.064368	7.75941	33.2853	8.6524	0.202255	3.10178
DIff1_Matrix_St1	33	2404.96	249.62	-0.0062	-0.008	-0.0032	28.7243	23.2598	0.143055	5.89772	29.5502	27.1042	0.250389	12.0289	29.5978	67.5717	0.0668049	8.00106	33.2825	8.46994	0.206228	3.09601
DIff1_Matrix_St1	34	2408.46	250.03	-0.0161	-0.0084	-0.001	28.7231	22.8295	0.145	5.86732	29.5523	29.8035	0.237474	12.5446	29.598	68.0935	0.062993	7.60278	33.2894	8.82245	0.194281	3.03805
DIff1_Matrix_St1	35	2411.96	250.44	0.0232	-0.0081	0.0006	28.7216	23.2253	0.14427	5.93899	29.5517	28.4526	0.244464	12.3285	29.5977	66.977	0.0659035	7.82365	33.2869	8.87248	0.198754	3.12562
DIff1_Matrix_St1	36	2415.47	249.71	0.0184	-0.0081	0.0007	28.7232	23.6093	0.143845	6.01941	29.5503	28.8195	0.24176	12.3494	29.5988	66.7525	0.065068	7.69857	33.2852	8.27445	0.204672	3.00173
DIff1_Matrix_St1	37	2418.97	250.17	0.0253	-0.008	-0.0038	28.7222	22.899	0.144589	5.86847	29.5483	28.5251	0.243405	12.3064	29.5985	67.7038	0.0646017	7.75232	33.2882	8.56007	0.202229	3.06829
DIff1_Matrix_St1	38	2422.47	249.96	0.0326	-0.0079	-0.0001	28.722	22.8175	0.143763	5.81421	29.5525	28.8583	0.240118	12.2821	29.598	66.7031	0.0644428	7.61895	33.2817	8.41766	0.201526	3.00676
DIff1_Matrix_St1	39	2425.98	249.67	0.0322	-0.008	-0.0017	28.723	22.7663	0.146016	5.8921	29.5545	30.2426	0.234126	12.55	29.5992	66.4527	0.0644707	7.59364	33.2844	8.65938	0.200727	3.08083
DIff1_Matrix_St1	40	2429.48	249.93	-0.0153	-0.0079	0.0003	28.72	22.5173	0.148115	5.91139	29.5543	29.4587	0.239668	12.5141	29.5987	65.6809	0.0636896	7.4145	33.2862	8.75882	0.203287	3.15595
DIff1_Matrix_St1	41	2432.98	250.1	0.009	-0.0084	-0.0022	28.7201	23.0276	0.145114	5.92287	29.5534	27.8515	0.244846	12.0869	29.5973	68.1997	0.0648441	7.83841	33.2871	8.43	0.202885	3.03147
DIff1_Matrix_St1	42	2436.49	250.3	-0.0149	-0.0076	-0.0032	28.7207	22.864	0.147218	5.96607	29.5503	29.1173	0.239405	12.3555	29.5986	66.2979	0.0660078	7.75657	33.2879	8.58065	0.203194	3.09033
DIff1_Matrix_St1	43	2439.99	250.17	-0.0132	-0.0079	0.0003	28.7203	23.0651	0.143799	5.87878	29.5535	29.6034	0.239423	12.5627	29.5987	68.7524	0.0632534	7.70808	33.2814	8.34011	0.201363	2.97664
DIff1_Matrix_St1	44	2443.49	250.26	0.0192	-0.008	-0.0026	28.7212	22.8528	0.146059	5.91621	29.5507	29.3146	0.239526	12.4455	29.5993	67.1168	0.0646958	7.6963	33.2839	8.50915	0.198837	2.99888
DIff1_Matrix_St1	45	2447	250.02	0.0083	-0.008	-0.0009	28.7214	23.1793	0.144148	5.92221	29.5539	29.5591	0.238805	12.5115	29.5981	66.6685	0.063251	7.47417	33.2882	8.6851	0.194669	2.99672
DIff1_Matrix_St1	46	2450.5	249.63	-0.0157	-0.008	-0.0014	28.719	22.5067	0.146253	5.83433	29.5525	29.2648	0.241082	12.505	29.5981	67.711	0.0635768	7.63015	33.2894	8.57137	0.201882	3.06706
DIff1_Matrix_St1	47	2454	249.91	-0.0053	-0.008	-0.0027	28.7205	23.1787	0.143763	5.90626	29.5533	28.9087	0.240596	12.328	29.5983	68.5651	0.0642688	7.81049	33.2829	8.46881	0.202876	3.04529
DIff1_Matrix_St1	48	2457.51	250.14	0.0176	-0.008	-0.0005	28.72	23.278	0.14134	5.83156	29.5502	28.383	0.240918	12.12	29.5974	68.5323	0.0646124	7.8485	33.2844	8.63974	0.193301	2.96012
DIff1_Matrix_St1	49	2461.01	250.4	-0.0115	-0.008	-0.0032	28.7206	22.4589	0.148573	5.9143	29.5519	29.0653	0.235571	12.1359	29.5989	67.4162	0.0654244	7.8177	33.2861	8.31299	0.198542	2.92539
DIff1_Matrix_St1	50	2464.51	250.02	0.0258	-0.0079	-0.0008	28.7216	22.4021	0.149567	5.93883	29.5494	29.1069	0.241481	12.4582	29.5989	67.2832	0.0651344	7.76769	33.2821	8.29992	0.201836	2.96926
DIff1_Matrix_St1	51	2468.02	249.83	-0.0165	-0.008	-0.0019	28.7193	22.8849	0.144494	5.86104	29.5515	28.7272	0.242836	12.3646	29.5968	68.6493	0.0662812	8.06495	33.2846	8.66061	0.19551	3.00118
DIff1_Matrix_St1	52	2471.52	250.25	0.0031	-0.0075	-0.0035	28.7206	22.8263	0.147004	5.94759	29.5469	27.2744	0.249804	12.0762	29.5979	69.2242	0.0658709	8.08214	33.2846	8.84574	0.190824	2.99187
DIff1_Matrix_St1	53	2475.02	249.7	0.0029	-0.008	-0.0018	28.7193	22.4775	0.146087	5.82014	29.5527	29.7379	0.236208	12.4503	29.5979	66.6651	0.065484	7.73765	33.2841	8.61118	0.194994	2.97618
DIff1_Matrix_St1	54	2478.53	249.92	-0.0072	-0.0079	-0.0009	28.7209	22.3068	0.146874	5.80706	29.5549	31.0682	0.22952	12.639	29.5989	66.9036	0.0623525	7.39398	33.2851	8.26203	0.205647	3.0115
DIff1_Matrix_St1	55	2482.03	250.08	-0.0238	-0.008	0.0002	28.7185	22.3498	0.149817	5.93484	29.5502	29.2334	0.23876	12.3713	29.5992	67.3951	0.065765	7.85593	33.2841	8.57808	0.197336	3.00035
DIff1_Matrix_St1	56	2485.53	250.01	0.0168	-0.0083	-0.0012	28.7171	22.5326	0.148487	5.93025	29.5525	28.9557	0.241169	12.3774	29.5979	67.5739	0.0652642	7.8168	33.2854	8.53084	0.194769	2.945
DIff1_Matrix_St1	57	2489.04	249.98	-0.0099	-0.008	-0.0006	28.7195	22.1699	0.147111	5.78074	29.5525	29.864	0.234674	12.4219	29.5984	66.27	0.0644908	7.57513	33.2801	8.26862	0.208381	3.05397
DIff1_Matrix_St1	58	2492.54	249.86	0.0046	-0.0084	-0.0014	28.7212	21.7236	0.149122	5.74181	29.5525	30.6344	0.235018	12.761	29.5979	66.8317	0.0621547	7.36261	33.2872	8.12433	0.197182	2.83942
DIff1_Matrix_St1	59	2496.04	249.82	-0.0031	-0.0079	0.0005	28.7174	22.319	0.145866	5.7704	29.5523	28.9247	0.241209	12.3662	29.598	68.4513	0.0643291	7.80485	33.2801	8.3173	0.205071	3.02316
DIff1_Matrix_St1	60	2499.55	249.95	0.0209	-0.0079	0.0013	28.7178	22.5596	0.146927	5.87499	29.5522	29.2386	0.236824	12.2732	29.5976	67.7835	0.0663891	7.9762	33.2782	8.61016	0.203237	3.10162
DIff1_Matrix_St1	61	2503.05	250.14	0.0088	-0.0079	0.0003	28.7185	22.4804	0.145415	5.79414	29.551	29.2776	0.24102	12.5073	29.5988	69.1755	0.064853	7.95164	33.2831	8.38419	0.199371	2.96278
DIff1_Matrix_St1	62	2506.55	250.23	-0.0007	-0.0079	0.0014	28.7172	22.3902	0.148508	5.89363	29.5503	28.6456	0.242811	12.3283	29.5968	66.7194	0.0662184	7.8308	33.2786	8.52653	0.200409	3.02876
DIff1_Matrix_St1	63	2510.06	250.2	-0.0013	-0.008	-0.0015	28.7198	22.0239	0.147278	5.74921	29.5507	30.0526	0.235623	12.5509	29.5973	66.4857	0.0645988	7.6125	33.2774	8.03132	0.203691	2.89958
DIff1_Matrix_St1	64	2513.56	249.83	-0.0114	-0.008	0.0031	28.7177	22.3125	0.147545	5.83508	29.5541	29.8044	0.236224	12.479	29.5983	66.2819	0.06442	7.56817	33.2812	8.36104	0.20651	3.06039
DIff1_Matrix_St1	65	2517.06	250	-0.0462	-0.0075	0.0022	28.7188	21.9995	0.149426	5.82659	29.5535	30.2253	0.232487	12.455	29.5981	68.0992	0.0637703	7.69725	33.2822	8.38591	0.200585	2.98142
DIff1_Matrix_St1	66	2520.57	250.29	0.0179	-0.0079	0.0015	28.7201	21.5809	0.147393	5.63797	29.554	30.1774	0.234105	12.5218	29.5972	67.7689	0.0645552	7.7542	33.283	8.26931	0.200935	2.9451
DIff1_Matrix_St1	67	2524.07	250.34	-0.0049	-0.0079	0.0029	28.7156	21.9196	0.147787	5.74173	29.5551	30.7149	0.232528	12.659	29.5972	65.8284	0.0648378	7.56513	33.2816	8.05472	0.20005	2.85604
DIff1_Matrix_St1	68	2527.57	250.32	-0.0216	-0.008	0.0039	28.7171	22.1618	0.146868	5.76908	29.5501	30.0299	0.232523	12.3764	29.5979	66.7155	0.0641438	7.58501	33.2837	8.46625	0.195043	2.92682
DIff1_Matrix_St1	69	2531.08	250.01	-0.0059	-0.0075	0.0021	28.717	21.8422	0.147888	5.72537	29.5535	29.9744	0.235531	12.5133	29.5984	67.0915	0.0647979	7.70554	33.2728	8.2256	0.207567	3.02622
DIff1_Matrix_St1	70	2534.58	250.42	0.0137	-0.0077	0.0026	28.7167	22.084	0.146924	5.751	29.5554	29.0992	0.241019	12.431	29.5966	68.3846	0.0638277	7.73647	33.288	8.49974	0.192424	2.89895
DIff1_Matrix_St1	71	2538.08	250.52	-0.0058	-0.0075	0.0022	28.7186	22.137	0.147257	5.77792	29.5536	30.7337	0.234514	12.775	29.5984	66.6989	0.0628848	7.43428	33.2845	8.25637	0.198738	2.90834
DIff1_Matrix_St1	72	2541.59	249.99	0.0256	-0.0077	0.0054	28.7169	22.1718	0.144272	5.66966	29.5554	30.3677	0.23582	12.6931	29.5977	66.4451	0.0642732	7.56952	33.2812	8.03558	0.210661	3.00038
DIff1_Matrix_St1	73	2545.09	250.4	0.0115	-0.0075	0.0033	28.7174	22.2837	0.142697	5.63608	29.5522	29.4092	0.23768	12.3895	29.5977	66.6663	0.0657606	7.77046	33.287	8.09763	0.207169	2.97343
DIff1_Matrix_St1	74	2548.59	250.18	-0.0053	-0.0078	0.0061	28.7169	21.419	0.151373	5.74674	29.5484	29.606	0.237051	12.4393	29.598	66.6015	0.0655897	7.74274	33.2737	8.34753	0.205748	3.04417
DIff1_Matrix_St1	75	2552.1	250.19	0.004	-0.0079	0.0063	28.7153	21.7412	0.149258	5.7517	29.551	29.6818	0.236334	12.4334	29.5983	68.3599	0.064069	7.7629	33.2781	8.38832	0.2	2.97358
DIff1_Matrix_St1	76	2555.6	249.92	0.0192	-0.0079	0.008	28.7148	21.7825	0.148535	5.73471	29.5535	30.388	0.235161	12.6661	29.5986	67.5374	0.0644215	7.7117	33.2726	8.14248	0.201694	2.91088
DIff1_Matrix_St1	77	2559.1	250.37	-0.0074	-0.0079	0.0084	28.7159	22.3776	0.14282	5.66469	29.5549	30.1474	0.237543	12.6931	29.5973	65.4206	0.064938	7.52989	33.2795	8.06582	0.201702	2.88359
DIff1_Matrix_St1	78	2562.61	250.16	0.0138	-0.0075	0.0053	28.7162	21.0203	0.153359	5.71376	29.5524	29.9974	0.234721	12.4799	29.599	67.3686	0.0657411	7.84999	33.2744	8.01615	0.208545	2.96307
DIff1_Matrix_St1	79	2566.11	249.89	0.0022	-0.0079	0.0072	28.7176	22.0864	0.146881	5.74996	29.5546	31.061	0.22909	12.6124	29.5975	66.9184	0.0626264	7.4281	33.2798	7.97303	0.204549	2.89066
DIff1_Matrix_St1	80	2569.61	249.9	0.0005	-0.0077	0.0037	28.7141	22.084	0.146473	5.73337	29.5519	30.0992	0.235476	12.5625	29.5975	67.8613	0.0649001	7.80625	33.2756	8.37063	0.200584	2.97597
DIff1_Matrix_St1	81	2573.12	249.71	0.0338	-0.0079	0.0098	28.715	21.6808	0.145301	5.58366	29.5534	29.5201	0.236907	12.3957	29.5976	68.5012	0.0645974	7.84311	33.2767	8.35088	0.200156	2.96262
DIff1_Matrix_St1	82	2576.62	250.1	0.0101	-0.0079	0.0056	28.716	22.0485	0.146021	5.70649	29.5561	30.8142	0.233165	12.7348	29.5979	67.1265	0.0625549	7.44269	33.2786	8.05437	0.199947	2.85444
DIff1_Matrix_St1	83	2580.12	249.86	0.0106	-0.0077	0.007	28.7162	21.1793	0.148673	5.58107	29.5527	29.8594	0.236416	12.5121	29.5977	69.025	0.0633131	7.74595	33.2762	8.07893	0.202218	2.89567
DIff1_Matrix_St1	84	2583.63	250.54	-0.03	-0.0075	0.0086	28.7146	21.515	0.148907	5.67848	29.5543	31.1216	0.229552	12.6625	29.5972	67.0687	0.0642771	7.64101	33.2778	8.20655	0.201018	2.92395
DIff1_Matrix_St1	85	2587.13	250.3	0.0157	-0.0076	0.0073	28.7141	21.5445	0.14806	5.65392	29.5496	28.6379	0.24171	12.269	29.5977	67.7051	0.0673063	8.07704	33.2776	7.75392	0.20896	2.87184
DIff1_Matrix_St1	86	2590.63	250.32	-0.0211	-0.0075	0.0065	28.7151	21.8039	0.14521	5.61186	29.5515	29.4601	0.238083	12.4319	29.5971	69.2922	0.0639385	7.85275	33.281	8.28276	0.195658	2.87242
DIff1_Matrix_St1	87	2594.14	250.31	0.0143	-0.0075	0.006	28.7152	21.4138	0.148165	5.62359	29.5525	30.4621	0.234425	12.6572	29.5979	68.4764	0.0639251	7.75867	33.2738	8.25447	0.198084	2.89811
DIff1_Matrix_St1	88	2597.64	249.57	-0.0165	-0.0075	0.0077	28.7139	21.1295	0.147814	5.53577	29.5545	29.5003	0.238103	12.4499	29.5973	66.9799	0.0653517	7.75847	33.2775	8.42154	0.194874	2.90884
DIff1_Matrix_St1	89	2601.14	250.08	-0.0106	-0.0079	0.0092	28.7162	21.3073	0.14856	5.61056	29.5537	29.5677	0.238932	12.5218	29.5971	67.0426	0.0653152	7.76141	33.2703	8.32909	0.199622	2.94701
DIff1_Matrix_St1	90	2604.65	250.14	0.0051	-0.0075	0.0084	28.7136	21.4286	0.150063	5.69957	29.553	30.6283	0.235133	12.7647	29.5978	66.4129	0.0641601	7.55252	33.2744	8.01943	0.201073	2.85807
DIff1_Matrix_St1	91	2608.15	249.98	-0.0062	-0.0075	0.0102	28.717	21.3749	0.146429	5.54762	29.5527	29.8592	0.235291	12.4525	29.5978	68.4467	0.0652443	7.91535	33.273	8.36208	0.196652	2.91465
DIff1_Matrix_St1	92	2611.65	249.86	-0.0171	-0.0079	0.0112	28.7141	21.0985	0.152631	5.70779	29.5533	29.5188	0.237359	12.4188	29.5977	68.5561	0.065686	7.98167	33.2743	8.33708	0.198115	2.92757
DIff1_Matrix_St1	93	2615.16	250.03	-0.0054	-0.0075	0.0099	28.7136	21.21	0.149698	5.62773	29.5553	30.5047	0.233711	12.6364	29.5967	66.721	0.0649288	7.67848	33.274	8.07096	0.208543	2.98329
DIff1_Matrix_St1	94	2618.66	249.91	0.0235	-0.0074	0.0106	28.7126	20.6871	0.148861	5.45829	29.5545	30.4537	0.234193	12.6412	29.5977	67.4212	0.0637331	7.61617	33.2736	8.3898	0.196386	2.92037
DIff1_Matrix_St1	95	2622.16	250.03	-0.0157	-0.0075	0.01	28.7123	21.6122	0.147897	5.66545	29.5527	30.5559	0.233134	12.6263	29.5993	66.9704	0.0646475	7.67378	33.2686	7.81399	0.211857	2.9342
DIff1_Matrix_St1	96	2625.67	250.02	-0.0076	-0.0075	0.0086	28.7148	21.4576	0.149419	5.68278	29.5548	28.7183	0.239696	12.201	29.5968	67.6786	0.0675065	8.09789	33.2729	7.75537	0.205767	2.82848
DIff1_Matrix_St1	97	2629.17	249.94	-0.033	-0.0075	0.0107	28.7123	20.4971	0.15324	5.56725	29.5536	30.5862	0.234223	12.6979	29.598	67.3397	0.0649428	7.75135	33.2804	8.1508	0.209117	3.0211
DIff1_Matrix_St1	98	2632.67	250.49	-0.0149	-0.0075	0.0103	28.7141	20.896	0.149914	5.55239	29.5534	29.5273	0.239451	12.5318	29.5974	68.9604	0.0643026	7.85964	33.2765	8.15003	0.206802	2.98736
DIff1_Matrix_St1	99	2636.18	250.07	0.0146	-0.0075	0.0121	28.7121	21.1629	0.15034	5.63931	29.554	30.1213	0.237171	12.6622	29.5981	65.8247	0.0673571	7.85863	33.2753	7.87672	0.20668	2.88548
DIff1_Matrix_St1	100	2639.68	249.87	0.0094	-0.0079	0.014	28.7136	20.8842	0.151711	5.61577	29.5539	30.7702	0.232903	12.7022	29.5981	66.8165	0.0644771	7.63597	33.2801	8.06431	0.198943	2.84361
DIff1_Matrix_St1	101	2643.18	249.93	0.0119	-0.0075	0.0137	28.712	20.7744	0.150167	5.52941	29.5517	30.08	0.236499	12.609	29.5984	67.1775	0.065263	7.7708	33.2743	7.79857	0.206925	2.86025
DIff1_Matrix_St1	102	2646.69	249.56	-0.022	-0.0075	0.0113	28.7118	21.0515	0.149355	5.57286	29.5515	30.3306	0.234828	12.6243	29.5977	67.6959	0.0638386	7.65986	33.2756	7.84819	0.207742	2.88981
DIff1_Matrix_St1	103	2650.19	249.92	-0.002	-0.0075	0.0131	28.7116	21.0037	0.148526	5.52933	29.5548	30.7563	0.232095	12.6525	29.5978	66.7256	0.0647401	7.65669	33.2699	7.97261	0.19888	2.81039
DIff1_Matrix_St1	104	2653.69	249.56	0.0374	-0.0077	0.0129	28.7105	21.1926	0.144276	5.41942	29.5535	29.1388	0.238471	12.3163	29.5976	69.1681	0.0661854	8.11415	33.2697	7.75584	0.206027	2.83222
DIff1_Matrix_St1	105	2657.2	250.11	0.0065	-0.0075	0.0148	28.711	21.0136	0.146776	5.46676	29.5516	30.3527	0.233097	12.5403	29.5978	67.2526	0.0651188	7.7623	33.2702	8.03937	0.203544	2.90039
DIff1_Matrix_St1	106	2660.7	250.33	-0.0011	-0.0075	0.0146	28.711	20.9907	0.150071	5.58339	29.5521	30.0787	0.235172	12.5378	29.5972	67.7993	0.0649948	7.8105	33.2786	7.68153	0.20857	2.83971
DIff1_Matrix_St1	107	2664.2	250.35	0.0088	-0.0079	0.0154	28.7144	20.507	0.151674	5.51299	29.5557	31.0249	0.232779	12.8006	29.5971	66.841	0.0647772	7.67432	33.2718	7.87062	0.206247	2.87721
DIff1_Matrix_St1	108	2667.71	249.56	0.0058	-0.0074	0.0142	28.7136	21.1732	0.148804	5.5844	29.5545	30.3889	0.233762	12.5911	29.5972	67.6921	0.0655722	7.86743	33.2741	7.9067	0.208491	2.92184
DIff1_Matrix_St1	109	2671.21	250.43	0.0074	-0.0075	0.014	28.7095	20.8153	0.151683	5.59621	29.5557	30.3643	0.234618	12.627	29.5974	67.5737	0.0653631	7.82863	33.2711	7.90613	0.198772	2.78543
DIff1_Matrix_St1	110	2674.71	249.9	0.0032	-0.0073	0.0149	28.7092	20.4146	0.152576	5.52078	29.5533	30.8101	0.228303	12.4675	29.5993	68.2999	0.0638929	7.73478	33.2756	7.59582	0.202189	2.72212
DIff1_Matrix_St1	111	2678.22	250.35	0.0062	-0.0075	0.0153	28.7102	20.9658	0.148844	5.53118	29.5532	29.9233	0.236864	12.5627	29.5975	67.2362	0.0655165	7.8078	33.273	7.77881	0.20813	2.86961
DIff1_Matrix_St1	112	2681.72	249.85	0.0033	-0.0075	0.0151	28.7098	20.3921	0.154034	5.5674	29.5514	29.1545	0.236976	12.2457	29.5981	67.4265	0.0661561	7.90634	33.2689	7.8707	0.207121	2.88943
DIff1_Matrix_St1	113	2685.22	250.19	-0.0137	-0.0075	0.0162	28.7124	20.6289	0.152158	5.56346	29.5558	30.9284	0.231897	12.7124	29.5978	67.9863	0.0644913	7.77138	33.266	7.98908	0.202786	2.8715
DIff1_Matrix_St1	114	2688.73	249.98	0.0013	-0.0075	0.0164	28.7116	20.5978	0.153267	5.59556	29.5556	31.6365	0.231357	12.9732	29.5976	67.1573	0.0627796	7.47286	33.2698	7.5495	0.205591	2.75104
DIff1_Matrix_St1	115	2692.23	250.46	0.0281	-0.0076	0.0158	28.7124	20.2537	0.151986	5.45613	29.5557	30.55	0.232853	12.6086	29.598	67.1794	0.0657813	7.83275	33.2663	7.86999	0.205217	2.86262
DIff1_Matrix_St1	116	2695.73	249.71	0.0017	-0.0075	0.0179	28.712	21.1164	0.14988	5.60967	29.5578	31.3937	0.231432	12.8778	29.5977	66.7835	0.0631263	7.47229	33.2701	7.90779	0.196182	2.74973
DIff1_Matrix_St1	117	2699.24	250	0.0172	-0.0075	0.014	28.7123	20.1072	0.153032	5.45393	29.5525	30.6258	0.235627	12.7905	29.5977	66.038	0.0660613	7.73244	33.2668	7.89828	0.205715	2.87988
DIff1_Matrix_St1	118	2702.74	250.2	0.0145	-0.0084	0.0174	28.7119	20.5874	0.151241	5.51883	29.5549	29.4134	0.240165	12.5207	29.5984	67.1505	0.0659701	7.85184	33.2699	7.7405	0.20312	2.78673
DIff1_Matrix_St1	119	2706.24	250.03	-0.0074	-0.0073	0.0167	28.7099	20.2272	0.152659	5.47309	29.5523	30.1575	0.237788	12.7104	29.5975	67.6873	0.0647648	7.77	33.2702	7.49616	0.20726	2.75378
DIff1_Matrix_St1	120	2709.75	249.97	0.0011	-0.0073	0.0159	28.7075	20.1123	0.153597	5.47542	29.5506	28.9691	0.237958	12.2183	29.5984	69.6147	0.0663757	8.19002	33.2742	7.69942	0.21083	2.87718
DIff1_Matrix_St1	121	2713.25	249.85	-0.0067	-0.0075	0.0181	28.7131	19.8191	0.153358	5.38723	29.5561	29.8736	0.235478	12.4685	29.5975	68.2597	0.065994	7.98442	33.2725	7.8927	0.204903	2.86648
DIff1_Matrix_St1	122	2716.75	250.02	0.016	-0.0075	0.0175	28.7078	19.9989	0.150723	5.3427	29.5525	31.0163	0.233278	12.8244	29.5976	67.3052	0.0652645	7.78575	33.2688	7.66748	0.208437	2.8327
DIff1_Matrix_St1	123	2720.26	250.18	-0.0243	-0.0071	0.0184	28.7135	19.9293	0.151814	5.36267	29.5545	29.9792	0.236184	12.5501	29.5973	67.9417	0.0653203	7.8661	33.2722	7.59694	0.211233	2.8443
DIff1_Matrix_St1	124	2723.76	249.86	-0.0035	-0.0075	0.0188	28.7097	20.2655	0.15239	5.47379	29.5556	30.5945	0.233836	12.6803	29.598	67.6423	0.0652875	7.8275	33.2676	7.63867	0.202964	2.74796
DIff1_Matrix_St1	125	2727.26	250.17	0.0163	-0.0074	0.0167	28.7087	20.1159	0.150023	5.349	29.5541	28.9933	0.238282	12.2452	29.5975	68.9426	0.0678267	8.28825	33.2729	7.25742	0.213376	2.74475
DIff1_Matrix_St1	126	2730.77	250.23	-0.0159	-0.0075	0.0178	28.7098	20.2853	0.15063	5.41584	29.554	30.2118	0.23695	12.6884	29.5983	67.7567	0.0668752	8.03142	33.2731	7.77241	0.203771	2.80719
DIff1_Matrix_St1	127	2734.27	250.18	-0.0038	-0.0074	0.0187	28.7082	20.6911	0.148538	5.4475	29.5544	29.9842	0.236143	12.5499	29.598	66.4491	0.0664686	7.82854	33.2723	7.57523	0.20854	2.80001
DIff1_Matrix_St1	128	2737.77	249.84	-0.0006	-0.0073	0.02	28.7102	20.0265	0.153014	5.43139	29.5545	30.2465	0.234338	12.563	29.5978	68.6146	0.0651811	7.92708	33.266	7.37326	0.211914	2.76945
DIff1_Matrix_St1	129	2741.28	249.91	0.0173	-0.0074	0.0186	28.7121	19.9254	0.150953	5.3312	29.556	31.1077	0.232697	12.8302	29.5968	67.2705	0.0636216	7.58585	33.2706	7.53454	0.212344	2.83577
DIff1_Matrix_St1	130	2744.78	250.2	-0.0108	-0.0074	0.0207	28.7092	19.9354	0.15271	5.39594	29.5553	31.5551	0.229878	12.8571	29.5978	68.3101	0.062865	7.61147	33.2716	7.39505	0.208006	2.72642
DIff1_Matrix_St1	131	2748.28	250.45	0.0074	-0.0075	0.0203	28.7099	19.5955	0.153582	5.33424	29.5582	32.1898	0.228432	13.0332	29.5993	66.2702	0.0642514	7.54703	33.2708	7.73408	0.204439	2.80251
DIff1_Matrix_St1	132	2751.79	250.29	-0.0096	-0.0074	0.0195	28.7101	19.4936	0.154466	5.33703	29.556	32.6071	0.226739	13.1043	29.5992	65.2344	0.063355	7.32543	33.2739	7.69522	0.207124	2.82506
DIff1_Matrix_St1	133	2755.29	250.08	-0.0019	-0.0074	0.022	28.7098	19.7836	0.153288	5.37512	29.5565	31.27	0.231782	12.8465	29.5984	67.7509	0.064328	7.72485	33.2674	7.77773	0.201246	2.77431
DIff1_Matrix_St1	134	2758.79	249.98	-0.0197	-0.0071	0.0225	28.7104	19.8741	0.153808	5.41804	29.5583	32.5284	0.228765	13.1895	29.5986	66.7378	0.0628152	7.43039	33.2691	7.60209	0.20684	2.78703
DIff1_Matrix_St1	135	2762.3	250.12	0.0229	-0.0074	0.0207	28.7084	20.0832	0.152564	5.43077	29.5576	32.3662	0.226666	13.0033	29.5997	66.9471	0.0628609	7.45912	33.2695	7.55098	0.211907	2.83612
DIff1_Matrix_St1	136	2765.8	249.81	0.0193	-0.0074	0.0224	28.7076	20.2412	0.153272	5.49888	29.5548	31.1463	0.234734	12.9586	29.5983	67.2143	0.0642612	7.65572	33.2705	7.74826	0.204951	2.81468
DIff1_Matrix_St1	137	2769.3	249.79	-0.0072	-0.0072	0.024	28.7111	19.7625	0.154467	5.41069	29.5532	30.333	0.233989	12.5801	29.5988	66.9264	0.0660762	7.83823	33.2669	7.30951	0.212759	2.75646
DIff1_Matrix_St1	138	2772.81	250.62	0.0366	-0.0074	0.0222	28.7085	19.7009	0.153498	5.35998	29.5519	29.5666	0.238387	12.4928	29.5992	68.8751	0.0667185	8.14486	33.2678	7.54989	0.202918	2.71542
DIff1_Matrix_St1	139	2776.31	250.08	0.0046	-0.0071	0.0229	28.7102	20.0087	0.151084	5.3581	29.5546	30.5231	0.233033	12.6073	29.5978	65.8742	0.0667356	7.79198	33.2644	7.30088	0.209427	2.71008
DIff1_Matrix_St1	140	2779.81	249.98	-0.008	-0.0075	0.0255	28.71	19.8566	0.154362	5.43275	29.5558	31.3975	0.230633	12.8349	29.5986	65.2984	0.0657085	7.605	33.2762	7.46265	0.212318	2.80838
DIff1_Matrix_St1	141	2783.32	249.76	0.0056	-0.0073	0.0231	28.7103	19.3607	0.15368	5.27368	29.5579	30.7294	0.232956	12.6883	29.599	69.748	0.064285	7.94723	33.2672	7.33209	0.204632	2.65935
DIff1_Matrix_St1	142	2786.82	249.82	0.0238	-0.0074	0.0236	28.7058	19.6846	0.153254	5.34706	29.554	29.546	0.239481	12.5414	29.5988	68.1023	0.0673929	8.13487	33.2675	7.54417	0.209445	2.80063
DIff1_Matrix_St1	143	2790.32	250.3	-0.0237	-0.0071	0.0259	28.7101	19.9077	0.153949	5.43217	29.5558	31.6889	0.231063	12.9781	29.599	66.9617	0.0635546	7.54307	33.2689	7.66841	0.201236	2.73519
DIff1_Matrix_St1	144	2793.83	249.55	-0.0072	-0.0075	0.0247	28.7082	20.0246	0.153487	5.44765	29.5535	30.1572	0.234472	12.533	29.5995	67.9211	0.0662118	7.97104	33.268	7.65958	0.201457	2.73503
DIff1_Matrix_St1	145	2797.33	250.18	0.0148	-0.0072	0.0262	28.7107	19.5587	0.153068	5.30638	29.5558	30.9308	0.234451	12.8534	29.5981	66.3309	0.0661547	7.77771	33.2688	7.64916	0.211277	2.86444
DIff1_Matrix_St1	146	2800.83	250.17	0.0183	-0.0073	0.0263	28.7077	19.5738	0.157532	5.46537	29.5577	31.7307	0.231659	13.0288	29.5983	66.5893	0.0643268	7.59227	33.2669	7.2336	0.213149	2.73284
DIff1_Matrix_St1	147	2804.34	249.82	-0.0075	-0.007	0.0254	28.7084	19.1703	0.157847	5.36339	29.557	31.8414	0.230809	13.0263	29.5995	67.3732	0.0638743	7.6276	33.2718	7.05315	0.217715	2.72174
DIff1_Matrix_St1	148	2807.84	250.13	-0.0026	-0.0071	0.0236	28.7088	19.0164	0.158331	5.33668	29.5595	31.9309	0.228586	12.9371	29.5995	67.6368	0.0625738	7.50154	33.2639	7.73851	0.201219	2.75995
DIff1_Matrix_St1	149	2811.34	250.43	-0.0075	-0.007	0.0248	28.7073	19.4421	0.154402	5.32074	29.5586	32.5699	0.227167	13.1141	29.5995	65.5892	0.06282	7.30307	33.2662	7.52712	0.202399	2.7003
DIff1_Matrix_St1	150	2814.85	249.84	-0.0115	-0.007	0.0256	28.7065	19.6375	0.151514	5.2737	29.5529	30.1552	0.234639	12.5411	29.5984	66.8978	0.0673623	7.98737	33.268	7.20354	0.21985	2.80703
DIff1_Matrix_St1	151	2818.35	250.25	0.0289	-0.007	0.0274	28.7057	19.8895	0.150915	5.32023	29.5548	29.7123	0.236561	12.4582	29.5979	68.1508	0.0675134	8.15523	33.2731	7.63493	0.197105	2.66733
DIff1_Matrix_St1	152	2821.85	249.8	-0.0062	-0.0072	0.0274	28.7052	19.5772	0.155317	5.38943	29.5558	31.3382	0.232584	12.919	29.5984	66.2191	0.0643853	7.55692	33.2681	7.30134	0.208961	2.70423
DIff1_Matrix_St1	153	2825.36	250.04	-0.0154	-0.0074	0.0265	28.7074	19.5406	0.156318	5.41405	29.5568	32.6394	0.228144	13.1985	29.5991	66.0874	0.0637188	7.46383	33.2689	7.4545	0.203266	2.6857
DIff1_Matrix_St1	154	2828.86	250.1	0.0008	-0.0071	0.0279	28.7067	19.1198	0.157494	5.33734	29.5538	30.161	0.239726	12.8155	29.5987	68.6043	0.0657906	8	33.2546	7.18969	0.213475	2.7204
DIff1_Matrix_St1	155	2832.36	250.56	0.0026	-0.007	0.0273	28.7074	19.2459	0.159021	5.4246	29.5571	32.3708	0.229755	13.1824	29.5979	66.4975	0.0639241	7.53434	33.2647	7.20139	0.217818	2.78026
DIff1_Matrix_St1	156	2835.87	250.2	-0.0029	-0.0072	0.0297	28.7046	18.7521	0.155061	5.15379	29.5547	32.3354	0.227361	13.0307	29.5977	66.7654	0.0638695	7.55824	33.2769	7.48981	0.211003	2.80114
DIff1_Matrix_St1	157	2839.37	250.2	0.0161	-0.007	0.0287	28.7091	18.9921	0.1563	5.26145	29.557	31.0238	0.233753	12.8537	29.5981	66.764	0.0657666	7.78256	33.2623	7.44768	0.20749	2.739
DIff1_Matrix_St1	158	2842.87	249.97	-0.0097	-0.007	0.0301	28.7077	19.2912	0.157196	5.37494	29.558	31.6674	0.231367	12.9864	29.5981	66.6486	0.0642412	7.58892	33.2619	7.73617	0.204417	2.80297
DIff1_Matrix_St1	159	2846.38	250	-0.0042	-0.007	0.0281	28.7084	19.258	0.156243	5.33318	29.5568	31.9391	0.230944	13.0739	29.5983	67.9278	0.0644937	7.76496	33.2654	7.41041	0.208161	2.73412
DIff1_Matrix_St1	160	2849.88	250.58	-0.0006	-0.007	0.0274	28.706	18.656	0.15951	5.27451	29.5576	33.0217	0.226645	13.2654	29.5978	66.0422	0.0630315	7.37827	33.2562	7.19926	0.220808	2.81758
DIff1_Matrix_St1	161	2853.38	250.32	0.0175	-0.007	0.0302	28.7053	18.9911	0.159372	5.3646	29.5583	31.4253	0.232205	12.9338	29.5977	67.6212	0.0636154	7.62466	33.2654	7.32253	0.207094	2.68785
DIff1_Matrix_St1	162	2856.89	249.87	-0.0087	-0.007	0.0307	28.7081	18.6889	0.158886	5.26314	29.5529	30.7564	0.232233	12.66	29.5983	66.7809	0.0668723	7.9154	33.2583	7.31744	0.20728	2.68838
DIff1_Matrix_St1	163	2860.39	249.56	-0.0166	-0.007	0.0297	28.7064	18.6243	0.158928	5.24632	29.5553	30.7366	0.236008	12.8575	29.5971	67.1586	0.0671627	7.99474	33.2644	7.44103	0.210306	2.7737
DIff1_Matrix_St1	164	2863.89	249.82	-0.0136	-0.007	0.0335	28.7051	19.1922	0.153248	5.21308	29.5537	30.8046	0.23205	12.6699	29.5992	67.954	0.0661624	7.96895	33.2629	7.31206	0.209927	2.72072
DIff1_Matrix_St1	165	2867.4	249.84	-0.0065	-0.0073	0.0295	28.7053	18.8816	0.15381	5.14751	29.5548	30.0065	0.236688	12.5882	29.5985	68.7951	0.0670803	8.17951	33.2702	7.16651	0.218416	2.77439
DIff1_Matrix_St1	166	2870.9	249.77	-0.0023	-0.0067	0.0329	28.7039	18.0898	0.159916	5.12744	29.5548	31.7418	0.227591	12.8044	29.599	67.1151	0.0658643	7.83511	33.2651	7.44972	0.20649	2.72656
DIff1_Matrix_St1	167	2874.4	249.83	-0.0072	-0.007	0.0299	28.7046	18.5788	0.160175	5.2746	29.5539	31.2192	0.231759	12.8243	29.598	66.7711	0.0649405	7.68563	33.2613	7.30195	0.204138	2.64203
DIff1_Matrix_St1	168	2877.91	249.94	0.0081	-0.007	0.0328	28.7044	18.6627	0.156655	5.18196	29.5551	30.6389	0.236713	12.855	29.5983	67.6096	0.0653814	7.83497	33.2652	7.37566	0.203542	2.66091
DIff1_Matrix_St1	169	2881.41	250.12	0.0017	-0.007	0.0323	28.7055	18.6163	0.156785	5.17337	29.5552	29.6963	0.238572	12.5573	29.597	68.2674	0.0677003	8.19179	33.2632	6.99624	0.21	2.60411
DIff1_Matrix_St1	170	2884.91	250.45	0.0021	-0.007	0.034	28.7039	18.4799	0.158271	5.18414	29.5575	31.4437	0.232441	12.9546	29.5979	65.4434	0.0668169	7.75046	33.2665	7.23466	0.21262	2.72645
DIff1_Matrix_St1	171	2888.42	250.33	-0.0136	-0.007	0.0337	28.7078	18.7791	0.157459	5.24103	29.5562	31.7788	0.230214	12.9671	29.5986	65.4839	0.0659122	7.65024	33.2603	7.23039	0.210834	2.70195
DIff1_Matrix_St1	172	2891.92	250.2	-0.0136	-0.007	0.0309	28.7061	18.7757	0.157048	5.22643	29.5549	31.5393	0.23102	12.9145	29.6002	67.7625	0.0637471	7.65641	33.2626	7.19365	0.214165	2.73069
DIff1_Matrix_St1	173	2895.42	250.08	-0.016	-0.0067	0.0358	28.7043	18.3717	0.159813	5.20398	29.5535	32.0088	0.228913	12.9871	29.5991	66.421	0.0651397	7.66877	33.2596	7.145	0.213228	2.70036
DIff1_Matrix_St1	174	2898.93	250.3	-0.0142	-0.007	0.0328	28.7066	18.6625	0.154705	5.11739	29.5587	32.9369	0.223795	13.065	29.5984	65.9365	0.063898	7.46772	33.2607	7.14709	0.209304	2.65144
DIff1_Matrix_St1	175	2902.43	250.44	-0.0085	-0.007	0.0324	28.7053	18.5443	0.15822	5.20052	29.5568	31.9695	0.231087	13.0944	29.5974	66.4251	0.064901	7.64115	33.2608	7.43178	0.20612	2.71511
DIff1_Matrix_St1	176	2905.93	250.66	-0.0369	-0.007	0.036	28.7021	18.5092	0.159098	5.21951	29.5523	30.8229	0.233588	12.7614	29.5985	67.3932	0.0652843	7.79829	33.2602	7.27489	0.20487	2.64168
DIff1_Matrix_St1	177	2909.44	249.88	0.0055	-0.007	0.0351	28.7056	18.6459	0.15861	5.24191	29.5578	32.8754	0.226967	13.2254	29.5981	66.8967	0.0629304	7.46174	33.2651	7.13212	0.207922	2.62841
DIff1_Matrix_St1	178	2912.94	250.11	0.0152	-0.0074	0.0345	28.7042	18.1631	0.161912	5.21246	29.5557	30.839	0.235499	12.8725	29.5983	66.8566	0.0668368	7.92017	33.2629	7.07526	0.213384	2.67596
DIff1_Matrix_St1	179	2916.44	250.56	-0.0235	-0.007	0.0311	28.7035	18.7137	0.159353	5.28559	29.5531	29.8083	0.238636	12.608	29.5975	67.9189	0.0678788	8.17147	33.2675	7.13153	0.210434	2.65995
DIff1_Matrix_St1	180	2919.95	249.67	0.0279	-0.0069	0.0344	28.6985	18.2555	0.160651	5.19822	29.5529	31.0612	0.235457	12.963	29.5999	67.0596	0.0665919	7.91512	33.2673	7.34784	0.216094	2.81435
DIff1_Matrix_St1	181	2923.45	250.1	0.0075	-0.007	0.0334	28.7051	18.1976	0.16109	5.19588	29.5569	32.45	0.228608	13.1486	29.5979	66.9661	0.0643625	7.63946	33.2666	6.96273	0.215019	2.65357
DIff1_Matrix_St1	182	2926.95	250.05	-0.0487	-0.007	0.0351	28.7047	18.2673	0.160414	5.19387	29.5551	31.6126	0.230057	12.8905	29.5982	66.2714	0.0665681	7.81929	33.2651	7.49492	0.198627	2.63863
DIff1_Matrix_St1	183	2930.46	250.47	-0.0303	-0.0069	0.0347	28.7048	18.8402	0.153716	5.13309	29.5577	32.2255	0.229989	13.1366	29.5986	67.3802	0.0637936	7.61876	33.2535	6.97172	0.216272	2.67249
DIff1_Matrix_St1	184	2933.96	249.81	-0.0283	-0.007	0.0341	28.7039	17.8177	0.161832	5.11083	29.5522	31.0502	0.233056	12.8262	29.5987	68.9185	0.0646894	7.90213	33.2622	7.30175	0.211056	2.73149
DIff1_Matrix_St1	185	2937.46	249.9	-0.0005	-0.007	0.0364	28.7052	18.4098	0.159852	5.21606	29.5584	31.3185	0.231963	12.8764	29.5975	66.4504	0.0658516	7.75603	33.2645	7.01877	0.208762	2.5971
DIff1_Matrix_St1	186	2940.97	250.08	-0.0094	-0.007	0.0358	28.7006	17.9339	0.163426	5.1948	29.5577	32.7804	0.226351	13.1514	29.5979	66.3156	0.0639342	7.51491	33.258	7.26886	0.208887	2.69125
DIff1_Matrix_St1	187	2944.47	249.73	0.0021	-0.007	0.0345	28.6985	18.2405	0.159378	5.15276	29.5582	32.0357	0.22852	12.9758	29.5984	68.2689	0.0637416	7.71295	33.2638	7.00043	0.222247	2.75763
DIff1_Matrix_St1	188	2947.97	250.31	0.0162	-0.0068	0.0369	28.7051	17.757	0.162363	5.11011	29.5569	33.4033	0.224179	13.2727	29.5995	66.0604	0.0626424	7.33474	33.2665	6.96658	0.213057	2.63082
DIff1_Matrix_St1	189	2951.48	249.92	0.0205	-0.0069	0.0373	28.7022	18.238	0.164007	5.30168	29.5553	31.1524	0.232096	12.8155	29.5988	68.2246	0.0654667	7.91655	33.2617	6.80967	0.215076	2.59593
DIff1_Matrix_St1	190	2954.98	250.17	-0.0184	-0.007	0.0374	28.7	17.9738	0.159377	5.07739	29.5573	32.1671	0.229606	13.0909	29.5983	66.6825	0.0646106	7.63643	33.2595	6.97033	0.215938	2.66783
DIff1_Matrix_St1	191	2958.48	249.85	0.0229	-0.007	0.0387	28.7008	18.3849	0.157859	5.14405	29.5586	32.8754	0.227617	13.2633	29.5993	66.7194	0.0623915	7.37824	33.2626	7.13345	0.209257	2.64579
DIff1_Matrix_St1	192	2961.99	249.79	0.0275	-0.0069	0.037	28.7052	18.2069	0.157962	5.09758	29.555	31.9127	0.231479	13.0933	29.5983	67.8865	0.0646766	7.78226	33.259	6.89834	0.206202	2.52123
DIff1_Matrix_St1	193	2965.49	249.76	-0.0141	-0.007	0.0371	28.7016	18.2478	0.159855	5.17025	29.5594	32.8575	0.227976	13.2769	29.5984	65.3977	0.0645033	7.47686	33.2587	7.08023	0.211603	2.65549
DIff1_Matrix_St1	194	2968.99	250.01	0.0158	-0.007	0.0403	28.7029	17.8191	0.160359	5.0647	29.5555	31.6849	0.231011	12.9736	29.5986	68.7849	0.0641131	7.81654	33.2629	7.16866	0.208463	2.64875
DIff1_Matrix_St1	195	2972.5	249.79	0.0379	-0.0067	0.041	28.7024	17.6266	0.162038	5.06246	29.5569	31.837	0.22726	12.8242	29.5989	66.8348	0.0662185	7.84435	33.2567	6.88963	0.218546	2.66879
DIff1_Matrix_St1	196	2976	249.91	0.0127	-0.007	0.0427	28.7037	17.8957	0.162229	5.14578	29.5608	32.9783	0.229026	13.3871	29.5985	67.2455	0.0618056	7.36658	33.2635	7.23277	0.205974	2.64054
DIff1_Matrix_St1	197	2979.5	250.25	0.0176	-0.007	0.0401	28.7014	18.2533	0.156996	5.07932	29.5578	33.1127	0.227098	13.3286	29.5983	65.5755	0.0632812	7.35514	33.2503	7.19317	0.212792	2.71301
DIff1_Matrix_St1	198	2983.01	250.02	-0.0172	-0.007	0.0411	28.7019	18.174	0.157666	5.0788	29.5526	32.1185	0.229856	13.0854	29.5987	67.2547	0.06491	7.73766	33.259	6.88461	0.21296	2.59868
DIff1_Matrix_St1	199	2986.51	249.83	-0.0211	-0.0068	0.0406	28.7018	17.6966	0.162367	5.09286	29.5529	31.8329	0.231713	13.0738	29.5981	69.607	0.0634576	7.82909	33.2609	6.94452	0.212332	2.61356
DIff1_Matrix_St1	200	2990.01	249.74	-0.0066	-0.0069	0.0408	28.7063	17.6378	0.16174	5.05634	29.5542	31.7717	0.232539	13.0952	29.5995	67.025	0.0648772	7.70733	33.2638	7.14608	0.213111	2.69928
DIff1_Matrix_St1	201	2993.52	249.9	-0.0221	-0.0067	0.0428	28.7001	17.89	0.159345	5.05268	29.5564	32.061	0.228823	13.0033	29.5998	66.5627	0.0650631	7.6761	33.2555	7.34638	0.200366	2.60899
DIff1_Matrix_St1	202	2997.02	250.01	0.0091	-0.0068	0.0408	28.6996	17.9244	0.160095	5.08626	29.5571	31.4379	0.23293	12.9794	29.599	69.3176	0.0640252	7.86628	33.2621	6.95691	0.214358	2.64321
DIff1_Matrix_St1	203	3000.52	250.16	-0.0021	-0.007	0.0424	28.7039	17.5846	0.162808	5.07438	29.5561	32.0626	0.231722	13.1686	29.5976	67.4785	0.0653068	7.81087	33.2573	6.71083	0.218592	2.60007
DIff1_Matrix_St1	204	3004.03	250.1	-0.0089	-0.0066	0.0427	28.7018	17.6304	0.163671	5.11458	29.5552	31.3201	0.231441	12.8481	29.5994	66.715	0.0668374	7.90348	33.2628	6.90279	0.218554	2.67398
DIff1_Matrix_St1	205	3007.53	250.48	-0.0137	-0.007	0.0431	28.7034	17.5374	0.161505	5.02026	29.5577	32.2344	0.22901	13.0843	29.5986	66.7851	0.063145	7.4747	33.2627	7.04716	0.212247	2.65112
DIff1_Matrix_St1	206	3011.03	250.1	-0.007	-0.0065	0.0416	28.7008	17.7445	0.163669	5.14761	29.5576	32.0737	0.233411	13.2692	29.598	67.4124	0.0653479	7.80812	33.2603	6.92299	0.212706	2.61005
DIff1_Matrix_St1	207	3014.54	250.1	-0.0233	-0.007	0.0435	28.7014	17.8579	0.162112	5.13123	29.5583	32.0011	0.229601	13.0231	29.5985	65.7481	0.0667264	7.776	33.2614	6.82839	0.211794	2.56334
DIff1_Matrix_St1	208	3018.04	249.95	0.015	-0.007	0.0454	28.7023	17.7577	0.158903	5.00143	29.5582	31.9315	0.229389	12.9827	29.598	65.7355	0.0652066	7.59742	33.2607	7.08582	0.211638	2.65802
DIff1_Matrix_St1	209	3021.54	249.7	0.0124	-0.0068	0.0442	28.7024	17.4369	0.164785	5.09286	29.5535	30.5688	0.235645	12.7677	29.5978	68.6695	0.0662394	8.06224	33.2604	7.12376	0.209449	2.64462
DIff1_Matrix_St1	210	3025.05	250.03	0.0068	-0.0069	0.0441	28.7011	17.2755	0.160978	4.92916	29.5607	32.5774	0.23	13.2806	29.5972	65.3878	0.0640591	7.42425	33.2525	7.04944	0.210304	2.62771
DIff1_Matrix_St1	211	3028.55	250.25	-0.0064	-0.0068	0.0452	28.6975	17.3896	0.161393	4.97448	29.5571	31.8374	0.231593	13.0689	29.5966	66.8648	0.0653022	7.73928	33.2571	6.81457	0.207037	2.5007
DIff1_Matrix_St1	212	3032.05	250.03	0.0092	-0.0068	0.0446	28.6985	17.0989	0.165816	5.02538	29.5566	31.9063	0.23049	13.0348	29.5992	68.3739	0.064569	7.82509	33.2603	6.65587	0.224667	2.65045
DIff1_Matrix_St1	213	3035.56	249.96	0.0255	-0.0069	0.0451	28.7011	17.5128	0.161232	5.00474	29.5562	32.0258	0.23122	13.125	29.5982	66.3945	0.0651532	7.66731	33.2623	6.72482	0.219317	2.61413
DIff1_Matrix_St1	214	3039.06	250.11	0.0267	-0.0069	0.0446	28.7002	17.2935	0.165079	5.06001	29.5563	32.0941	0.230474	13.1106	29.5986	66.4209	0.065325	7.69058	33.2543	6.75889	0.211862	2.53807
DIff1_Matrix_St1	215	3042.56	250.26	-0.0225	-0.007	0.0446	28.6999	17.4795	0.162681	5.04012	29.5585	32.0352	0.230089	13.0647	29.5991	64.7316	0.0663946	7.6177	33.2573	6.81643	0.209528	2.53148
DIff1_Matrix_St1	216	3046.07	250.15	-0.0236	-0.0067	0.0457	28.6987	17.4419	0.164718	5.09227	29.5549	31.6174	0.231524	12.9747	29.5975	67.1537	0.0655497	7.80217	33.2608	6.90726	0.215367	2.6367
DIff1_Matrix_St1	217	3049.57	250.3	-0.0001	-0.0068	0.048	28.6998	17.1083	0.163891	4.96976	29.558	31.1018	0.23304	12.8467	29.5985	66.6781	0.0655029	7.74138	33.2527	6.8721	0.217184	2.6454
DIff1_Matrix_St1	218	3053.07	250.03	0.007	-0.0066	0.0465	28.6984	16.8678	0.169752	5.07514	29.5561	31.7384	0.231922	13.0468	29.5974	67.5625	0.0648875	7.77037	33.2672	7.0041	0.213966	2.65627
DIff1_Matrix_St1	219	3056.58	250.29	-0.0022	-0.0074	0.048	28.6996	17.1962	0.163438	4.98151	29.5557	31.8903	0.231504	13.0855	29.598	67.7381	0.0646953	7.76749	33.2607	6.69662	0.210177	2.49468
DIff1_Matrix_St1	220	3060.08	250.04	-0.0247	-0.0065	0.0485	28.6988	17.3278	0.164704	5.05851	29.5563	31.7681	0.232721	13.1039	29.5988	67.2306	0.0648604	7.72898	33.2564	6.63512	0.216413	2.54512
DIff1_Matrix_St1	221	3063.58	250.01	-0.0064	-0.0069	0.0473	28.7012	16.9579	0.163639	4.9185	29.5574	32.6521	0.229089	13.2584	29.5981	68.1402	0.0645787	7.79952	33.2558	6.88972	0.209651	2.56019
DIff1_Matrix_St1	222	3067.09	249.91	0.028	-0.0069	0.0468	28.6992	17.1325	0.163461	4.96377	29.5578	32.9789	0.226491	13.2392	29.5987	65.8345	0.0637028	7.43339	33.2578	6.76584	0.217147	2.60405
DIff1_Matrix_St1	223	3070.59	250	0.0141	-0.0068	0.0496	28.6976	16.9985	0.16558	4.98879	29.557	33.4951	0.223873	13.291	29.5984	66.8121	0.0631106	7.47365	33.2547	6.73406	0.216867	2.58848
DIff1_Matrix_St1	224	3074.09	250.07	0.027	-0.0066	0.0464	28.701	17.2434	0.162509	4.96679	29.5584	34.0588	0.225055	13.586	29.6001	65.4975	0.0621041	7.20975	33.2594	6.74333	0.219095	2.61867
DIff1_Matrix_St1	225	3077.6	250.03	0.0274	-0.0069	0.0507	28.6969	17.0926	0.165001	4.99886	29.5561	31.6287	0.234466	13.1442	29.5987	66.3245	0.0656837	7.72158	33.2531	6.61669	0.226006	2.65054
DIff1_Matrix_St1	226	3081.1	250.36	0.0324	-0.0068	0.049	28.7002	17.3891	0.161197	4.96833	29.5554	32.5354	0.228479	13.1758	29.5983	65.0955	0.0671312	7.74552	33.2586	6.63245	0.20399	2.39804
DIff1_Matrix_St1	227	3084.6	249.85	0.0141	-0.0069	0.0469	28.6994	16.8697	0.16516	4.93839	29.5554	31.9844	0.231354	13.1157	29.5993	66.2877	0.0660297	7.75795	33.2579	6.64197	0.2173	2.55818
DIff1_Matrix_St1	228	3088.11	250.16	0.0024	-0.0068	0.0487	28.7012	17.1082	0.167488	5.07883	29.559	32.9846	0.228576	13.3634	29.5991	67.6351	0.0634129	7.60194	33.2514	6.99698	0.219326	2.72005
DIff1_Matrix_St1	229	3091.61	250.03	0.0218	-0.0066	0.0492	28.6997	16.4344	0.173586	5.05643	29.5561	33.7893	0.225811	13.5238	29.5984	66.3306	0.0626416	7.36464	33.2558	6.52468	0.214413	2.47961
DIff1_Matrix_St1	230	3095.11	249.71	-0.0095	-0.0065	0.0498	28.6991	16.5181	0.165597	4.84827	29.5564	32.6958	0.228694	13.2532	29.598	65.2958	0.0666262	7.7109	33.2601	6.72072	0.213591	2.54433
DIff1_Matrix_St1	231	3098.62	250.02	-0.0095	-0.0065	0.0502	28.6975	16.7281	0.164188	4.86811	29.5596	33.1101	0.228603	13.4158	29.5987	67.4397	0.063382	7.57628	33.2637	6.55893	0.213456	2.48151
DIff1_Matrix_St1	232	3102.12	249.87	-0.0027	-0.0066	0.0531	28.6975	16.5349	0.164444	4.81942	29.5584	33.4409	0.226669	13.4352	29.599	67.0301	0.0621714	7.38645	33.2582	6.53351	0.213486	2.47225
DIff1_Matrix_St1	233	3105.62	250.17	0.0074	-0.0068	0.0512	28.6962	16.7729	0.167416	4.97714	29.5571	32.4722	0.230285	13.2541	29.5982	67.1135	0.065922	7.8418	33.2564	6.55609	0.227922	2.64853
DIff1_Matrix_St1	234	3109.13	249.87	0.0249	-0.0066	0.0531	28.6974	16.7588	0.16725	4.96801	29.5554	32.2029	0.231225	13.1979	29.5982	68.9058	0.0648638	7.92197	33.2605	6.79574	0.2131	2.56682
DIff1_Matrix_St1	235	3112.63	249.91	-0.0112	-0.0067	0.0514	28.6987	16.7345	0.166715	4.94496	29.5562	31.6332	0.233542	13.0943	29.5992	69.4027	0.0649131	7.98516	33.2563	6.53962	0.217964	2.52646
DIff1_Matrix_St1	236	3116.13	250.16	-0.0059	-0.0069	0.0513	28.6991	16.9692	0.162659	4.89233	29.5562	31.8343	0.231474	13.0609	29.5986	67.8701	0.0647356	7.78748	33.2551	6.64797	0.20672	2.43582
DIff1_Matrix_St1	237	3119.64	249.94	0.0053	-0.0068	0.0535	28.7008	16.8771	0.16435	4.91634	29.5577	32.765	0.230128	13.3645	29.599	67.0151	0.0634659	7.53855	33.2591	6.71264	0.216611	2.5772
DIff1_Matrix_St1	238	3123.14	250.23	0.0004	-0.007	0.0534	28.6968	16.6702	0.164708	4.86665	29.5576	32.8903	0.229651	13.3879	29.5991	65.4469	0.0646034	7.4941	33.2571	6.56018	0.215835	2.50965
DIff1_Matrix_St1	239	3126.64	249.84	-0.0268	-0.0065	0.0543	28.698	16.8636	0.168115	5.02496	29.5593	33.413	0.226283	13.4012	29.5985	66.1012	0.064054	7.50465	33.25	6.45853	0.220095	2.51953
DIff1_Matrix_St1	240	3130.15	249.98	-0.0115	-0.0067	0.0541	28.6994	16.5891	0.169992	4.99835	29.5563	31.1737	0.23693	13.0913	29.5977	67.8018	0.0660156	7.93346	33.2497	6.9061	0.213795	2.61701
DIff1_Matrix_St1	241	3133.65	250.19	-0.0031	-0.0067	0.0529	28.6956	16.9603	0.164193	4.93584	29.5577	32.8621	0.228007	13.2806	29.5991	66.0674	0.0647885	7.58682	33.255	6.62552	0.214569	2.51977
DIff1_Matrix_St1	242	3137.15	249.62	0.0211	-0.0067	0.0533	28.7001	16.8973	0.165761	4.96451	29.558	31.826	0.231213	13.0427	29.5984	67.5898	0.0654229	7.83765	33.2517	6.56344	0.216843	2.52261
DIff1_Matrix_St1	243	3140.66	249.88	0.0252	-0.0067	0.0536	28.6973	16.7377	0.164193	4.87107	29.559	32.5191	0.228328	13.1605	29.6	66.8288	0.0645787	7.64942	33.263	6.90871	0.212331	2.60007
DIff1_Matrix_St1	244	3144.16	249.81	0.0065	-0.0067	0.055	28.6999	16.5774	0.165222	4.85466	29.5584	32.6594	0.230952	13.3692	29.5996	66.8939	0.0645114	7.64888	33.2525	6.39816	0.218305	2.47568
DIff1_Matrix_St1	245	3147.66	250.22	-0.0075	-0.0069	0.0547	28.6989	16.4825	0.16525	4.82766	29.5566	32.1958	0.230814	13.1715	29.6002	67.8679	0.0644921	7.75792	33.2546	6.66936	0.215469	2.54709
DIff1_Matrix_St1	246	3151.17	249.92	-0.0024	-0.0065	0.0553	28.6966	16.8329	0.161998	4.8333	29.5564	31.8342	0.232056	13.0937	29.5993	67.1163	0.0644138	7.6627	33.2511	6.52545	0.218822	2.53091
DIff1_Matrix_St1	247	3154.67	250.13	0.0158	-0.0065	0.0554	28.6974	16.5535	0.164353	4.82215	29.555	32.2896	0.232008	13.2782	29.6002	68.0462	0.0637736	7.69166	33.2494	6.35667	0.222047	2.50179
DIff1_Matrix_St1	248	3158.17	250.16	-0.0175	-0.0065	0.0566	28.6947	16.9408	0.160527	4.82013	29.559	33.166	0.228557	13.4358	29.5979	66.5396	0.0632174	7.45576	33.2562	6.70904	0.211807	2.5187
DIff1_Matrix_St1	249	3161.68	249.86	0.0014	-0.0066	0.0545	28.6988	16.6575	0.167695	4.95114	29.5556	32.2955	0.231579	13.2561	29.5989	66.9828	0.0649551	7.71172	33.2475	6.51937	0.22952	2.65217
DIff1_Matrix_St1	250	3165.18	249.97	-0.022	-0.0065	0.0561	28.6984	16.6047	0.165403	4.86799	29.5557	31.1213	0.235335	12.9813	29.5981	67.5161	0.0672667	8.04975	33.2511	6.31855	0.224816	2.51779
DIff1_Matrix_St1	251	3168.68	249.78	0.029	-0.0065	0.0558	28.6956	16.7064	0.164895	4.88276	29.5566	34.0077	0.223723	13.4854	29.5986	66.8008	0.0630527	7.46552	33.2547	6.5668	0.214179	2.4929
DIff1_Matrix_St1	252	3172.19	249.64	0.0265	-0.0063	0.0582	28.6955	16.5928	0.166459	4.89554	29.5592	33.5323	0.225468	13.4006	29.5991	67.1608	0.0640225	7.6212	33.2493	6.40607	0.220915	2.50837
DIff1_Matrix_St1	253	3175.69	249.96	0.0218	-0.0066	0.0585	28.6959	16.473	0.16827	4.9131	29.5587	32.5634	0.228062	13.1631	29.5974	66.6544	0.0647902	7.65443	33.2589	6.4427	0.218039	2.48987
DIff1_Matrix_St1	254	3179.19	250.08	-0.0089	-0.0064	0.0578	28.697	16.6434	0.165087	4.87002	29.56	32.5602	0.227706	13.1413	29.5976	66.9925	0.0646602	7.67783	33.2557	6.19626	0.222698	2.4458
DIff1_Matrix_St1	255	3182.69	249.89	0.0003	-0.0065	0.0592	28.6958	16.2658	0.167775	4.83702	29.5578	32.0474	0.232935	13.2313	29.5984	66.8285	0.0652796	7.7324	33.2506	6.24539	0.21393	2.36813
DIff1_Matrix_St1	256	3186.2	250.11	0.0017	-0.0065	0.0616	28.6954	16.4022	0.168219	4.89049	29.5568	33.32	0.224502	13.2587	29.5992	66.3132	0.0647323	7.60845	33.2516	6.76748	0.206479	2.47672
DIff1_Matrix_St1	257	3189.7	250.3	0.0009	-0.0068	0.0575	28.6954	16.3997	0.168219	4.88974	29.557	33.5214	0.223619	13.2864	29.5992	66.1584	0.0645232	7.56617	33.2516	6.76774	0.206305	2.47473
