DIff1_Matrix_St1       1.00    2315.28        nan         nan        nan         nan     28.3386     0.281814     0.123513    0.0616953      29.2194     0.288927   -0.0892832   -0.0457228      29.3882      2.21824   -0.0891672    -0.350581      32.8326    0.0915607     0.185408    0.0300893 
DIff1_Matrix_St1       2.00    2318.78        nan         nan        nan         nan     28.3274     0.275752     0.121153    0.0592143      29.2229     0.285451   -0.0976042   -0.0493827      29.3877      2.25505   -0.0877806    -0.350857      32.8257    0.0961321     0.184804    0.0314887 
DIff1_Matrix_St1       3.00    2322.28        nan         nan        nan         nan     28.3251     0.259871     0.124134    0.0571774      29.2237     0.297437   -0.0815206   -0.0429771      29.3873      2.28066   -0.0879086    -0.355359      32.8217    0.0868005     0.184725    0.0284199 
DIff1_Matrix_St1       4.00    2325.78        nan         nan        nan         nan     28.3224     0.265534     0.115293    0.0542623      29.2259     0.301049     -0.08603   -0.0459052      29.3873      2.32471   -0.0868829    -0.357995      32.8194    0.0890101     0.180481    0.0284739 
DIff1_Matrix_St1       5.00    2329.28        nan         nan        nan         nan     28.3118     0.260624     0.111955     0.051717      29.2165     0.258512   -0.0819434   -0.0375465      29.3858      2.31641   -0.0892015    -0.366238       32.808    0.0924682     0.172317    0.0282421 
DIff1_Matrix_St1       6.00    2332.78        nan         nan        nan         nan     28.3118     0.256734     0.114641    0.0521672      29.2248     0.254491    -0.100253   -0.0452214      29.3873       2.3295   -0.0878928    -0.362903      32.8125    0.0900425     0.170963     0.027285 
DIff1_Matrix_St1       7.00    2336.28        nan         nan        nan         nan     28.3114     0.255385     0.113678    0.0514574      29.2157     0.263534    -0.081483   -0.0380608      29.3857      2.39762   -0.0878722    -0.373428      32.8033     0.082854     0.179059    0.0262957 
DIff1_Matrix_St1       8.00    2339.78        nan         nan        nan         nan     28.3096     0.251732     0.112197    0.0500603      29.2178     0.258131   -0.0849706   -0.0388763       29.386      2.41056   -0.0866062    -0.370035      32.8061    0.0878472     0.167556    0.0260894 
DIff1_Matrix_St1       9.00    2343.28        nan         nan        nan         nan      28.311     0.256208     0.110429    0.0501476       29.222     0.239461    -0.104192   -0.0442224      29.3862       2.3994    -0.087154     -0.37065      32.7993    0.0841037     0.165249    0.0246337 
DIff1_Matrix_St1      10.00    2346.77        nan         nan        nan         nan     28.3075     0.242922     0.110793    0.0477038      29.2368     0.268035     -0.11017   -0.0523395      29.3873      2.40101    -0.085909    -0.365602      32.8035     0.084021     0.173752    0.0258757 
DIff1_Matrix_St1      11.00    2350.27        nan         nan        nan         nan     28.3063     0.251777       0.1078    0.0481069       29.218     0.232118   -0.0881893   -0.0362828      29.3858      2.43224   -0.0881142    -0.379863      32.7988    0.0848209     0.160912    0.0241917 
DIff1_Matrix_St1      12.00    2353.77        nan         nan        nan         nan     28.3073     0.245396     0.107324    0.0466811      29.2188     0.265069   -0.0797323     -0.03746      29.3858      2.45616    -0.087121    -0.379275      32.7927    0.0812175     0.167993    0.0241834 
DIff1_Matrix_St1      13.00    2357.27        nan         nan        nan         nan     28.3022     0.252967     0.104727    0.0469566      29.2273     0.277958   -0.0774661   -0.0381651      29.3862      2.47535   -0.0860094    -0.377361      32.7941    0.0787943      0.17289    0.0241457 
DIff1_Matrix_St1      14.00    2360.77        nan         nan        nan         nan     28.3043      0.24419     0.106584    0.0461312      29.2346     0.241338    -0.101998   -0.0436309      29.3867      2.45388   -0.0864471    -0.375991      32.7907    0.0768755     0.183806     0.025045 
DIff1_Matrix_St1      15.00    2364.27        nan         nan        nan         nan     28.3045     0.229201     0.111776    0.0454089      29.2214     0.233358   -0.0967971   -0.0400368      29.3853      2.48859   -0.0864224    -0.381202        32.79    0.0803858      0.17161     0.024451 
DIff1_Matrix_St1      16.00    2367.77        nan         nan        nan         nan     28.3032     0.240651     0.106362     0.045368      29.2103     0.226648   -0.0813826   -0.0326932       29.384      2.53165   -0.0862993    -0.387245      32.7954    0.0803047     0.168748    0.0240189 
DIff1_Matrix_St1      17.00    2371.27        nan         nan        nan         nan     28.3054     0.229913     0.106467    0.0433864      29.2128     0.234973   -0.0843912   -0.0351472      29.3856      2.50908   -0.0865767    -0.385027      32.7874    0.0746308     0.162175    0.0214524 
DIff1_Matrix_St1      18.00    2374.77        nan         nan        nan         nan     28.3039      0.22915      0.10857    0.0440965      29.2368     0.256168    -0.107648   -0.0488769       29.387      2.50243   -0.0847521    -0.375912      32.7945    0.0791363      0.16588    0.0232673 
DIff1_Matrix_St1      19.00    2378.27        nan         nan        nan         nan     28.3023     0.237486      0.10433    0.0439161      29.2188     0.244122   -0.0809299   -0.0350179      29.3849       2.5349   -0.0868934    -0.390411      32.7916    0.0737803     0.178207    0.0233044 
DIff1_Matrix_St1      20.00    2381.77        nan         nan        nan         nan     28.2999     0.232246     0.102095     0.042027      29.2215     0.255406   -0.0767222   -0.0347318      29.3851      2.54684   -0.0859938     -0.38819      32.7857    0.0764979     0.160412    0.0217501 
DIff1_Matrix_St1      21.00    2385.27        nan         nan        nan         nan     28.3045     0.213737     0.106045    0.0401742      29.2207     0.234739   -0.0848376   -0.0352979      29.3851      2.55292   -0.0864939    -0.391379      32.7832    0.0759347     0.163089    0.0219503 
DIff1_Matrix_St1      22.00    2388.77        nan         nan        nan         nan     28.2958     0.232604      0.10392    0.0428441      29.2221     0.244323    -0.083191    -0.036026      29.3852      2.57382   -0.0857638    -0.391253      32.7887    0.0718301     0.165667     0.021092 
DIff1_Matrix_St1      23.00    2392.27        nan         nan        nan         nan     28.2987     0.221787     0.103287    0.0406029      29.2244     0.240162   -0.0855947   -0.0364356      29.3845      2.60002   -0.0851227    -0.392281      32.7839    0.0727615     0.163385    0.0210712 
DIff1_Matrix_St1      24.00    2395.77        nan         nan        nan         nan     28.3003     0.215229     0.106111    0.0404795      29.2219     0.243662   -0.0821317    -0.035471      29.3852      2.59026   -0.0860151    -0.394905      32.7928    0.0718584     0.166499    0.0212063 
DIff1_Matrix_St1      25.00    2399.27        nan         nan        nan         nan     28.3026     0.208585     0.109525     0.040492      29.2227     0.244262   -0.0847222   -0.0366799      29.3849      2.58958   -0.0856591    -0.393168      32.7874    0.0721806     0.161905    0.0207135 
DIff1_Matrix_St1      26.00    2402.77        nan         nan        nan         nan     28.2978     0.208309     0.106691    0.0393922      29.2237     0.242118   -0.0844753    -0.036252       29.385      2.61852   -0.0848216    -0.393674      32.7873    0.0717271     0.161958    0.0205901 
DIff1_Matrix_St1      27.00    2406.27        nan         nan        nan         nan     28.2995     0.214868     0.102115    0.0388898      29.2242     0.243909   -0.0842961   -0.0364427      29.3855      2.60616   -0.0852852    -0.393958      32.7861    0.0728953     0.156812    0.0202607 
DIff1_Matrix_St1      28.00    2409.76        nan         nan        nan         nan     28.2975     0.196184     0.108952    0.0378854      29.2249     0.230491   -0.0856759   -0.0350015      29.3848      2.60864   -0.0853048    -0.394424        32.79    0.0678983     0.166388    0.0200243 
DIff1_Matrix_St1      29.00    2413.26        nan         nan        nan         nan     28.3012      0.21165     0.101621    0.0381222      29.2234     0.234988   -0.0868197   -0.0361608      29.3853      2.62405   -0.0856761     -0.39848      32.7786     0.071262     0.158469     0.020016 
DIff1_Matrix_St1      30.00    2416.76        nan         nan        nan         nan     28.2985     0.198197     0.104206    0.0366071      29.2274     0.241241   -0.0932697   -0.0398811      29.3856      2.62002   -0.0847311    -0.393479      32.7798    0.0612706     0.172473    0.0187305 
DIff1_Matrix_St1      31.00    2420.26        nan         nan        nan         nan     28.2967      0.20608    0.0982924    0.0359029      29.2239     0.234708   -0.0850652   -0.0353879      29.3854      2.63864   -0.0857413    -0.401001       32.783    0.0646878     0.172829    0.0198159 
DIff1_Matrix_St1      32.00    2423.76        nan         nan        nan         nan     28.2992     0.197074     0.102919      0.03595      29.2278      0.24222   -0.0868934   -0.0373054      29.3851      2.65909   -0.0843677    -0.397634      32.7917    0.0648735     0.166521    0.0191475 
DIff1_Matrix_St1      33.00    2427.26        nan         nan        nan         nan     28.2974     0.196958     0.100214    0.0349846      29.2232     0.247723   -0.0782791   -0.0343706      29.3846        2.679   -0.0841728    -0.399686      32.7829     0.073518     0.154268    0.0201023 
DIff1_Matrix_St1      34.00    2430.76        nan         nan        nan         nan      28.296     0.183752     0.108586    0.0353654      29.2199      0.22989   -0.0799274   -0.0325679      29.3845      2.65693   -0.0855948     -0.40309      32.7833    0.0633021     0.164822     0.018493 
DIff1_Matrix_St1      35.00    2434.26        nan         nan        nan         nan     28.2967     0.188771     0.106609    0.0356702      29.2218     0.230292   -0.0747584    -0.030515      29.3843      2.66222   -0.0850748     -0.40144      32.7936    0.0684577     0.150785     0.018296 
DIff1_Matrix_St1      36.00    2437.76        nan         nan        nan         nan      28.299     0.190143     0.100413    0.0338412      29.2202      0.22439   -0.0823949   -0.0327702      29.3846      2.71018   -0.0849982    -0.408303      32.7828    0.0629483     0.162004    0.0180753 
DIff1_Matrix_St1      37.00    2441.26        nan         nan        nan         nan     28.2955     0.181175     0.105631    0.0339206      29.2211     0.233655   -0.0794899   -0.0329202      29.3844      2.66597   -0.0850711    -0.401987      32.7868    0.0652842     0.164136    0.0189927 
DIff1_Matrix_St1      38.00    2444.76        nan         nan        nan         nan     28.2977     0.184898    0.0997292    0.0326837      29.2204     0.227952   -0.0803669    -0.032471      29.3843       2.6826   -0.0854564    -0.406327      32.7883    0.0625837     0.165727    0.0183836 
DIff1_Matrix_St1      39.00    2448.26        nan         nan        nan         nan     28.3015     0.179446     0.101082    0.0321501        29.22     0.238735   -0.0822805   -0.0348168      29.3851      2.67234   -0.0848512    -0.401906      32.7842    0.0601643     0.166171    0.0177202 
DIff1_Matrix_St1      40.00    2451.76        nan         nan        nan         nan     28.2964     0.183676    0.0964394    0.0313965      29.2223     0.234388   -0.0783852   -0.0325645      29.3844      2.71099   -0.0844011    -0.405557      32.7938    0.0644533     0.161003    0.0183931 
DIff1_Matrix_St1      41.00    2455.26        nan         nan        nan         nan     28.3017     0.177845     0.102349    0.0322626      29.2256     0.241654   -0.0824157   -0.0353003      29.3849      2.70106    -0.084374    -0.403941      32.7797    0.0581111     0.163987    0.0168906 
DIff1_Matrix_St1      42.00    2458.76        nan         nan        nan         nan     28.2985     0.182951     0.100312    0.0325285      29.2183     0.224597   -0.0747651    -0.029763      29.3841      2.69475   -0.0851072    -0.406499      32.7819    0.0621243     0.156282    0.0172086 
DIff1_Matrix_St1      43.00    2462.26        nan         nan        nan         nan     28.2951     0.171475      0.10293    0.0312836      29.2182     0.218286    -0.075398   -0.0291717      29.3841      2.71957   -0.0855807    -0.412526      32.7754    0.0612339     0.168143    0.0182493 
DIff1_Matrix_St1      44.00    2465.76        nan         nan        nan         nan     28.2977     0.162643      0.10627    0.0306351      29.2168     0.213365   -0.0801829   -0.0303235      29.3839      2.71748   -0.0854681    -0.411666       32.774    0.0575168     0.155826    0.0158858 
DIff1_Matrix_St1      45.00    2469.26        nan         nan        nan         nan     28.2981     0.167468     0.102851     0.030529      29.2196     0.232751   -0.0821884   -0.0339061      29.3838      2.68121   -0.0847646    -0.402828      32.7788    0.0532146     0.161298    0.0152137 
DIff1_Matrix_St1      46.00    2472.75        nan         nan        nan         nan     28.2961     0.168349    0.0994833    0.0296849      29.2235     0.230292   -0.0818411    -0.033406      29.3848      2.70981   -0.0845371    -0.406033      32.7774    0.0595429     0.166213    0.0175416 
DIff1_Matrix_St1      47.00    2476.25        nan         nan        nan         nan      28.299     0.161472     0.103654    0.0296661      29.2283     0.243409   -0.0858794   -0.0370511      29.3855      2.73195   -0.0834132    -0.403909       32.779    0.0531002     0.169466    0.0159498 
DIff1_Matrix_St1      48.00    2479.75        nan         nan        nan         nan     28.2989     0.157316     0.101132    0.0281991      29.2282     0.239323   -0.0850845   -0.0360919      29.3848       2.7328   -0.0839484    -0.406625      32.7802    0.0524969     0.164725    0.0153273 
DIff1_Matrix_St1      49.00    2483.25        nan         nan        nan         nan     28.3003     0.160848     0.104094    0.0296767      29.2262     0.243197   -0.0837683   -0.0361087      29.3843      2.77279   -0.0824013    -0.404973      32.7794    0.0501184     0.171133    0.0152022 
DIff1_Matrix_St1      50.00    2486.75        nan         nan        nan         nan     28.2965     0.160214    0.0942074    0.0267522      29.2232     0.234516   -0.0769549   -0.0319878      29.3845      2.74881   -0.0842013    -0.410241      32.7749    0.0529407     0.164587     0.015444 
DIff1_Matrix_St1      51.00    2490.25        nan         nan        nan         nan     28.2967     0.157685    0.0972101    0.0271691      29.2224     0.215033   -0.0792654   -0.0302109      29.3841      2.73105   -0.0845639    -0.409345      32.7746    0.0543147     0.152781    0.0147083 
DIff1_Matrix_St1      52.00    2493.75        nan         nan        nan         nan     28.2988     0.150967     0.101686    0.0272092      29.2308     0.241834   -0.0885152   -0.0379412       29.386      2.75785   -0.0835126    -0.408223      32.7757    0.0490297     0.165541     0.014386 
DIff1_Matrix_St1      53.00    2497.25        nan         nan        nan         nan     28.2981      0.15791     0.091947    0.0257348      29.2231     0.248374   -0.0758753   -0.0334027      29.3843       2.7671   -0.0832997    -0.408547      32.7834    0.0536025     0.156374    0.0148567 
DIff1_Matrix_St1      54.00    2500.75        nan         nan        nan         nan     28.2977     0.142773     0.104927    0.0265528       29.354     0.329319    -0.210493    -0.122866      29.3893      2.39626   -0.0800941    -0.340181      32.7696    0.0475209     0.171431    0.0144394 
DIff1_Matrix_St1      55.00    2504.25        nan         nan        nan         nan     28.2991     0.143642     0.107804    0.0274466       29.374     0.649791     -0.17368    -0.200031      29.3833       2.2181   -0.0687925    -0.270456      32.7693    0.0520611     0.176112    0.0162508 
DIff1_Matrix_St1      56.00    2507.75        nan         nan        nan         nan     28.3002     0.136565     0.111905    0.0270871      29.3732     0.762233    -0.161571    -0.218286      29.3841      2.10158   -0.0666105    -0.248121      32.7794    0.0517597     0.173833    0.0159477 
DIff1_Matrix_St1      57.00    2511.25        nan         nan        nan         nan     28.2968      0.14375     0.103966    0.0264895      29.3758     0.864856    -0.154021    -0.236102      29.3841      2.00826    -0.064229    -0.228626      32.7791     0.045572     0.169114      0.01366 
DIff1_Matrix_St1      58.00    2514.75        nan         nan        nan         nan     28.2985     0.133079     0.107245    0.0252967      29.3773      0.79046    -0.156832    -0.219731       29.384      2.10007   -0.0660676    -0.245922      32.7666    0.0462572     0.189579    0.0155433 
DIff1_Matrix_St1      59.00    2518.25        nan         nan        nan         nan     28.2995     0.134953     0.105093    0.0251381      29.3761      0.65506    -0.174128    -0.202174       29.383      2.18092   -0.0698357    -0.269955      32.7811    0.0484015     0.180183    0.0154578 
DIff1_Matrix_St1      60.00    2521.75        nan         nan        nan         nan     28.2976     0.128259     0.106228     0.024149      29.3753     0.898021    -0.152167    -0.242204      29.3842      1.97688   -0.0629664     -0.22063      32.7638      0.05226     0.165625    0.0153416 
DIff1_Matrix_St1      61.00    2525.25        nan         nan        nan         nan     28.2978     0.140758    0.0998705    0.0249163      29.3745     0.791865    -0.159301    -0.223587      29.3843      2.10005   -0.0668586    -0.248863      32.7859    0.0497312     0.165484    0.0145868 
DIff1_Matrix_St1      62.00    2528.75        nan         nan        nan         nan      28.296       0.1244     0.107328    0.0236652      29.3755     0.843103    -0.156395    -0.233711      29.3834      2.03532    -0.065028    -0.234589      32.7741    0.0448624     0.175435      0.01395 
DIff1_Matrix_St1      63.00    2532.25        nan         nan        nan         nan     28.3022     0.124165     0.104676    0.0230368      29.3762     0.981304    -0.147281    -0.256168      29.3845      1.93316   -0.0620734    -0.212691      32.7759    0.0450958     0.187908    0.0150196 
DIff1_Matrix_St1      64.00    2535.74        nan         nan        nan         nan     28.2962     0.133384     0.105049    0.0248352      29.3763     0.792981    -0.161195    -0.226563      29.3835      2.08979   -0.0662382    -0.245349        32.77    0.0426888       0.1811    0.0137027 
DIff1_Matrix_St1      65.00    2539.24        nan         nan        nan         nan      28.298     0.121447     0.110096    0.0236991      29.3766     0.833564     -0.15759    -0.232831      29.3842      2.07916   -0.0654375    -0.241151      32.7636    0.0454865      0.18235    0.0147015 
DIff1_Matrix_St1      66.00    2542.74        nan         nan        nan         nan     28.3023     0.136816    0.0991574    0.0240457      29.3756     0.870803    -0.155899    -0.240624      29.3844      2.08164   -0.0628916    -0.232045      32.7554    0.0368763     0.182138    0.0119048 
DIff1_Matrix_St1      67.00    2546.24        nan         nan        nan         nan     28.2976     0.124152     0.105206    0.0231509      29.3751     0.816723    -0.158178    -0.228979      29.3845      2.04382   -0.0660068    -0.239115      32.7771    0.0406302     0.172527    0.0124246 
DIff1_Matrix_St1      68.00    2549.74        nan         nan        nan         nan      28.297     0.119506     0.104321    0.0220972      29.3756     0.763265    -0.161572    -0.218583      29.3841      2.14026   -0.0669643     -0.25403      32.7712    0.0385281     0.169399    0.0115681 
DIff1_Matrix_St1      69.00    2553.24        nan         nan        nan         nan     28.2983     0.125742    0.0956518    0.0213181      29.3743     0.833447    -0.156656    -0.231419      29.3834      2.10961   -0.0641883    -0.240012      32.7912    0.0436603     0.185171    0.0143296 
DIff1_Matrix_St1      70.00    2556.74        nan         nan        nan         nan      28.297     0.116262      0.10141    0.0208975      29.3738     0.865804    -0.153265      -0.2352      29.3844      2.06512   -0.0645898    -0.236421      32.7743    0.0403993     0.175765    0.0125858 
DIff1_Matrix_St1      71.00    2560.24        nan         nan        nan         nan     28.2957      0.11447       0.1048    0.0212632      29.3783     0.855089    -0.155981    -0.236405      29.3832      2.10405   -0.0640811    -0.238979      32.7631    0.0423501     0.189208    0.0142026 
DIff1_Matrix_St1      72.00    2563.74        nan         nan        nan         nan     28.3024     0.129601    0.0927299    0.0213012      29.3768     0.727929    -0.165474    -0.213497      29.3832      2.21939   -0.0669632    -0.263418      32.7795      0.03361      0.18251    0.0108725 
DIff1_Matrix_St1      73.00    2567.24        nan         nan        nan         nan     28.2971     0.106276     0.102691    0.0193439      29.3757     0.784609    -0.161933    -0.225198       29.384      2.18517   -0.0653056    -0.252936      32.7682    0.0403089     0.156002    0.0111457 
DIff1_Matrix_St1      74.00    2570.74        nan         nan        nan         nan     28.3016     0.105107     0.106382    0.0198188      29.3744      0.78643    -0.159915    -0.222907      29.3847       2.1563   -0.0658095     -0.25152      32.7698    0.0356238     0.183352    0.0115771 
DIff1_Matrix_St1      75.00    2574.24        nan         nan        nan         nan     28.3019     0.104978    0.0999191    0.0185919      29.3757     0.926577    -0.149374     -0.24532      29.3844       2.0638   -0.0630537     -0.23065      32.7413     0.033365     0.200297    0.0118451 
DIff1_Matrix_St1      76.00    2577.74        nan         nan        nan         nan     28.2991     0.108682     0.100838    0.0194249      29.3758     0.766059    -0.160355     -0.21773      29.3835      2.18871   -0.0661337    -0.256559      32.7626    0.0334633     0.192836    0.0114375 
DIff1_Matrix_St1      77.00    2581.24        nan         nan        nan         nan     28.2963     0.104435     0.100968    0.0186897      29.3757     0.884042     -0.15421    -0.241635      29.3836      2.08269   -0.0630598    -0.232784      32.7837    0.0329475     0.178462    0.0104218 
DIff1_Matrix_St1      78.00    2584.74        nan         nan        nan         nan     28.3036     0.101932     0.100292    0.0181197      29.3733      0.69472    -0.167004    -0.205642      29.3844      2.23473   -0.0682473    -0.270325      32.7607    0.0316724     0.172326   0.00967402 
DIff1_Matrix_St1      79.00    2588.24        nan         nan        nan         nan     28.2993    0.0991112     0.110536    0.0194178      29.3748     0.754082    -0.162215    -0.216813      29.3843      2.20913   -0.0669255    -0.262052      32.8001    0.0343506     0.181328    0.0110401 
DIff1_Matrix_St1      80.00    2591.74        nan         nan        nan         nan     28.2966    0.0965912    0.0998861    0.0171008      29.3752     0.855294    -0.153661    -0.232946      29.3849       2.1349   -0.0634822    -0.240217      32.7816    0.0343406     0.157307   0.00957484 
DIff1_Matrix_St1      81.00    2595.24        nan         nan        nan         nan     28.2962     0.102255    0.0997866    0.0180855      29.3747     0.777462     -0.16136    -0.222357      29.3835      2.18398   -0.0661302     -0.25599      32.7924    0.0283163     0.167719   0.00841773 
DIff1_Matrix_St1      82.00    2598.74        nan         nan        nan         nan      28.303    0.0886946     0.106162    0.0166894       29.376     0.885256    -0.151476    -0.237677      29.3839      2.12232   -0.0643938     -0.24223      32.7633    0.0303172     0.187191    0.0100588 
DIff1_Matrix_St1      83.00    2602.23        nan         nan        nan         nan     28.2997    0.0966663     0.105859    0.0181375      29.3758      0.83079     -0.15631    -0.230172      29.3839      2.19809   -0.0646271    -0.251787      32.7764    0.0346156     0.184761    0.0113359 
DIff1_Matrix_St1      84.00    2605.73        nan         nan        nan         nan     28.2965    0.0898718     0.107924    0.0171915      29.3749     0.885283    -0.151714    -0.238057      29.3843      2.11067   -0.0640189    -0.239499      32.7798    0.0303863     0.207678    0.0111852 
DIff1_Matrix_St1      85.00    2609.23        nan         nan        nan         nan     28.3023    0.0828714     0.113394    0.0166559      29.3743     0.821348    -0.158139    -0.230219      29.3843      2.16647   -0.0652639    -0.250611      32.7643    0.0338957      0.15801   0.00949302 
DIff1_Matrix_St1      86.00    2612.73        nan         nan        nan         nan     28.3035    0.0897615     0.101707    0.0161815      29.3742     0.810125      -0.1555    -0.223283       29.384      2.18669   -0.0654027    -0.253489      32.7693    0.0358307     0.178081    0.0113096 
DIff1_Matrix_St1      87.00    2616.23        nan         nan        nan         nan     28.3002     0.081253     0.114066    0.0164275      29.3757     0.745789    -0.162693     -0.21506      29.3831      2.23854   -0.0673147    -0.267085      32.7678    0.0264833     0.196352   0.00921685 
DIff1_Matrix_St1      88.00    2619.73        nan         nan        nan         nan     28.2978    0.0859839    0.0968167    0.0147551       29.375     0.757573    -0.162027    -0.217564      29.3825      2.23768   -0.0673337    -0.267057      32.7714    0.0262806     0.215754    0.0100501 
DIff1_Matrix_St1      89.00    2623.23        nan         nan        nan         nan     28.3039    0.0828828     0.101082    0.0148496       29.377     0.836089    -0.154973    -0.229659      29.3838       2.1648    -0.065709    -0.252126      32.7716    0.0252228     0.180736   0.00808003 
DIff1_Matrix_St1      90.00    2626.73        nan         nan        nan         nan      28.305    0.0752827     0.114562    0.0152866      29.3751     0.714403    -0.166119    -0.210347      29.3832      2.27246    -0.067538    -0.272032       32.763    0.0263033      0.18361   0.00856012 
DIff1_Matrix_St1      91.00    2630.23        nan         nan        nan         nan     28.3011    0.0793933    0.0949028    0.0133548      29.3759     0.920911    -0.150517    -0.245685      29.3836      2.11229   -0.0633289    -0.237099      32.7988    0.0277545     0.161238   0.00793187 
DIff1_Matrix_St1      92.00    2633.73        nan         nan        nan         nan     28.3006    0.0788238      0.10187    0.0142325      29.3759     0.839765    -0.154379    -0.229785      29.3838       2.1856   -0.0653596    -0.253195      32.7647    0.0233464     0.211717   0.00876093 
DIff1_Matrix_St1      93.00    2637.23        nan         nan        nan         nan     28.2954    0.0830328    0.0989737    0.0145661      29.3767     0.846862    -0.154247    -0.231529      29.3831      2.18134   -0.0644339    -0.249122      32.7907     0.028572     0.172196   0.00872045 
DIff1_Matrix_St1      94.00    2640.73        nan         nan        nan         nan     28.3011    0.0709944     0.110501    0.0139048      29.3755     0.981383    -0.145889    -0.253768      29.3838       2.0838   -0.0613807    -0.226706      32.7698    0.0290721     0.173346   0.00893232 
DIff1_Matrix_St1      95.00    2644.23        nan         nan        nan         nan     28.3036    0.0722032     0.109188    0.0139735      29.3753     0.853905    -0.153558    -0.232411       29.383       2.1463   -0.0641525    -0.244049      32.7756    0.0266207     0.164544   0.00776387 
DIff1_Matrix_St1      96.00    2647.73        nan         nan        nan         nan     28.3032    0.0719474     0.113703    0.0144999      29.3774     0.841438    -0.154932    -0.231068      29.3826      2.17542   -0.0646553      -0.2493      32.7943    0.0303623     0.129516      0.00697 
DIff1_Matrix_St1      97.00    2651.23        nan         nan        nan         nan     28.3011     0.067122     0.107737    0.0128176      29.3754     0.919047     -0.14875     -0.24231      29.3833        2.092   -0.0630759    -0.233884      32.7551    0.0212968     0.176072   0.00664633 
DIff1_Matrix_St1      98.00    2654.73        nan         nan        nan         nan     28.2981    0.0714484     0.106597    0.0134994      29.3756     0.630194    -0.174661    -0.195094      29.3821      2.36802   -0.0698671    -0.293247      32.7661    0.0290955     0.182906   0.00943252 
DIff1_Matrix_St1      99.00    2658.23        nan         nan        nan         nan     28.3028    0.0663291     0.112524    0.0132289      29.3749     0.946905    -0.147493    -0.247543      29.3836      2.07131   -0.0629744    -0.231198      32.7686    0.0216026     0.218073   0.00834995 
DIff1_Matrix_St1     100.00    2661.73        nan         nan        nan         nan     28.3013    0.0680221     0.103766    0.0125107      29.3768       0.6875    -0.164914    -0.200958      29.3823       2.2917   -0.0695674    -0.282578      32.7597    0.0202299     0.216786   0.00777319 
DIff1_Matrix_St1     101.00    2665.22        nan         nan        nan         nan     28.3023    0.0613079     0.111563     0.012123      29.3763     0.856809    -0.153795    -0.233562      29.3828      2.18571    -0.064441    -0.249649      32.7593    0.0194827     0.201372   0.00695384 
DIff1_Matrix_St1     102.00    2668.72        nan         nan        nan         nan     28.3029     0.062955      0.10878    0.0121382      29.3767     0.767489     -0.15981    -0.217396      29.3828      2.27839   -0.0664752    -0.268449      32.7807    0.0239229     0.190049   0.00805848 
DIff1_Matrix_St1     103.00    2672.22        nan         nan        nan         nan     28.2969    0.0625623     0.104096    0.0115431      29.3771     0.779701    -0.156515    -0.216301      29.3824      2.25447   -0.0664327    -0.265462      32.7547     0.021603      0.18505   0.00708562 
DIff1_Matrix_St1     104.00    2675.72        nan         nan        nan         nan     28.3036    0.0573756     0.108693    0.0110536      29.3742     0.786198    -0.157507    -0.219486      29.3835       2.2367   -0.0665336    -0.263769      32.7571    0.0281222     0.181168   0.00903036 
DIff1_Matrix_St1     105.00    2679.22        nan         nan        nan         nan     28.2978    0.0628546     0.101447    0.0113019      29.3743     0.832603    -0.155744     -0.22984      29.3818      2.20248   -0.0649273    -0.253463      32.7614    0.0207868     0.203442   0.00749557 
DIff1_Matrix_St1     106.00    2682.72        nan         nan        nan         nan     28.3079    0.0593364     0.107089    0.0112626      29.3746     0.784155    -0.157653    -0.219119      29.3826        2.292   -0.0664087    -0.269783      32.7453    0.0218027     0.199841   0.00772273 
DIff1_Matrix_St1     107.00    2686.22        nan         nan        nan         nan     28.3009    0.0626919     0.090434    0.0100489      29.3769     0.767442    -0.159476    -0.216928      29.3824      2.27753   -0.0671262    -0.270976      32.7678    0.0239042     0.189264   0.00801894 
DIff1_Matrix_St1     108.00    2689.72        nan         nan        nan         nan     28.3165    0.0530967     0.111127    0.0104583      29.3751     0.758902    -0.160546    -0.215953      29.3828      2.30789    -0.066717    -0.272915      32.7619    0.0201978     0.199577   0.00714478 
DIff1_Matrix_St1     109.00    2693.22        nan         nan        nan         nan     28.3021    0.0510147     0.121095    0.0109495      29.3763     0.934286    -0.149098    -0.246903      29.3821      2.15653   -0.0625414    -0.239055      32.7847    0.0204145     0.179838    0.0065072 
DIff1_Matrix_St1     110.00    2696.72        nan         nan        nan         nan     28.3094     0.057409    0.0969474   0.00986487      29.3756     0.757064    -0.160806    -0.215779       29.382      2.33262   -0.0670142    -0.277068      32.7682    0.0199054     0.215812   0.00761415 
DIff1_Matrix_St1     111.00    2700.22        nan         nan        nan         nan     28.3107    0.0599915    0.0958262    0.0101894      29.3769     0.839092    -0.153959    -0.228976      29.3824      2.24341    -0.064932    -0.258191      32.7814    0.0206092     0.246379   0.00899991 
DIff1_Matrix_St1     112.00    2703.72        nan         nan        nan         nan     28.3091    0.0491963     0.107327   0.00935871      29.3756     0.748731     -0.16284    -0.216104      29.3825      2.34156   -0.0660748    -0.274231      32.7408     0.018334     0.240307   0.00780905 
DIff1_Matrix_St1     113.00    2707.22        nan         nan        nan         nan     28.3083    0.0462597     0.116409   0.00954474      29.3756     0.761309    -0.160566    -0.216665      29.3825      2.30669   -0.0658649    -0.269288      32.7758    0.0199223     0.200143   0.00706735 
DIff1_Matrix_St1     114.00    2710.72        nan         nan        nan         nan     28.2995    0.0529982     0.101318   0.00951747      29.3761     0.844147    -0.153589    -0.229802      29.3823      2.25551   -0.0642098    -0.256698      32.7877    0.0137924     0.237179   0.00579817 
DIff1_Matrix_St1     115.00    2714.22        nan         nan        nan         nan     28.3082    0.0454864     0.112423   0.00906381      29.3761     0.763205    -0.158994    -0.215079      29.3829      2.30676   -0.0667782    -0.273031      32.7559    0.0174218     0.169708   0.00524049 
DIff1_Matrix_St1     116.00    2717.72        nan         nan        nan         nan     28.3092    0.0560664    0.0972461   0.00966385      29.3776     0.796845    -0.157614    -0.222609      29.3821      2.29932   -0.0655143    -0.266999      32.7574     0.014728     0.228328   0.00596041 
DIff1_Matrix_St1     117.00    2721.22        nan         nan        nan         nan     28.3147    0.0427788     0.115037   0.00872251      29.3755     0.734478    -0.160716    -0.209224      29.3828      2.34681   -0.0673264    -0.280052      32.7669      0.01761      0.22928   0.00715651 
DIff1_Matrix_St1     118.00    2724.72        nan         nan        nan         nan     28.3147    0.0397287     0.141553   0.00996779      29.3765     0.725378    -0.163161    -0.209776      29.3813      2.38711   -0.0665151    -0.281428      32.8068    0.0198542     0.170443   0.00599799 
DIff1_Matrix_St1     119.00    2728.21        nan         nan        nan         nan     28.3054    0.0431447     0.140161    0.0107184      29.3766     0.717996    -0.162513    -0.206817      29.3826      2.33523   -0.0681951    -0.282265      32.7512     0.020821     0.224341   0.00827915 
DIff1_Matrix_St1     120.00    2731.71        nan         nan        nan         nan     28.3141    0.0399328     0.117129   0.00829027      29.3755     0.832193    -0.155279    -0.229041      29.3822       2.2902   -0.0644661    -0.261686      32.7951    0.0155752     0.173412   0.00478725 
DIff1_Matrix_St1     121.00    2735.21        nan         nan        nan         nan     28.3059    0.0443057     0.106727   0.00838127      29.3768     0.711905    -0.165879    -0.209309      29.3823      2.40104   -0.0671778     -0.28589      32.7493    0.0175847     0.168766   0.00526012 
DIff1_Matrix_St1     122.00    2738.71        nan         nan        nan         nan     28.3008    0.0408382     0.106062   0.00767718      29.3755     0.746671    -0.161165    -0.213292      29.3826      2.36679   -0.0667994    -0.280226      32.7133    0.0142338     0.226911   0.00572467 
DIff1_Matrix_St1     123.00    2742.21        nan         nan        nan         nan      28.326    0.0316155      0.13636   0.00764123      29.3766     0.788553    -0.156934    -0.219342      29.3821      2.29655   -0.0658709    -0.268129      32.7224    0.0144019     0.197277   0.00503583 
DIff1_Matrix_St1     124.00    2745.71        nan         nan        nan         nan       28.32    0.0377389     0.132698   0.00887623      29.3777      0.79755    -0.157145    -0.222144      29.3815      2.33028    -0.065452    -0.270337      32.7968    0.0132968     0.201664   0.00475281 
DIff1_Matrix_St1     125.00    2749.21        nan         nan        nan         nan     28.3295    0.0339151     0.124311   0.00747268      29.3756     0.864698    -0.152404     -0.23358      29.3832      2.28923   -0.0638656    -0.259139      32.7981     0.018563     0.169194   0.00556683 
DIff1_Matrix_St1     126.00    2752.71        nan         nan        nan         nan     28.3291    0.0397615     0.109703    0.0077314      29.3747     0.896809    -0.150596    -0.239381      29.3821      2.24074    -0.062729    -0.249135         32.8    0.0179951      0.17571   0.00560435 
DIff1_Matrix_St1     127.00    2756.21        nan         nan        nan         nan      28.316    0.0359957     0.106674   0.00680588      29.3765     0.869604    -0.152607    -0.235218      29.3823      2.25367    -0.064084    -0.255985       32.739    0.0162932     0.212972    0.0061504 
DIff1_Matrix_St1     128.00    2759.71        nan         nan        nan         nan     28.3235    0.0382738     0.103026   0.00698913      29.3775     0.850244    -0.152206    -0.229378      29.3815      2.27398   -0.0647763    -0.261082      32.7804    0.0114602     0.211908    0.0043044 
DIff1_Matrix_St1     129.00    2763.21        nan         nan        nan         nan     28.3327    0.0306596     0.116223    0.0063159      29.3775     0.750115    -0.159432    -0.211971      29.3822      2.36955   -0.0661297    -0.277739      32.7651    0.0128588     0.210875   0.00480619 
DIff1_Matrix_St1     130.00    2766.71        nan         nan        nan         nan     28.3328    0.0327591     0.116811    0.0067825      29.3786     0.785538    -0.159589      -0.2222      29.3807      2.38176   -0.0646627    -0.272977      32.7754    0.0120078     0.203767    0.0043368 
DIff1_Matrix_St1     131.00    2770.21        nan         nan        nan         nan     28.3068    0.0400832    0.0940668   0.00668304      29.3773     0.786921    -0.156341    -0.218062      29.3822       2.3144   -0.0657317    -0.269642      32.7497    0.0142375     0.185664    0.0046853 
DIff1_Matrix_St1     132.00    2773.71        nan         nan        nan         nan     28.3323    0.0297197      0.13463   0.00709191      29.3752     0.794749    -0.155458    -0.218987      29.3819      2.35967   -0.0650755    -0.272173      32.6689    0.0116274     0.274668   0.00566063 
DIff1_Matrix_St1     133.00    2777.21        nan         nan        nan         nan      28.325    0.0363653    0.0971791   0.00626376      29.3787     0.919699    -0.148704    -0.242407       29.381      2.20486    -0.063614    -0.248604      32.7295    0.0156961     0.198941   0.00553466 
DIff1_Matrix_St1     134.00    2780.71        nan         nan        nan         nan     28.3243    0.0332234     0.122259   0.00719946      29.3781      0.77106    -0.159389    -0.217832      29.3811      2.34625   -0.0658315    -0.273768      32.7033    0.0114252     0.263642   0.00533891 
DIff1_Matrix_St1     135.00    2784.21        nan         nan        nan         nan     28.3413    0.0232992     0.144461   0.00596576      29.3766     0.770981     -0.15811    -0.216062      29.3818      2.34625   -0.0662421    -0.275476      32.7761    0.0133956     0.184758   0.00438672 
DIff1_Matrix_St1     136.00    2787.71        nan         nan        nan         nan     28.3258    0.0262655       0.1153   0.00536772      29.3762     0.844368    -0.152473    -0.228191      29.3821      2.30439   -0.0646926    -0.264232      32.7591    0.0146729     0.174185   0.00453006 
DIff1_Matrix_St1     137.00    2791.21        nan         nan        nan         nan     28.3168    0.0285188     0.088514   0.00447422      29.3761     0.779903    -0.155693    -0.215221      29.3812      2.39436    -0.065241    -0.276876      32.7983    0.0117682     0.238581   0.00497646 
DIff1_Matrix_St1     138.00    2794.70        nan         nan        nan         nan     28.3263    0.0346328     0.104438   0.00641093       29.379       0.7648     -0.16034    -0.217352      29.3814      2.39979   -0.0655371    -0.278763      32.7909    0.0118724     0.254937   0.00536471 
DIff1_Matrix_St1     139.00    2798.20        nan         nan        nan         nan     28.3103    0.0300196    0.0947394   0.00504092      29.3755     0.753955    -0.161141     -0.21534      29.3816      2.40762   -0.0656881    -0.280318      32.7574    0.0149151     0.218887    0.0057866 
DIff1_Matrix_St1     140.00    2801.70        nan         nan        nan         nan     28.3301    0.0228596     0.132909   0.00538516      29.3765     0.725026    -0.162614    -0.208972      29.3821      2.42582   -0.0665488    -0.286137      32.7169    0.0123201     0.222245   0.00485313 
DIff1_Matrix_St1     141.00    2805.20        nan         nan        nan         nan      28.339    0.0260763     0.148565   0.00686653      29.3786      0.88072    -0.150367    -0.234728      29.3814      2.29326    -0.063526    -0.258214      32.7854    0.0147053     0.151367   0.00394529 
DIff1_Matrix_St1     142.00    2808.70        nan         nan        nan         nan     28.3311     0.031433     0.108128   0.00602419      29.3763     0.767597    -0.158434    -0.215554       29.382      2.41132   -0.0652523    -0.278886      32.7205    0.0131535     0.211236   0.00492475 
DIff1_Matrix_St1     143.00    2812.20        nan         nan        nan         nan     28.3437    0.0217802     0.146242   0.00564559      29.3777     0.923096    -0.148838     -0.24352      29.3817      2.25069   -0.0622782    -0.248443      32.7877    0.0103027     0.208153   0.00380108 
DIff1_Matrix_St1     144.00    2815.70        nan         nan        nan         nan     28.3388    0.0181947     0.148383   0.00478525      29.3793     0.846953    -0.153182    -0.229955      29.3815       2.2975   -0.0647924    -0.263848      32.7281    0.0115679     0.260602   0.00534327 
DIff1_Matrix_St1     145.00    2819.20        nan         nan        nan         nan      28.341    0.0232571     0.140361   0.00578598      29.3765     0.780592    -0.157411    -0.217788      29.3824      2.37454   -0.0654866    -0.275617      32.7551    0.0114731     0.210222   0.00427498 
DIff1_Matrix_St1     146.00    2822.70        nan         nan        nan         nan     28.3387    0.0190994     0.131551   0.00445337      29.3794     0.853433    -0.151074    -0.228525      29.3807      2.28444   -0.0644157    -0.260823      32.7395    0.0130637     0.161103   0.00373033 
DIff1_Matrix_St1     147.00    2826.20        nan         nan        nan         nan     28.3478    0.0184269     0.107684   0.00351704      29.3789     0.834581     -0.15361    -0.227229      29.3815      2.36592   -0.0639676    -0.268247      32.7371    0.0102914     0.155842   0.00284273 
DIff1_Matrix_St1     148.00    2829.70        nan         nan        nan         nan     28.3204     0.025725    0.0762945   0.00347875      29.3777     0.799291    -0.156019    -0.221034      29.3816      2.39921   -0.0647856      -0.2755      32.6553    0.0124727     0.318739   0.00704645 
DIff1_Matrix_St1     149.00    2833.20        nan         nan        nan         nan     28.3297    0.0250816    0.0983098   0.00437046      29.3756     0.775097    -0.157893    -0.216917      29.3814      2.41945   -0.0652475    -0.279805      32.7443    0.0124169     0.229235   0.00504511 
DIff1_Matrix_St1     150.00    2836.70        nan         nan        nan         nan      28.346    0.0203263     0.129087   0.00465068      29.3785     0.758616    -0.156555    -0.210505      29.3817      2.41082   -0.0660614    -0.282285      32.7791    0.0117929     0.174411   0.00364561 
DIff1_Matrix_St1     151.00    2840.20        nan         nan        nan         nan     28.3369    0.0213692     0.108496   0.00410938      29.3776     0.648418    -0.168476    -0.193627      29.3806      2.56367   -0.0677522    -0.307866      32.7658    0.0120814     0.188596   0.00403852 
DIff1_Matrix_St1     152.00    2843.70        nan         nan        nan         nan     28.3447    0.0122421     0.138783   0.00301138      29.3796      0.75171     -0.16036     -0.21366      29.3809      2.42912   -0.0658012    -0.283307      32.7577    0.0102351     0.210972   0.00382727 
DIff1_Matrix_St1     153.00    2847.20        nan         nan        nan         nan     29.3418    0.0598548     0.563561    0.0597882      29.3776      1.15136    -0.121541    -0.248034      29.3825      2.03281   -0.0581574    -0.209544      32.7435     0.011907     0.310659   0.00655633 
DIff1_Matrix_St1     154.00    2850.70        nan         nan        nan         nan     29.3448    0.0705293     0.453691    0.0567159      29.3786      1.28863    -0.117676    -0.268777      29.3823      1.85613   -0.0583258    -0.191887      32.7602    0.0116397     0.258139   0.00532561 
DIff1_Matrix_St1     155.00    2854.20        nan         nan        nan         nan     29.3135    0.0453891     0.646108    0.0519794      29.3801     0.919659    -0.135128    -0.220267      29.3815      2.23269   -0.0636057    -0.251709      32.7806        0.011     0.299335   0.00583615 
DIff1_Matrix_St1     156.00    2857.69        nan         nan        nan         nan     29.3289    0.0599769     0.536401    0.0570227      29.3772      1.16365    -0.121091    -0.249751      29.3826      1.97493   -0.0611828    -0.214168      32.7634    0.0137286     0.233344   0.00567801 
DIff1_Matrix_St1     157.00    2861.19        nan         nan        nan         nan     29.3553    0.0736333     0.462027    0.0602999      29.3779      1.30928    -0.116547    -0.270464       29.382      1.85644   -0.0571863    -0.188169      32.7444     0.014024     0.255536   0.00635183 
DIff1_Matrix_St1     158.00    2864.69        nan         nan        nan         nan     29.3338    0.0582206     0.524939    0.0541702      29.3785      1.02314     -0.12788    -0.231907      29.3815      2.15368   -0.0609037    -0.232488      32.7513     0.011894     0.221014   0.00465932 
DIff1_Matrix_St1     159.00    2868.19        nan         nan        nan         nan     29.3187    0.0562917     0.567555    0.0566274       29.379       1.3734    -0.117552    -0.286156      29.3819      1.80812   -0.0553183    -0.177284      32.7611   0.00978232     0.370008   0.00641545 
DIff1_Matrix_St1     160.00    2871.69        nan         nan        nan         nan     29.3362    0.0604328     0.531179    0.0568968      29.3778      1.15539    -0.123143    -0.252181       29.382      2.03097    -0.059452    -0.214015       32.718    0.0120594     0.219326   0.00468803 
DIff1_Matrix_St1     161.00    2875.19        nan         nan        nan         nan     29.3112    0.0617647      0.52678    0.0576693        29.38      1.01469    -0.125972     -0.22656      29.3809       2.1657   -0.0615847    -0.236399      32.8082    0.0107285     0.303191   0.00576539 
DIff1_Matrix_St1     162.00    2878.69        nan         nan        nan         nan     29.3036    0.0476178     0.588478    0.0496678      29.3785     0.949664    -0.133182    -0.224177      29.3806      2.20462   -0.0630234     -0.24627      32.7335   0.00901524     0.426367   0.00681297 
DIff1_Matrix_St1     163.00    2882.19        nan         nan        nan         nan     29.2875    0.0480587     0.600847    0.0511812       29.378      1.04545    -0.130279    -0.241408       29.382      2.10851   -0.0610706    -0.228235       32.716   0.00698903     0.475217   0.00588686 
DIff1_Matrix_St1     164.00    2885.69        nan         nan        nan         nan     29.3685    0.0932138     0.393286    0.0649777      29.3784      1.49254    -0.110229    -0.291606      29.3827      1.67846   -0.0533156    -0.158614      32.6998    0.0112756      0.20362   0.00406947 
DIff1_Matrix_St1     165.00    2889.19        nan         nan        nan         nan     29.3533    0.0602531     0.512501     0.054733      29.3782      1.02588    -0.126255    -0.229572      29.3815      2.16777   -0.0619262    -0.237938      32.7353    0.0113621     0.249145    0.0050175 
DIff1_Matrix_St1     166.00    2892.69        nan         nan        nan         nan     29.3501    0.0596588     0.507401    0.0536538      29.3785      0.99077    -0.127628    -0.224127      29.3816      2.18093   -0.0620148    -0.239725       32.736     0.011711     0.325695   0.00676052 
DIff1_Matrix_St1     167.00    2896.19        nan         nan        nan         nan     29.3787     0.115322     0.348666    0.0712682      29.3774      1.38652    -0.108958    -0.267768      29.3827      1.71364   -0.0565527     -0.17177      32.7251   0.00830965     0.295428    0.0043512 
DIff1_Matrix_St1     168.00    2899.69        nan         nan        nan         nan      29.378      0.10594     0.362675    0.0681009      29.3772        1.451    -0.107883    -0.277456      29.3824      1.68309    -0.055545    -0.165702       32.718    0.0112163     0.275107   0.00546923 
DIff1_Matrix_St1     169.00    2903.19        nan         nan        nan         nan     29.3784     0.162824     0.307784     0.088826      29.3776      1.73516    -0.097366    -0.299448      29.3831      1.36495   -0.0505662    -0.122335      32.7221    0.0121531     0.212799   0.00458383 
DIff1_Matrix_St1     170.00    2906.69        nan         nan        nan         nan     29.3601    0.0909018     0.398376     0.064186      29.3776      1.22521    -0.115346    -0.250489      29.3817      1.94006   -0.0571493    -0.196517      32.7194   0.00722455     0.298071   0.00381685 
DIff1_Matrix_St1     171.00    2910.19        nan         nan        nan         nan     29.3601    0.0653588     0.494001    0.0572277      29.3782      1.11165    -0.123835    -0.243997      29.3823      2.05875   -0.0588994    -0.214927      32.6687    0.0162364     0.195933   0.00563862 
DIff1_Matrix_St1     172.00    2913.69        nan         nan        nan         nan     29.3635    0.0686467     0.487866    0.0593602      29.3754      1.07868    -0.123019    -0.235201      29.3816      2.07482   -0.0603079    -0.221784      32.7589   0.00945596      0.26953    0.0045174 
DIff1_Matrix_St1     173.00    2917.19        nan         nan        nan         nan      29.368    0.0693853     0.473596    0.0582439      29.3766      1.04356    -0.124669    -0.230596      29.3809      2.11213   -0.0612014    -0.229116      32.6862    0.0122406     0.160187    0.0034754 
DIff1_Matrix_St1     174.00    2920.68        nan         nan        nan         nan     29.3729      0.10425     0.359746    0.0664731      29.3793      1.42209    -0.109627    -0.276325      29.3814      1.70983   -0.0553368    -0.167704      32.7183   0.00508327      0.25152   0.00226616 
DIff1_Matrix_St1     175.00    2924.18        nan         nan        nan         nan     29.3711     0.104864     0.363996    0.0676545       29.377      1.31582    -0.111185     -0.25931      29.3822      1.83746   -0.0568349    -0.185101      32.7281    0.0107906    0.0836051   0.00159902 
DIff1_Matrix_St1     176.00    2927.68        nan         nan        nan         nan     29.3655     0.115355     0.361754    0.0739645      29.3779       1.6707    -0.102068    -0.302247      29.3823      1.50074   -0.0508498     -0.13526      32.7252    0.0103118     0.242431   0.00443094 
DIff1_Matrix_St1     177.00    2931.18        nan         nan        nan         nan      29.356    0.0613849      0.48717     0.053005      29.3777      1.18484    -0.120412    -0.252873      29.3816      1.98039   -0.0590567    -0.207298      32.7136   0.00861062     0.235241   0.00359023 
DIff1_Matrix_St1     178.00    2934.68        nan         nan        nan         nan     29.3449    0.0753061     0.454274    0.0606349      29.3791      1.39627    -0.112447    -0.278288      29.3804      1.81652   -0.0552547    -0.177903      32.7145   0.00967009     0.300913   0.00515759 
DIff1_Matrix_St1     179.00    2938.18        nan         nan        nan         nan     29.3254    0.0571695      0.54281    0.0550031      29.3782      1.09034    -0.124006    -0.239652      29.3815      2.11999    -0.060693    -0.228059      32.8417     0.144571      20.5306      5.26086 
DIff1_Matrix_St1     180.00    2941.68        nan         nan        nan         nan     29.2684    0.0512245      0.62698    0.0569254      29.3791      1.16057    -0.124167    -0.255419       29.381      2.06416   -0.0587338    -0.214886      33.6791     0.163827      22.0241      6.39524 
DIff1_Matrix_St1     181.00    2945.18        nan         nan        nan         nan      29.289    0.0528845     0.607107    0.0569074      29.3785      1.05505    -0.126141    -0.235889      29.3815       2.1745     -0.06061    -0.233603      33.4778     0.164822      20.6634       6.0366 
DIff1_Matrix_St1     182.00    2948.68        nan         nan        nan         nan      29.302    0.0509412     0.652018    0.0588712      29.3781      1.02641    -0.126858    -0.230788      29.3811      2.16773   -0.0612705    -0.235414      33.5552     0.165497      21.4865      6.30278 
DIff1_Matrix_St1     183.00    2952.18        nan         nan        nan         nan     29.3068      0.06136     0.574052    0.0624326      29.3781      1.31165    -0.117229    -0.272537      29.3818      1.89468   -0.0558701    -0.187625      33.2679     0.203617      22.8353       8.2413 
DIff1_Matrix_St1     184.00    2955.68        nan         nan        nan         nan     29.2997    0.0572072     0.598792    0.0607157      29.3787      1.18601    -0.120256    -0.252796      29.3811      2.01546   -0.0592092    -0.211514      34.1384     0.215733      25.7864      9.86011 
DIff1_Matrix_St1     185.00    2959.18        nan         nan        nan         nan     29.3074    0.0639844     0.529541    0.0600549      29.3783      1.19189    -0.119399    -0.252239      29.3814      2.02704   -0.0588682    -0.211503      33.5817     0.216294      24.1609      9.26261 
DIff1_Matrix_St1     186.00    2962.68        nan         nan        nan         nan     29.2992    0.0550849     0.557671    0.0544484      29.3803       1.2125    -0.120933    -0.259898      29.3805      2.05568   -0.0567355    -0.206721       33.035     0.218001      22.1171      8.54596 
DIff1_Matrix_St1     187.00    2966.18        nan         nan        nan         nan     29.3414     0.070121     0.497773    0.0618663      29.3787      1.16514    -0.118375    -0.244462      29.3813      2.02632   -0.0600623    -0.215717      33.4129     0.227312      25.4372      10.2486 
DIff1_Matrix_St1     188.00    2969.68        nan         nan        nan         nan     29.3027     0.056468     0.588742    0.0589254      29.3759      1.10665    -0.121706    -0.238725      29.3819      2.15302   -0.0609613    -0.232637      33.3136     0.233238      25.3489      10.4793 
DIff1_Matrix_St1     189.00    2973.18        nan         nan        nan         nan     29.3121    0.0555831     0.576617    0.0568074      29.3775       1.1733    -0.120837    -0.251295      29.3818      2.01874   -0.0588223    -0.210474      33.4274     0.233179      26.9403      11.1344 
DIff1_Matrix_St1     190.00    2976.68        nan         nan        nan         nan     29.3267    0.0533974     0.592901    0.0561148      29.3787     0.987738    -0.130159    -0.227872      29.3809      2.27256   -0.0612758     -0.24682      33.4108     0.244271      24.8005      10.7376 
DIff1_Matrix_St1     191.00    2980.18        nan         nan        nan         nan     29.3092    0.0547944     0.605874    0.0588428      29.3787     0.957041    -0.128698    -0.218312      29.3814      2.24464   -0.0631685    -0.251317      33.4841     0.244419      25.0869      10.8682 
DIff1_Matrix_St1     192.00    2983.67        nan         nan        nan         nan     29.3666     0.108268     0.368962     0.070804      29.3782      1.51252    -0.104138    -0.279182      29.3825      1.66669   -0.0554778    -0.163889      32.7959     0.962056       53.706      91.5795 
DIff1_Matrix_St1     193.00    2987.17        nan         nan        nan         nan     29.2985    0.0587309     0.576683    0.0600315      29.3784     0.971995    -0.128137    -0.220757      29.3799      2.28934    -0.062129    -0.252104      33.2092      1.41879      58.7547      147.753 
DIff1_Matrix_St1     194.00    2990.67        nan         nan        nan         nan       29.29    0.0560868     0.539184     0.053601      29.3807     0.898255    -0.130923    -0.208444        29.38       2.3091   -0.0633674    -0.259348      33.4063      1.41882      63.5884      159.911 
DIff1_Matrix_St1     195.00    2994.17        nan         nan        nan         nan     29.3076    0.0557211     0.592396    0.0585069      29.3783      1.15794    -0.121319    -0.248995      29.3812      2.08476   -0.0587624    -0.217136      33.3511      1.41914      60.0038      150.932 
DIff1_Matrix_St1     196.00    2997.67        nan         nan        nan         nan     29.3345    0.0602445     0.567654    0.0606144      29.3778      1.30669    -0.116093    -0.268877      29.3815      2.00578   -0.0562266    -0.199894      33.9283      1.41912      69.1865      174.026 
DIff1_Matrix_St1     197.00    3001.17        nan         nan        nan         nan     29.3352    0.0653718     0.511993    0.0593239      29.3786      1.17698    -0.119535    -0.249368       29.381      2.09359   -0.0585395    -0.217227      33.0432      1.41897      59.5273      149.715 
DIff1_Matrix_St1     198.00    3004.67        nan         nan        nan         nan     29.3313    0.0649706     0.521939    0.0601051      29.3781      1.28929    -0.115901    -0.264859      29.3805      2.01359   -0.0570078     -0.20346      33.5691      1.41925      66.0076      166.046 
DIff1_Matrix_St1     199.00    3008.17        nan         nan        nan         nan     29.3166    0.0556981     0.558494    0.0551358      29.3795      1.26515     -0.11911    -0.267097      29.3803      2.00961    -0.056484    -0.201193      33.2858      1.41966      59.5695      149.893 
DIff1_Matrix_St1     200.00    3011.67        nan         nan        nan         nan     29.3301    0.0558466     0.602293    0.0596182      29.3773      1.09897    -0.123824    -0.241194      29.3808      2.14811   -0.0594076    -0.226191      33.6087      1.41902      66.2705      166.679 
DIff1_Matrix_St1     201.00    3015.17        nan         nan        nan         nan     29.3412    0.0588423     0.538598    0.0561732       29.378      1.02889    -0.124904    -0.227783        29.38      2.19562   -0.0610803    -0.237703      33.1948      1.41948      60.1023      151.215 
DIff1_Matrix_St1     202.00    3018.67        nan         nan        nan         nan     29.3368    0.0624216     0.509245    0.0563426      29.3785      1.09872    -0.122709    -0.238968      29.3804      2.15531   -0.0595605    -0.227532      33.4402      1.41964      64.1544      161.429 
DIff1_Matrix_St1     203.00    3022.17        nan         nan        nan         nan     29.3459     0.063411     0.556627     0.062561       29.377      1.19307    -0.119202    -0.252073      29.3815      2.03713   -0.0586804    -0.211879      33.5788      1.41933      62.8111      158.014 
DIff1_Matrix_St1     204.00    3025.67        nan         nan        nan         nan     29.3566    0.0668762     0.513131    0.0608239      29.3778      1.14916    -0.118767     -0.24191      29.3804      2.11638   -0.0584081      -0.2191      33.9613       1.4197      69.1729      174.063 
DIff1_Matrix_St1     205.00    3029.17        nan         nan        nan         nan     29.3367    0.0612718      0.53104    0.0576718      29.3784      1.15292    -0.119603    -0.244409      29.3804      2.14173   -0.0585992    -0.222449      32.9895      1.41993      58.7037      147.743 
DIff1_Matrix_St1     206.00    3032.67        nan         nan        nan         nan      29.338    0.0723232     0.487255    0.0624609      29.3782      1.49709    -0.109644    -0.290944      29.3809      1.79372   -0.0538673    -0.171259      33.5593      1.42242      63.4734      160.027 
DIff1_Matrix_St1     207.00    3036.17        nan         nan        nan         nan     29.3018    0.0561776     0.545849    0.0543514       29.378      1.05991    -0.126189    -0.237063      29.3803      2.20318   -0.0591847    -0.231118      33.3712      1.42468      61.1617      154.444 
DIff1_Matrix_St1     208.00    3039.67        nan         nan        nan         nan     29.3371    0.0705389     0.466106    0.0582758      29.3808      1.16625    -0.118264    -0.244468      29.3795       2.0979    -0.059177    -0.220046      33.2435      1.42485      62.1705       157.01 
DIff1_Matrix_St1     209.00    3043.17        nan         nan        nan         nan     29.3248    0.0728206     0.477452    0.0616252      29.3802       1.1311     -0.11923    -0.239035      29.3802       2.0563   -0.0604327    -0.220259      33.2171      1.42483      61.5683      155.488 
DIff1_Matrix_St1     210.00    3046.67        nan         nan        nan         nan     29.3421    0.0684421     0.501167    0.0607968      29.3787      1.29536    -0.114244    -0.262301      29.3809        1.938   -0.0577681    -0.198434       33.241      1.42527       60.232       152.16 
DIff1_Matrix_St1     211.00    3050.16        nan         nan        nan         nan     29.3219    0.0632551     0.522609    0.0585932      29.3774      1.02002    -0.123308    -0.222934      29.3795        2.246   -0.0605845    -0.241182      33.0514      1.42564      56.0309      141.584 
DIff1_Matrix_St1     212.00    3053.66        nan         nan        nan         nan     29.3399    0.0687553     0.521124    0.0635071      29.3802      1.07744    -0.122121    -0.233217      29.3797      2.17939   -0.0595835    -0.230163        33.88      1.42546      67.4362      170.382 
DIff1_Matrix_St1     213.00    3057.16        nan         nan        nan         nan     29.3196    0.0590899     0.558371    0.0584805       29.379      1.10295     -0.12184    -0.238188      29.3801      2.16541   -0.0596278    -0.228857      33.1549      1.42565      58.4528      147.704 
DIff1_Matrix_St1     214.00    3060.66        nan         nan        nan         nan     29.2942    0.0503049     0.572389     0.051036      29.3781     0.917602     -0.13141    -0.213726      29.3801      2.39195   -0.0616056    -0.261184      33.3013      1.42592      60.9998       154.17 
DIff1_Matrix_St1     215.00    3064.16        nan         nan        nan         nan     29.3635     0.091489     0.409445    0.0663956      29.3785      1.32675    -0.110313    -0.259413      29.3799      1.94218   -0.0570217    -0.196293      33.1094      1.67376      66.4627      197.173 
DIff1_Matrix_St1     216.00    3067.66        nan         nan        nan         nan     29.3422    0.0629272     0.525386    0.0585992      29.3794      1.14969    -0.120319    -0.245182      29.3804      2.13475   -0.0586901    -0.222068      33.2449      1.68515      65.3276      195.124 
DIff1_Matrix_St1     217.00    3071.16        nan         nan        nan         nan     29.3492    0.0674868     0.511695    0.0612075      29.3776       1.1745    -0.116542    -0.242611      29.3805      2.09746   -0.0591253    -0.219807      33.1014      1.68483       64.447      192.457 
DIff1_Matrix_St1     218.00    3074.66        nan         nan        nan         nan     29.2987    0.0644152     0.536698    0.0612764      29.3797      1.23609    -0.117994    -0.258515      29.3795      2.07416   -0.0563749    -0.207254      33.6959      1.68483      68.5859      204.817 
DIff1_Matrix_St1     219.00    3078.16        nan         nan        nan         nan     29.3009    0.0411896     0.651436    0.0475591      29.3782     0.874688    -0.135905      -0.2107      29.3798      2.42893   -0.0618762    -0.266387       33.701      1.69586      70.6398      212.331 
DIff1_Matrix_St1     220.00    3081.66        nan         nan        nan         nan     29.3476    0.0774326     0.475889    0.0653137      29.3761      1.23326    -0.113962    -0.249109      29.3805      2.04703   -0.0577885    -0.209672      33.3899      1.87236      71.2592      236.486 
DIff1_Matrix_St1     221.00    3085.16        nan         nan        nan         nan     29.3284    0.0622615     0.540952    0.0596971       29.378      1.17884    -0.118379    -0.247346       29.379      2.09628   -0.0587091    -0.218137       33.336       1.8723      69.8971      231.959 
DIff1_Matrix_St1     222.00    3088.66        nan         nan        nan         nan     29.3281    0.0613372     0.520029    0.0565362      29.3771      1.03688    -0.123599    -0.227153      29.3813      2.25166   -0.0610751    -0.243748      33.5452       1.8724      75.5021      250.571 
DIff1_Matrix_St1     223.00    3092.16        nan         nan        nan         nan     29.3145    0.0581623      0.54787    0.0564799       29.379      1.18474    -0.119841    -0.251653        29.38      2.11945   -0.0587968    -0.220877      33.4681      1.87269      72.2289      239.746 
DIff1_Matrix_St1     224.00    3095.66        nan         nan        nan         nan     29.3865     0.168996     0.296852    0.0889182       29.377       1.9025   -0.0928578    -0.313125      29.3811      1.35168   -0.0467936    -0.112107       33.133      2.68441      86.0556      409.452 
DIff1_Matrix_St1     225.00    3099.16        nan         nan        nan         nan     29.3289    0.0598365     0.552295     0.058575      29.3773      1.01295    -0.122756    -0.220397      29.3802      2.28191   -0.0604694    -0.244573      33.8694      3.03002      101.497      545.097 
DIff1_Matrix_St1     226.00    3102.66        nan         nan        nan         nan     29.3384    0.0597265       0.5611    0.0593995      29.3781      1.26775    -0.116187    -0.261075      29.3799      2.07343   -0.0567455    -0.208543      33.5026      3.03027       91.812      493.123 
DIff1_Matrix_St1     227.00    3106.16        nan         nan        nan         nan     29.3395    0.0736889      0.46496    0.0607285      29.3784      1.24188    -0.115683    -0.254639      29.3807      2.03704   -0.0577219    -0.208409      33.4005      3.03047      90.2118      484.561 
DIff1_Matrix_St1     228.00    3109.66        nan         nan        nan         nan     29.3555    0.0867334      0.42342    0.0650927      29.3777      1.35055    -0.110022    -0.263369      29.3804      1.93572   -0.0566911    -0.194506      33.5452      3.03065      94.3667      506.908 
DIff1_Matrix_St1     229.00    3113.15        nan         nan        nan         nan     29.3329    0.0623339     0.525672    0.0580783      29.3793      1.10747    -0.120795    -0.237113      29.3789       2.1752   -0.0595824    -0.229717      33.2046      3.03119      87.8366      471.914 
DIff1_Matrix_St1     230.00    3116.65        nan         nan        nan         nan     29.3457    0.0625782     0.535917    0.0594423      29.3774      1.04804    -0.123064    -0.228604        29.38       2.2719   -0.0601145    -0.242071      33.4255      3.03126      90.2963      485.141 
DIff1_Matrix_St1     231.00    3120.15        nan         nan        nan         nan     29.3168    0.0483967     0.626231    0.0537187      29.3793     0.999573     -0.12773    -0.226299      29.3797      2.30897   -0.0610902    -0.250014       33.425      3.03129      85.1429      457.457 
DIff1_Matrix_St1     232.00    3123.65        nan         nan        nan         nan     29.3376    0.0573402     0.513482    0.0521866      29.3779     0.976047     -0.12751    -0.220593      29.3794      2.33043   -0.0609544    -0.251777      33.2995      3.03154       87.068      467.839 
DIff1_Matrix_St1     233.00    3127.15        nan         nan        nan         nan     29.3212    0.0695936     0.477133    0.0588551        29.38       1.2107    -0.117799    -0.252786      29.3794      2.06922   -0.0573063    -0.210176      33.1856      3.03142      85.2004      457.786 
DIff1_Matrix_St1     234.00    3130.65        nan         nan        nan         nan     29.3218    0.0564743     0.554149    0.0554692      29.3772      1.13569    -0.120563    -0.242689      29.3797      2.17647   -0.0590109    -0.227646       33.348      3.03141      86.3494      463.958 
DIff1_Matrix_St1     235.00    3134.15        nan         nan        nan         nan     29.3338    0.0656111      0.51269    0.0596221      29.3791      1.12125    -0.119771    -0.238029      29.3796      2.18292   -0.0585476    -0.226528      33.6378      3.03125      93.7542      503.718 
DIff1_Matrix_St1     236.00    3137.65        nan         nan        nan         nan     29.3446    0.0698501      0.50461    0.0624737      29.3767      1.11799    -0.118649    -0.235114      29.3807      2.19842   -0.0588458    -0.229299       33.147      3.03145      84.6372      454.765 
DIff1_Matrix_St1     237.00    3141.15        nan         nan        nan         nan     29.3509     0.066986     0.534648    0.0634785      29.3766      1.29666    -0.114618    -0.263424      29.3807      1.99562   -0.0579129    -0.204846      33.3869      3.03162      86.8891      466.891 
DIff1_Matrix_St1     238.00    3144.65        nan         nan        nan         nan     29.3241    0.0524971     0.590453    0.0549409      29.3799     0.992566    -0.125564    -0.220902      29.3798      2.29237   -0.0616697    -0.250571      33.5165      3.03166      91.9877      494.294 
DIff1_Matrix_St1     239.00    3148.15        nan         nan        nan         nan     29.3198    0.0652314     0.552231    0.0638487      29.3791      1.18746    -0.117458    -0.247216       29.379        2.144    -0.057675    -0.219173      33.8499      3.03167      94.9644      510.291 
DIff1_Matrix_St1     240.00    3151.65        nan         nan        nan         nan     29.3321    0.0600266     0.518324    0.0551468      29.3755      1.02692    -0.124758    -0.227081      29.3802      2.29905    -0.059418    -0.242126      33.8663      3.03211      96.5997      519.154 
DIff1_Matrix_St1     241.00    3155.15        nan         nan        nan         nan     29.3393    0.0616392     0.536747     0.058641      29.3765      1.03228    -0.122661    -0.224429      29.3801      2.29539   -0.0608925     -0.24774      33.4402      3.03179      90.7087      487.441 
DIff1_Matrix_St1     242.00    3158.65        nan         nan        nan         nan     29.3041    0.0459032     0.645621    0.0525286      29.3785     0.810175    -0.135985    -0.195274      29.3795      2.52377   -0.0630152    -0.281884      33.6468        3.032      90.2615      485.073 
DIff1_Matrix_St1     243.00    3162.15        nan         nan        nan         nan     29.2991    0.0448317     0.642386    0.0510454      29.3777     0.901349    -0.132249    -0.211281      29.3797      2.40448   -0.0620717     -0.26454      33.4041      3.03217      85.8808      461.555 
DIff1_Matrix_St1     244.00    3165.65        nan         nan        nan         nan     29.2819     0.044203     0.646709    0.0506682      29.3776     0.863334    -0.133175    -0.203787      29.3792      2.42618   -0.0629545    -0.270723      33.8357      3.03205      96.9694      521.129 
DIff1_Matrix_St1     245.00    3169.15        nan         nan        nan         nan     29.3256    0.0493765     0.607118    0.0531335      29.3782     0.932975    -0.129294    -0.213808       29.379      2.37511   -0.0619113    -0.260633      33.7203       3.0324      90.9362      488.764 
DIff1_Matrix_St1     246.00    3172.65        nan         nan        nan         nan     29.3248    0.0552025     0.583927    0.0571337      29.3778      1.14384    -0.120642     -0.24459       29.379      2.22379   -0.0590266    -0.232657      33.7404      3.03207      92.7642      498.533 
DIff1_Matrix_St1     247.00    3176.14        nan         nan        nan         nan     29.3343    0.0589018     0.560528    0.0585195       29.378      1.05814    -0.121976    -0.228766      29.3792      2.26544    -0.060259    -0.241963      33.2874      3.03204      86.2171      463.344 
DIff1_Matrix_St1     248.00    3179.64        nan         nan        nan         nan     29.3486    0.0650926      0.47151    0.0543999       29.378     0.955243    -0.125059    -0.211741      29.3794      2.34525   -0.0612118    -0.254448      32.9138        3.032      85.6123      460.087 
DIff1_Matrix_St1     249.00    3183.14        nan         nan        nan         nan     29.2862    0.0467184     0.620146    0.0513519      29.3793      1.00818    -0.126613    -0.226251      29.3792      2.32722   -0.0601754    -0.248217      33.3102      3.03206      85.3423      458.646 
DIff1_Matrix_St1     250.00    3186.64        nan         nan        nan         nan     29.3246    0.0527884     0.593758     0.055555      29.3781     0.896839    -0.129254    -0.205464      29.3793      2.36663    -0.063264    -0.265376      33.6214      3.03186      97.2262      522.478 
DIff1_Matrix_St1     251.00    3190.14        nan         nan        nan         nan     29.2999    0.0505645     0.599215    0.0537036      29.3773      0.81119    -0.135321    -0.194565      29.3796      2.52591   -0.0630592    -0.282319      33.5704      3.03229       87.822      472.008 
DIff1_Matrix_St1     252.00    3193.64        nan         nan        nan         nan     29.3521    0.0686236     0.490874    0.0597061      29.3773      1.18903    -0.117002     -0.24658      29.3795      2.18197   -0.0571836    -0.221155      33.3738      3.03298      88.4631      475.562 
DIff1_Matrix_St1     253.00    3197.14        nan         nan        nan         nan     29.3284    0.0616147     0.505863    0.0552449      29.3777      0.99322    -0.124601    -0.219353      29.3801      2.35704   -0.0595877    -0.248942      33.3829      3.03255        92.94      499.558 
DIff1_Matrix_St1     254.00    3200.64        nan         nan        nan         nan     29.3505     0.072598     0.477971    0.0615037      29.3787      1.34674    -0.112635    -0.268863      29.3789      2.00184    -0.054966    -0.195029      33.3591      3.03387      83.8098      450.678 
DIff1_Matrix_St1     255.00    3204.14        nan         nan        nan         nan     29.3482    0.0800559      0.43339     0.061496      29.3792      1.34311    -0.110124     -0.26216      29.3787      1.98204   -0.0562418    -0.197582      33.2409      3.03355      90.7785      488.101 
DIff1_Matrix_St1     256.00    3207.64        nan         nan        nan         nan     29.2674    0.0411003     0.701126    0.0510759      29.3797     0.806139    -0.137408    -0.196334       29.379      2.55531   -0.0629732    -0.285216      33.8763      3.03771      93.5279      503.573 
DIff1_Matrix_St1     257.00    3211.14        nan         nan        nan         nan      29.267    0.0409965     0.703084    0.0510892      29.3797     0.805363    -0.137488     -0.19626       29.379      2.55617    -0.062983    -0.285356      33.8809      3.03771      93.5562      503.726 
