DIff1_Matrix_St1       0.00    2294.08        nan         nan        nan         nan     28.5049     0.408115    -0.137466   -0.0994382      29.4125     0.551213    -0.194764    -0.190285      29.4267      1.69559   -0.0577038     -0.17342       33.041     0.201125    -0.170584   -0.0608105 
DIff1_Matrix_St1       1.00    2297.75        nan         nan        nan         nan     28.4918     0.365829    -0.143444   -0.0930112      29.4103     0.578627    -0.191175    -0.196067      29.4276       1.7133   -0.0575265    -0.174693       33.025     0.176537    -0.187605   -0.0587024 
DIff1_Matrix_St1       2.00    2301.41        nan         nan        nan         nan     28.4796     0.331139    -0.152871   -0.0897242      29.4143     0.603755    -0.191249    -0.204661      29.4291      1.69883   -0.0581905    -0.175217      33.0143     0.170958    -0.190835    -0.057826 
DIff1_Matrix_St1       3.00    2305.08        nan         nan        nan         nan     28.4694     0.319411    -0.155061   -0.0877861      29.4159     0.620022    -0.192563    -0.211619      29.4287      1.69521    -0.057842    -0.173797      33.0022     0.161371    -0.195725   -0.0559817 
DIff1_Matrix_St1       4.00    2308.75        nan         nan        nan         nan     28.4553     0.302437    -0.156783   -0.0840446      29.4186     0.656412    -0.186328    -0.216786      29.4296      1.65343   -0.0582041    -0.170575      32.9892     0.144104    -0.211023    -0.053899 
DIff1_Matrix_St1       5.00    2312.42        nan         nan        nan         nan     28.4475     0.293601    -0.157577   -0.0820022      29.4142      0.59295    -0.196892    -0.206928      29.4295      1.70865   -0.0606114    -0.183562      32.9678     0.135543    -0.215506   -0.0517738 
DIff1_Matrix_St1       6.00    2316.08        nan         nan        nan         nan     28.4425     0.291628     -0.15549   -0.0803726      29.4169     0.665044    -0.188172     -0.22181      29.4297      1.69069   -0.0587137    -0.175945      32.9598     0.131724    -0.217164   -0.0507023 
DIff1_Matrix_St1       7.00    2319.75        nan         nan        nan         nan     28.4305     0.276774    -0.157493   -0.0772611      29.4174     0.665837    -0.186486    -0.220084      29.4294      1.74437    -0.058227    -0.180027      32.9552     0.127316     -0.21594   -0.0487293 
DIff1_Matrix_St1       8.00    2323.42        nan         nan        nan         nan      28.427     0.268707    -0.161657   -0.0769926      29.4166     0.678583    -0.185185    -0.222732      29.4299      1.68762   -0.0590647    -0.176676      32.9547     0.123805    -0.218198    -0.047881 
DIff1_Matrix_St1       9.00    2327.08        nan         nan        nan         nan     28.4203     0.265221    -0.159176   -0.0748274      29.4188     0.692247    -0.184992    -0.226981      29.4303      1.69774    -0.059542    -0.179172      32.9455     0.122616    -0.225559   -0.0490208 
DIff1_Matrix_St1      10.00    2330.75        nan         nan        nan         nan      28.413     0.261237    -0.154787   -0.0716712      29.4195     0.710985    -0.181802    -0.229105      29.4303      1.67294   -0.0595611    -0.176611      32.9347     0.116708    -0.229681   -0.0475117 
DIff1_Matrix_St1      11.00    2334.42        nan         nan        nan         nan      28.409     0.256787    -0.154232   -0.0701976      29.4168     0.662575     -0.19077    -0.224037      29.4299      1.70494   -0.0615981    -0.186144       32.935     0.111497    -0.229617   -0.0453775 
DIff1_Matrix_St1      12.00    2338.08        nan         nan        nan         nan     28.4106      0.25182    -0.159437   -0.0711631       29.418     0.715259    -0.182195     -0.23098      29.4309      1.72079   -0.0595383    -0.181593       32.924     0.109968    -0.232634   -0.0453436 
DIff1_Matrix_St1      13.00    2341.75        nan         nan        nan         nan     28.4004     0.254053    -0.152889   -0.0688453      29.4192      0.69304    -0.186276    -0.228818      29.4302       1.7218   -0.0594745    -0.181505      32.9267     0.108918    -0.239284   -0.0461941 
DIff1_Matrix_St1      14.00    2345.42        nan         nan        nan         nan     28.4003     0.257098    -0.153908   -0.0701349      29.4202     0.686079    -0.185352    -0.225397      29.4305      1.73894   -0.0604822    -0.186418      32.8977     0.107931    -0.237562   -0.0454464 
DIff1_Matrix_St1      15.00    2349.09        nan         nan        nan         nan     28.3961     0.249713    -0.152974   -0.0677071      29.4163     0.654305    -0.193032    -0.223864      29.4311      1.75346   -0.0621373    -0.193118      32.9149     0.103783    -0.230091   -0.0423252 
DIff1_Matrix_St1      16.00    2352.75        nan         nan        nan         nan     28.3899     0.247624    -0.153137   -0.0672123      29.4214     0.754045    -0.181213    -0.242193      29.4294      1.68825      -0.0577    -0.172658      32.9068     0.105815    -0.227046    -0.042583 
DIff1_Matrix_St1      17.00    2356.42        nan         nan        nan         nan     28.3873     0.250757    -0.148424   -0.0659678      29.4187     0.710518    -0.184386    -0.232209      29.4307      1.68441   -0.0615362    -0.183718      32.8994     0.107556    -0.235859   -0.0449637 
DIff1_Matrix_St1      18.00    2360.09        nan         nan        nan         nan     28.3822     0.244573    -0.147226   -0.0638216      29.4207     0.810522    -0.172016    -0.247121      29.4315      1.63826   -0.0581465    -0.168842      32.8998     0.105795    -0.222937   -0.0418043 
DIff1_Matrix_St1      19.00    2363.75        nan         nan        nan         nan     28.3822     0.234142    -0.153385   -0.0636554      29.4188     0.736643    -0.179173     -0.23394      29.4312      1.73804   -0.0593587    -0.182861      32.9008     0.103775    -0.232378    -0.042743 
DIff1_Matrix_St1      20.00    2367.42        nan         nan        nan         nan     28.3801     0.246057    -0.146746   -0.0639995      29.4195     0.747597    -0.180046    -0.238576      29.4308      1.68705   -0.0603816    -0.180554      32.8951     0.104719    -0.226508    -0.042042 
DIff1_Matrix_St1      21.00    2371.09        nan         nan        nan         nan     28.3774         0.24    -0.145148   -0.0617442      29.4189     0.719561    -0.183592    -0.234151      29.4312      1.73351    -0.060459    -0.185765      32.8896     0.102646    -0.227413   -0.0413746 
DIff1_Matrix_St1      22.00    2374.75        nan         nan        nan         nan     28.3773     0.242572    -0.145633   -0.0626145       29.421     0.742643    -0.181486     -0.23889      29.4302      1.70962   -0.0602303    -0.182511      32.8897      0.10494    -0.214499   -0.0398969 
DIff1_Matrix_St1      23.00    2378.42        nan         nan        nan         nan     28.3696     0.242101    -0.143601   -0.0616209      29.4209     0.725729    -0.182696    -0.235006      29.4302      1.67221   -0.0620112    -0.183796      32.8774     0.107665    -0.218816   -0.0417568 
DIff1_Matrix_St1      24.00    2382.09        nan         nan        nan         nan     28.3684     0.242341    -0.144011   -0.0618583       29.419     0.743673    -0.180683    -0.238162      29.4297      1.70131     -0.06106    -0.184126      32.8764     0.107796    -0.211701   -0.0404483 
DIff1_Matrix_St1      25.00    2385.76        nan         nan        nan         nan     28.3704     0.244167    -0.141814   -0.0613737      29.4204     0.716719    -0.184714    -0.234652      29.4306      1.73484   -0.0613448    -0.188631      32.8806     0.097629    -0.231287   -0.0400225 
DIff1_Matrix_St1      26.00    2389.42        nan         nan        nan         nan     28.3624     0.240982    -0.145242   -0.0620374      29.4161     0.711101    -0.185419      -0.2337      29.4301      1.72866   -0.0615251    -0.188512      32.8738    0.0975428    -0.234167   -0.0404852 
DIff1_Matrix_St1      27.00    2393.09        nan         nan        nan         nan     28.3647     0.241284    -0.141906   -0.0606879      29.4212     0.767923    -0.178629    -0.243134      29.4304      1.68687   -0.0587449    -0.175641      32.8706    0.0971731    -0.221708   -0.0381859 
DIff1_Matrix_St1      28.00    2396.76        nan         nan        nan         nan     28.3643     0.232959    -0.146505   -0.0604932      29.4215      0.78215    -0.175962     -0.24394      29.4307      1.71445   -0.0588523    -0.178839      32.8694     0.101045    -0.213968   -0.0383213 
DIff1_Matrix_St1      29.00    2400.42        nan         nan        nan         nan      28.361     0.239185    -0.141904   -0.0601597      29.4189     0.782745     -0.17815    -0.247161      29.4302      1.67337   -0.0603901    -0.179115      32.8713    0.0938868    -0.220581   -0.0367068 
DIff1_Matrix_St1      30.00    2404.09        nan         nan        nan         nan     28.3611     0.235961    -0.144203     -0.06031       29.419     0.719812    -0.183909    -0.234637      29.4311      1.72432   -0.0616335     -0.18837      32.8708     0.103329    -0.219684   -0.0402341 
DIff1_Matrix_St1      31.00    2407.76        nan         nan        nan         nan       28.36     0.242599    -0.138768   -0.0596694       29.422     0.801104     -0.17514    -0.248685      29.4301      1.65938   -0.0583547    -0.171631      32.8719    0.0953682    -0.225402    -0.038101 
DIff1_Matrix_St1      32.00    2411.42        nan         nan        nan         nan     28.3549     0.235678    -0.136798   -0.0571445      29.4172     0.746422    -0.180173    -0.238369      29.4305      1.67338    -0.062729    -0.186054      32.8683    0.0954822    -0.209413   -0.0354406 
DIff1_Matrix_St1      33.00    2415.09        nan         nan        nan         nan     28.3566     0.240452    -0.142453   -0.0607121      29.4231      0.78125    -0.176453     -0.24434      29.4304      1.68585   -0.0595673    -0.177993      32.8568    0.0971993    -0.222211   -0.0382827 
DIff1_Matrix_St1      34.00    2418.76        nan         nan        nan         nan     28.3571     0.233065    -0.141947   -0.0586377      29.4206     0.784576    -0.175664    -0.244282      29.4296      1.71385   -0.0576148    -0.175017       32.857    0.0994734    -0.210905    -0.037185 
DIff1_Matrix_St1      35.00    2422.43        nan         nan        nan         nan     28.3546     0.230838     -0.13733   -0.0561883      29.4185     0.770019     -0.17768    -0.242502      29.4304      1.67981   -0.0609658    -0.181519      32.8549    0.0966391    -0.210498   -0.0360558 
DIff1_Matrix_St1      36.00    2426.09        nan         nan        nan         nan     28.3524     0.243226    -0.134272   -0.0578853      29.4177     0.754127    -0.177434    -0.237168      29.4301      1.68451   -0.0602561    -0.179908      32.8557     0.099795    -0.219586   -0.0388408 
DIff1_Matrix_St1      37.00    2429.76        nan         nan        nan         nan     28.3534     0.236851    -0.136893   -0.0574687      29.4187     0.791862    -0.176604    -0.247871      29.4309       1.7032   -0.0591702    -0.178625      32.8695     0.101262    -0.217516   -0.0390403 
DIff1_Matrix_St1      38.00    2433.43        nan         nan        nan         nan     28.3541     0.235766    -0.138782   -0.0579947      29.4205     0.810888    -0.173463    -0.249312      29.4292      1.69662   -0.0591385    -0.177841      32.8571     0.102168    -0.207775   -0.0376257 
DIff1_Matrix_St1      39.00    2437.09        nan         nan        nan         nan     28.3512     0.226962    -0.139259    -0.056021      29.4206       0.7685    -0.178509    -0.243153        29.43      1.68823   -0.0597101    -0.178671      32.8543    0.0968608    -0.227526    -0.039062 
DIff1_Matrix_St1      40.00    2440.76        nan         nan        nan         nan     28.3524     0.245228    -0.131609   -0.0572045      29.4217     0.792581    -0.173948    -0.244364      29.4294      1.70036   -0.0601296    -0.181219       32.853    0.0972049     -0.20695   -0.0356557 
DIff1_Matrix_St1      41.00    2444.43        nan         nan        nan         nan     28.3495     0.231216    -0.139451   -0.0571496      29.4209     0.791655    -0.176739    -0.247994        29.43       1.6527   -0.0597682    -0.175081      32.8474    0.0945531    -0.219854   -0.0368455 
DIff1_Matrix_St1      42.00    2448.09        nan         nan        nan         nan      28.349     0.225914    -0.140436   -0.0562337       29.416     0.714081    -0.181683    -0.229952      29.4308      1.74001   -0.0631976    -0.194907      32.8567    0.0988918    -0.215927    -0.037848 
DIff1_Matrix_St1      43.00    2451.76        nan         nan        nan         nan     28.3453     0.240579    -0.131661   -0.0561424      29.4185     0.726129    -0.181919    -0.234135      29.4284      1.73917   -0.0619156    -0.190861      32.8549    0.0987377    -0.210313   -0.0368064 
DIff1_Matrix_St1      44.00    2455.43        nan         nan        nan         nan     28.3476     0.232628    -0.136948   -0.0564668      29.4179     0.726166    -0.183401    -0.236055      29.4301      1.70398   -0.0633612    -0.191366      32.8472    0.0947576    -0.213988     -0.03594 
DIff1_Matrix_St1      45.00    2459.10        nan         nan        nan         nan     28.3479      0.24362    -0.129876   -0.0560809      29.4179     0.728103    -0.179379    -0.231494        29.43      1.70198   -0.0631221    -0.190419      32.8496    0.0984665    -0.201023   -0.0350841 
DIff1_Matrix_St1      46.00    2462.76        nan         nan        nan         nan     28.3473     0.223284    -0.140007   -0.0554095      29.4189     0.783648    -0.176219    -0.244764      29.4299      1.68583   -0.0607543    -0.181537      32.8431    0.0987824    -0.203741   -0.0356724 
DIff1_Matrix_St1      47.00    2466.43        nan         nan        nan         nan     28.3471     0.231973      -0.1387   -0.0570283      29.4201     0.801112    -0.173535    -0.246409      29.4291      1.65412   -0.0603249    -0.176864      32.8463    0.0959738    -0.208374   -0.0354464 
DIff1_Matrix_St1      48.00    2470.10        nan         nan        nan         nan      28.345     0.235199    -0.134537   -0.0560859       29.418      0.74258    -0.179188    -0.235846      29.4306      1.73635   -0.0612367    -0.188462        32.85    0.0938544    -0.221225   -0.0368014 
DIff1_Matrix_St1      49.00    2473.76        nan         nan        nan         nan     28.3449     0.233568    -0.132819   -0.0549856      29.4206     0.803121    -0.173339    -0.246748      29.4293      1.68215     -0.05956     -0.17758      32.8457    0.0957995     -0.21823   -0.0370555 
DIff1_Matrix_St1      50.00    2477.43        nan         nan        nan         nan     28.3481     0.230229    -0.136544   -0.0557197      29.4199     0.790801    -0.175193     -0.24556      29.4304      1.69353    -0.060078    -0.180337      32.8375    0.0944008    -0.213859   -0.0357831 
DIff1_Matrix_St1      51.00    2481.10        nan         nan        nan         nan     28.3421     0.230477    -0.133976   -0.0547305      29.4201     0.808266    -0.175706    -0.251719      29.4298      1.71047   -0.0599192    -0.181659      32.8452      0.10307    -0.205486   -0.0375395 
DIff1_Matrix_St1      52.00    2484.76        nan         nan        nan         nan     28.3456      0.23782    -0.131516   -0.0554371      29.4207     0.806714    -0.173872    -0.248613      29.4289      1.70998   -0.0600937    -0.182136      32.8422    0.0962305    -0.206143   -0.0351605 
DIff1_Matrix_St1      53.00    2488.43        nan         nan        nan         nan     28.3438      0.23232    -0.134737   -0.0554815      29.4199     0.805051    -0.174435    -0.248903      29.4298       1.6835   -0.0606378    -0.180939      32.8398     0.100176    -0.202986   -0.0360418 
DIff1_Matrix_St1      54.00    2492.10        nan         nan        nan         nan     28.3419     0.227856    -0.137779   -0.0556438      29.4187     0.824216    -0.172056    -0.251353      29.4297      1.67469   -0.0590012    -0.175134      32.8375    0.0943479    -0.214716   -0.0359064 
DIff1_Matrix_St1      55.00    2495.77        nan         nan        nan         nan     28.3423     0.227724    -0.132671     -0.05355      29.4223     0.818324    -0.172049    -0.249547      29.4285      1.64051   -0.0607401    -0.176616      32.8352     0.095757    -0.203758   -0.0345828 
DIff1_Matrix_St1      56.00    2499.43        nan         nan        nan         nan     28.3407     0.231507     -0.13367   -0.0548497      29.4197      0.78662    -0.175918    -0.245274      29.4285      1.69056    -0.060616    -0.181632       32.838    0.0896772    -0.223852    -0.035581 
DIff1_Matrix_St1      57.00    2503.10        nan         nan        nan         nan     28.3421     0.229515    -0.132354   -0.0538422      29.4214     0.750905    -0.179466     -0.23886      29.4296      1.71817   -0.0612255    -0.186455      32.8309    0.0979273    -0.204948   -0.0355732 
DIff1_Matrix_St1      58.00    2506.77        nan         nan        nan         nan     28.3415     0.237992    -0.133701   -0.0563991      29.4161     0.703066    -0.181886    -0.226657      29.4299       1.7629   -0.0632729    -0.197706      32.8426    0.0939361    -0.218421   -0.0363665 
DIff1_Matrix_St1      59.00    2510.43        nan         nan        nan         nan     28.3401      0.22646    -0.136027      -0.0546      29.4167     0.792172    -0.174208    -0.244604      29.4298      1.73696    -0.059375    -0.182797      32.8388     0.100287     -0.20475   -0.0363953 
DIff1_Matrix_St1      60.00    2514.10        nan         nan        nan         nan     28.3425     0.222243    -0.132289   -0.0521106      29.4194     0.811199    -0.172355    -0.247814      29.4291      1.66327   -0.0612995    -0.180715      32.8313    0.0942292    -0.212403   -0.0354748 
DIff1_Matrix_St1      61.00    2517.77        nan         nan        nan         nan     28.3376     0.232344    -0.128125   -0.0527644      29.4209     0.757656    -0.177201    -0.237965      29.4292       1.7467   -0.0614508    -0.190248      32.8393     0.090745    -0.212846   -0.0342344 
DIff1_Matrix_St1      62.00    2521.43        nan         nan        nan         nan     28.3377     0.234935    -0.132208   -0.0550532      29.4201     0.751762    -0.176674    -0.235412      29.4285       1.7368   -0.0635985    -0.195782      32.8365    0.0949547    -0.213067   -0.0358597 
DIff1_Matrix_St1      63.00    2525.10        nan         nan        nan         nan     28.3413     0.233915    -0.132558   -0.0549589      29.4187      0.81025    -0.172238    -0.247356      29.4288      1.70813   -0.0610261    -0.184762       32.832    0.0957391    -0.205629   -0.0348939 
DIff1_Matrix_St1      64.00    2528.77        nan         nan        nan         nan     28.3324     0.226119    -0.137083   -0.0549411      29.4207     0.886409    -0.166702    -0.261909      29.4291      1.60307   -0.0583574    -0.165815      32.8472    0.0944257     -0.21017   -0.0351751 
DIff1_Matrix_St1      65.00    2532.44        nan         nan        nan         nan     28.3403     0.226709    -0.133392    -0.053601      29.4185     0.804016    -0.174509    -0.248689      29.4295      1.64356   -0.0612758    -0.178505      32.8342    0.0967412    -0.199935   -0.0342827 
DIff1_Matrix_St1      66.00    2536.10        nan         nan        nan         nan     28.3368     0.227017    -0.136468   -0.0549118      29.4171     0.795252    -0.172279    -0.242835      29.4298      1.71718   -0.0599682    -0.182521      32.8406    0.0955712    -0.200186   -0.0339106 
DIff1_Matrix_St1      67.00    2539.77        nan         nan        nan         nan     28.3372     0.226711    -0.131812   -0.0529665       29.419     0.824863    -0.170171    -0.248795      29.4291      1.68932    -0.060445    -0.180987      32.8335     0.096132    -0.201653   -0.0343595 
DIff1_Matrix_St1      68.00    2543.44        nan         nan        nan         nan     28.3362     0.229285    -0.129559   -0.0526522      29.4189      0.79619    -0.172489    -0.243418      29.4301      1.68638   -0.0615044    -0.183839      32.8306    0.0939852    -0.212692   -0.0354312 
DIff1_Matrix_St1      69.00    2547.10        nan         nan        nan         nan     28.3358     0.228919     -0.13089   -0.0531085       29.419     0.848578    -0.167969    -0.252636      29.4285      1.67807   -0.0588361    -0.174996      32.8316    0.0954733    -0.210092   -0.0355522 
DIff1_Matrix_St1      70.00    2550.77        nan         nan        nan         nan     28.3383     0.232726    -0.130516   -0.0538371      29.4196     0.761069    -0.177547    -0.239504      29.4293      1.71963   -0.0618082    -0.188389      32.8327    0.0956569    -0.208145   -0.0352904 
DIff1_Matrix_St1      71.00    2554.44        nan         nan        nan         nan     28.3361     0.227706    -0.134075   -0.0541126      29.4177     0.741707    -0.178842    -0.235113       29.429      1.75089   -0.0621976    -0.193022      32.8307    0.0926631    -0.214397   -0.0352128 
DIff1_Matrix_St1      72.00    2558.10        nan         nan        nan         nan     28.3376     0.228851    -0.127701   -0.0517992        29.42     0.763793    -0.177112    -0.239772      29.4275      1.71508   -0.0622649    -0.189279      32.8377    0.0915159    -0.208714   -0.0338551 
DIff1_Matrix_St1      73.00    2561.77        nan         nan        nan         nan     28.3367     0.226666    -0.131178   -0.0527015      29.4178     0.789544    -0.170919     -0.23919      29.4293      1.71095   -0.0613282    -0.185983      32.8232    0.0914256    -0.205713   -0.0333353 
DIff1_Matrix_St1      74.00    2565.44        nan         nan        nan         nan      28.332     0.223473    -0.129301   -0.0512156      29.4208     0.760869    -0.178837    -0.241181      29.4285      1.75306   -0.0605319    -0.188086      32.8187    0.0944635    -0.218665   -0.0366115 
DIff1_Matrix_St1      75.00    2569.11        nan         nan        nan         nan     28.3352     0.226855    -0.132273   -0.0531856      29.4187     0.770042    -0.174335    -0.237944      29.4283       1.7358   -0.0616611    -0.189708      32.8292    0.0934293    -0.210355   -0.0348346 
DIff1_Matrix_St1      76.00    2572.77        nan         nan        nan         nan     28.3354     0.233556    -0.125531   -0.0519658      29.4214      0.80901    -0.172067    -0.246732      29.4285      1.71366   -0.0604015    -0.183462       32.838    0.0937578    -0.211678   -0.0351769 
DIff1_Matrix_St1      77.00    2576.44        nan         nan        nan         nan     28.3328     0.226458    -0.133081   -0.0534168      29.4182     0.796259    -0.172085    -0.242869      29.4294      1.68839   -0.0610842      -0.1828      32.8266    0.0921308    -0.207975   -0.0339619 
DIff1_Matrix_St1      78.00    2580.11        nan         nan        nan         nan     28.3333     0.224011    -0.132924   -0.0527775      29.4166     0.806957    -0.172287    -0.246422        29.43      1.72232   -0.0607238    -0.185373      32.8216    0.0930462    -0.212056   -0.0349724 
DIff1_Matrix_St1      79.00    2583.77        nan         nan        nan         nan     28.3332     0.226962    -0.132896   -0.0534613      29.4167     0.779556     -0.17509    -0.241926      29.4287      1.72503   -0.0613024    -0.187435      32.8251    0.0909968    -0.214572   -0.0346078 
DIff1_Matrix_St1      80.00    2587.44        nan         nan        nan         nan     28.3324     0.232013     -0.12798   -0.0526296      29.4196     0.797663    -0.173676    -0.245546      29.4283      1.68096    -0.060372    -0.179874      32.8356    0.0981485    -0.196716   -0.0342214 
DIff1_Matrix_St1      81.00    2591.11        nan         nan        nan         nan     28.3321     0.231629    -0.129745   -0.0532671      29.4179     0.732023    -0.180044    -0.233604       29.429       1.7399   -0.0633023    -0.195218      32.8289     0.095154    -0.211266   -0.0356313 
DIff1_Matrix_St1      82.00    2594.77        nan         nan        nan         nan     28.3295     0.222102    -0.130922   -0.0515395      29.4189     0.774985    -0.173939    -0.238928      29.4293      1.72648    -0.061818     -0.18917      32.8406     0.091957    -0.199555   -0.0325254 
DIff1_Matrix_St1      83.00    2598.44        nan         nan        nan         nan     28.3334     0.225912    -0.126637   -0.0507078      29.4182     0.724048    -0.180264    -0.231341      29.4291      1.76722   -0.0637452    -0.199671      32.8233    0.0914857    -0.208008   -0.0337294 
DIff1_Matrix_St1      84.00    2602.11        nan         nan        nan         nan     28.3325     0.235205    -0.127986    -0.053356      29.4169     0.792251    -0.171197      -0.2404      29.4297      1.68071   -0.0613455    -0.182747      32.8298    0.0911245    -0.212329   -0.0342941 
DIff1_Matrix_St1      85.00    2605.78        nan         nan        nan         nan      28.333     0.224297    -0.130092   -0.0517187      29.4201     0.884025    -0.164482    -0.257726      29.4287      1.66067   -0.0572499    -0.168513      32.8262    0.0957919    -0.201098   -0.0341439 
DIff1_Matrix_St1      86.00    2609.44        nan         nan        nan         nan     28.3336     0.227445    -0.130334   -0.0525425      29.4193     0.826005    -0.171762    -0.251469      29.4288      1.69542   -0.0591108    -0.177631      32.8279    0.0904991     -0.20806    -0.033374 
DIff1_Matrix_St1      87.00    2613.11        nan         nan        nan         nan     28.3361     0.217846    -0.130669   -0.0504544      29.4201     0.787575    -0.174228    -0.243212      29.4285      1.71931    -0.060991    -0.185863      32.8301     0.086381    -0.205216   -0.0314198 
DIff1_Matrix_St1      88.00    2616.78        nan         nan        nan         nan     28.3324     0.233449    -0.124248   -0.0514112      29.4213     0.844664    -0.168657    -0.252501      29.4286      1.63518   -0.0602661    -0.174668      32.8302    0.0893521    -0.212631   -0.0336749 
DIff1_Matrix_St1      89.00    2620.44        nan         nan        nan         nan     28.3325     0.227354    -0.124749   -0.0502708      29.4182     0.828751    -0.169643    -0.249192      29.4291      1.65857   -0.0598345    -0.175898      32.8249    0.0953608    -0.195728   -0.0330824 
DIff1_Matrix_St1      90.00    2624.11        nan         nan        nan         nan      28.332     0.228355    -0.124605   -0.0504336        29.42      0.82673    -0.171158    -0.250805      29.4285      1.67646   -0.0595138    -0.176842      32.8214    0.0925765    -0.201764   -0.0331069 
DIff1_Matrix_St1      91.00    2627.78        nan         nan        nan         nan     28.3262     0.228977    -0.123346   -0.0500602      29.4185      0.81325    -0.171117    -0.246657      29.4292      1.66927   -0.0603434    -0.178538      32.8228     0.092746    -0.207378   -0.0340905 
DIff1_Matrix_St1      92.00    2631.44        nan         nan        nan         nan     28.3283     0.220886    -0.130095   -0.0509333       29.419     0.758438    -0.175484    -0.235902      29.4282      1.72859    -0.063035     -0.19313      32.8294     0.094936    -0.205341   -0.0345526 
DIff1_Matrix_St1      93.00    2635.11        nan         nan        nan         nan     28.3296     0.228991     -0.12431   -0.0504547      29.4187     0.809475    -0.170848    -0.245126      29.4286      1.72114    -0.060847    -0.185622       32.826    0.0913846    -0.195601   -0.0316825 
DIff1_Matrix_St1      94.00    2638.78        nan         nan        nan         nan     28.3286     0.222758    -0.128848   -0.0508726      29.4195     0.845212    -0.169129    -0.253372      29.4292      1.64718   -0.0599066    -0.174901      32.8281    0.0945424    -0.194472   -0.0325881 
DIff1_Matrix_St1      95.00    2642.45        nan         nan        nan         nan     28.3318     0.228886    -0.126613   -0.0513654      29.4206     0.844714    -0.168595    -0.252424      29.4282      1.68525    -0.059636    -0.178134      32.8283     0.086605    -0.211907   -0.0325284 
DIff1_Matrix_St1      96.00    2646.11        nan         nan        nan         nan     28.3305     0.230493    -0.124027   -0.0506698      29.4189     0.852038    -0.168233    -0.254065      29.4286      1.66568   -0.0583485    -0.172264      32.8235    0.0906989    -0.204182   -0.0328243 
DIff1_Matrix_St1      97.00    2649.78        nan         nan        nan         nan     28.3294     0.219123    -0.127551   -0.0495387      29.4211     0.816487    -0.168816    -0.244308      29.4276      1.72377   -0.0592409    -0.180998      32.8328    0.0916564    -0.211783   -0.0344056 
DIff1_Matrix_St1      98.00    2653.45        nan         nan        nan         nan     28.3333     0.231879    -0.127971   -0.0525956      29.4196     0.832387    -0.169518    -0.250102      29.4284      1.71241   -0.0588333    -0.178569      32.8292    0.0979701    -0.190174   -0.0330232 
DIff1_Matrix_St1      99.00    2657.11        nan         nan        nan         nan     28.3285     0.237397    -0.122845     -0.05169      29.4193     0.777325    -0.174675    -0.240662      29.4279      1.73177   -0.0609627    -0.187123      32.8177    0.0920966    -0.208873   -0.0340957 
DIff1_Matrix_St1     100.00    2660.78        nan         nan        nan         nan     28.3337     0.219214    -0.126869   -0.0492947      29.4185       0.8653    -0.165638    -0.254039      29.4294      1.61754   -0.0586673      -0.1682      32.8224    0.0925323    -0.185273   -0.0303865 
DIff1_Matrix_St1     101.00    2664.45        nan         nan        nan         nan     28.3307     0.224261    -0.125193   -0.0497631       29.419     0.817657    -0.168407    -0.244066      29.4292      1.68756   -0.0608715    -0.182074      32.8319    0.0905457    -0.198373   -0.0318365 
DIff1_Matrix_St1     102.00    2668.11        nan         nan        nan         nan     28.3316     0.220558    -0.123667   -0.0483451      29.4193     0.809868    -0.170812    -0.245193      29.4295      1.68579   -0.0617179    -0.184412      32.8306    0.0904682    -0.197458   -0.0316625 
DIff1_Matrix_St1     103.00    2671.78        nan         nan        nan         nan     28.3315     0.219201    -0.134366   -0.0522043       29.418     0.821151    -0.171849    -0.250118      29.4293      1.72511   -0.0597623    -0.182734      32.8253    0.0891274    -0.209618   -0.0331142 
DIff1_Matrix_St1     104.00    2675.45        nan         nan        nan         nan     28.3261        0.232    -0.123998   -0.0509893      29.4208     0.730045     -0.17802    -0.230352      29.4269      1.74106   -0.0631506     -0.19488      32.8311     0.093076    -0.198196    -0.032697 
DIff1_Matrix_St1     105.00    2679.12        nan         nan        nan         nan     28.3266     0.223863    -0.128625   -0.0510366      29.4195     0.865083    -0.167554    -0.256915      29.4284      1.67685   -0.0579699    -0.172295      32.8219    0.0876599    -0.203283   -0.0315846 
DIff1_Matrix_St1     106.00    2682.78        nan         nan        nan         nan     28.3236     0.224671    -0.127546   -0.0507914      29.4183     0.876604    -0.164772    -0.256013      29.4293      1.59081   -0.0595005     -0.16777      32.8244    0.0923481     -0.20115   -0.0329248 
DIff1_Matrix_St1     107.00    2686.45        nan         nan        nan         nan     28.3265     0.220532    -0.127012   -0.0496469      29.4193     0.840833    -0.170434    -0.254005      29.4291      1.66615   -0.0606873     -0.17922      32.8225    0.0895825    -0.201102   -0.0319312 
DIff1_Matrix_St1     108.00    2690.12        nan         nan        nan         nan       28.33     0.216932    -0.129199   -0.0496772      29.4195      0.78655    -0.174542    -0.243332       29.428      1.76062   -0.0602501    -0.188018      32.8205    0.0953109    -0.196523   -0.0331995 
DIff1_Matrix_St1     109.00    2693.78        nan         nan        nan         nan     28.3253     0.221286    -0.127228   -0.0499011      29.4198     0.834702    -0.166405    -0.246191      29.4293       1.6893   -0.0599108    -0.179386       32.821    0.0886476    -0.210402   -0.0330591 
DIff1_Matrix_St1     110.00    2697.45        nan         nan        nan         nan     28.3286     0.221802    -0.128021   -0.0503294      29.4196     0.850783    -0.168735    -0.254447      29.4285      1.64463   -0.0600904    -0.175165      32.8189    0.0889982    -0.201061   -0.0317164 
DIff1_Matrix_St1     111.00    2701.12        nan         nan        nan         nan     28.3271     0.226394    -0.129766   -0.0520717      29.4204     0.836035    -0.169272    -0.250832      29.4293      1.65719   -0.0592875    -0.174144      32.8268    0.0965641    -0.196096   -0.0335629 
DIff1_Matrix_St1     112.00    2704.78        nan         nan        nan         nan     28.3287     0.222674    -0.130488    -0.051501      29.4181     0.814334    -0.169918    -0.245254      29.4292      1.72896   -0.0604153    -0.185143      32.8239    0.0933999    -0.196172   -0.0324757 
DIff1_Matrix_St1     113.00    2708.45        nan         nan        nan         nan     28.3248      0.22442    -0.126318   -0.0502459      29.4186     0.812466    -0.171679    -0.247228      29.4288      1.71267   -0.0611062    -0.185496      32.8266      0.09309    -0.194077   -0.0320223 
DIff1_Matrix_St1     114.00    2712.12        nan         nan        nan         nan       28.33     0.229516     -0.12386    -0.050387       29.422     0.836622     -0.16766    -0.248619      29.4282      1.68971   -0.0594779    -0.178132      32.8222    0.0920853    -0.200625   -0.0327454 
DIff1_Matrix_St1     115.00    2715.79        nan         nan        nan         nan     28.3312     0.223455    -0.127002   -0.0503008      29.4173     0.803771    -0.171249     -0.24397      29.4283      1.71269   -0.0617469    -0.187443      32.8224    0.0948298    -0.194889   -0.0327572 
DIff1_Matrix_St1     116.00    2719.45        nan         nan        nan         nan     28.3295     0.228648    -0.124709   -0.0505405      29.4198     0.837264    -0.168218    -0.249637      29.4296      1.66606   -0.0603241    -0.178138       32.816    0.0922398    -0.193817   -0.0316873 
DIff1_Matrix_St1     117.00    2723.12        nan         nan        nan         nan     28.3266     0.219434    -0.128537   -0.0499928      29.4198      0.84778    -0.166893    -0.250782      29.4282      1.68706   -0.0596749    -0.178441      32.8267    0.0914568    -0.194199   -0.0314802 
DIff1_Matrix_St1     118.00    2726.79        nan         nan        nan         nan     28.3236     0.218517     -0.12811   -0.0496184       29.417      0.76484    -0.174562    -0.236644      29.4287      1.72217    -0.062041    -0.189378      32.8178    0.0937061    -0.198527   -0.0329734 
DIff1_Matrix_St1     119.00    2730.45        nan         nan        nan         nan     28.3275     0.227713     -0.12752   -0.0514685      29.4186     0.825564    -0.171345    -0.250724      29.4292      1.65988   -0.0612523    -0.180208      32.8203    0.0957961    -0.197118   -0.0334695 
DIff1_Matrix_St1     120.00    2734.12        nan         nan        nan         nan     28.3255     0.223228    -0.128723    -0.050931      29.4211     0.800951    -0.170827    -0.242514      29.4289      1.73076   -0.0612239    -0.187816      32.8286    0.0885042    -0.209916   -0.0329294 
DIff1_Matrix_St1     121.00    2737.79        nan         nan        nan         nan     28.3255     0.222333    -0.126011   -0.0496577      29.4202     0.894561    -0.164528    -0.260871      29.4289      1.64112   -0.0588332    -0.171135      32.8173    0.0902276    -0.205774   -0.0329082 
DIff1_Matrix_St1     122.00    2741.45        nan         nan        nan         nan     28.3311     0.223488    -0.126043   -0.0499281      29.4197     0.831095    -0.168347    -0.247988      29.4286      1.68891   -0.0600604    -0.179792      32.8133    0.0889573     -0.20143     -0.03176 
DIff1_Matrix_St1     123.00    2745.12        nan         nan        nan         nan     28.3258     0.222186     -0.12695   -0.0499948       29.419     0.826552    -0.168613    -0.247022      29.4296      1.67934   -0.0609658    -0.181468       32.823     0.087811    -0.203876   -0.0317315 
DIff1_Matrix_St1     124.00    2748.79        nan         nan        nan         nan      28.329     0.224152    -0.123929   -0.0492368      29.4176     0.808534    -0.170755    -0.244707      29.4288       1.6714   -0.0612357     -0.18141      32.8267    0.0860717    -0.207123   -0.0315984 
DIff1_Matrix_St1     125.00    2752.46        nan         nan        nan         nan     28.3277     0.221809    -0.120119   -0.0472243      29.4188     0.784444    -0.172839    -0.240314      29.4293      1.75346   -0.0618925    -0.192358      32.8245    0.0904807    -0.206199   -0.0330687 
DIff1_Matrix_St1     126.00    2756.12        nan         nan        nan         nan     28.3236     0.230167     -0.12191   -0.0497343      29.4212     0.897513     -0.16313    -0.259507      29.4284      1.65058   -0.0570141    -0.166799      32.8241    0.0892993    -0.193333   -0.0306006 
DIff1_Matrix_St1     127.00    2759.79        nan         nan        nan         nan     28.3249      0.22175    -0.126641   -0.0497753      29.4172     0.828141    -0.171335    -0.251493      29.4294      1.68516   -0.0598226    -0.178682      32.8156    0.0850976    -0.215964   -0.0325742 
DIff1_Matrix_St1     128.00    2763.46        nan         nan        nan         nan     28.3227     0.225671     -0.12654    -0.050615      29.4186     0.776492    -0.173727      -0.2391      29.4292      1.74583    -0.061276    -0.189613      32.8284    0.0911336    -0.211116   -0.0341015 
DIff1_Matrix_St1     129.00    2767.12        nan         nan        nan         nan     28.3276      0.21625    -0.130578   -0.0500497       29.417     0.837232     -0.16823    -0.249646      29.4298      1.73893   -0.0586037    -0.180627      32.8079    0.0921178    -0.197992   -0.0323271 
DIff1_Matrix_St1     130.00    2770.79        nan         nan        nan         nan     28.3255       0.2283    -0.121061   -0.0489876       29.419     0.890432    -0.164464    -0.259565      29.4299      1.65524   -0.0577392    -0.169397      32.8219    0.0919575    -0.195843   -0.0319205 
DIff1_Matrix_St1     131.00    2774.46        nan         nan        nan         nan     28.3216       0.2384    -0.118099   -0.0499032       29.419     0.815269    -0.168781    -0.243893      29.4286      1.71677   -0.0610862    -0.185879      32.8157    0.0925278     -0.20268   -0.0332398 
DIff1_Matrix_St1     132.00    2778.12        nan         nan        nan         nan     28.3251     0.224115    -0.122729   -0.0487522      29.4182     0.799102     -0.17004     -0.24084      29.4289      1.73763   -0.0614872    -0.189372       32.829    0.0956687     -0.18978   -0.0321807 
DIff1_Matrix_St1     133.00    2781.79        nan         nan        nan         nan     28.3262     0.219663    -0.127683   -0.0497123      29.4192     0.867438    -0.165061     -0.25378      29.4279      1.67867   -0.0594416    -0.176861      32.8109    0.0909136     -0.20424   -0.0329113 
DIff1_Matrix_St1     134.00    2785.46        nan         nan        nan         nan     28.3238     0.218024    -0.129946   -0.0502161      29.4205     0.830916     -0.16855    -0.248234      29.4294      1.68544   -0.0609635     -0.18212      32.8167    0.0921131    -0.202103   -0.0329966 
DIff1_Matrix_St1     135.00    2789.13        nan         nan        nan         nan     28.3268     0.228916    -0.124127   -0.0503638      29.4194     0.828314    -0.170035    -0.249637      29.4293       1.7051   -0.0597636    -0.180618      32.8163    0.0871038     -0.20019   -0.0309068 
DIff1_Matrix_St1     136.00    2792.79        nan         nan        nan         nan     28.3287     0.223822    -0.128438    -0.050953      29.4174      0.76828    -0.174979    -0.238276       29.429       1.7585   -0.0630276    -0.196448      32.8179    0.0930834    -0.193695    -0.031957 
DIff1_Matrix_St1     137.00    2796.46        nan         nan        nan         nan     28.3288     0.210368    -0.131399   -0.0489947       29.418     0.837306      -0.1701    -0.252443      29.4288      1.72408   -0.0596203    -0.182191      32.8176    0.0922773    -0.200973   -0.0328706 
DIff1_Matrix_St1     138.00    2800.13        nan         nan        nan         nan     28.3247     0.230699    -0.122625   -0.0501418      29.4205     0.792224    -0.174252    -0.244681      29.4286      1.71798   -0.0608565     -0.18531      32.8234     0.094712    -0.201431   -0.0338148 
DIff1_Matrix_St1     139.00    2803.79        nan         nan        nan         nan      28.323     0.216584    -0.128489   -0.0493249        29.42     0.792451    -0.172261    -0.241955      29.4284      1.72163   -0.0622956    -0.190096      32.8235    0.0857332    -0.204613   -0.0310927 
DIff1_Matrix_St1     140.00    2807.46        nan         nan        nan         nan     28.3248     0.224761     -0.12723   -0.0506857      29.4182     0.765111    -0.173135    -0.234792       29.429      1.73097   -0.0635071    -0.194844      32.8178    0.0942899     -0.20281   -0.0338945 
DIff1_Matrix_St1     141.00    2811.13        nan         nan        nan         nan     28.3244     0.227682    -0.124573   -0.0502722      29.4203     0.833346    -0.168357    -0.248674      29.4283      1.70256   -0.0604804    -0.182512      32.8241      0.09194    -0.197194   -0.0321346 
DIff1_Matrix_St1     142.00    2814.79        nan         nan        nan         nan      28.322     0.217101    -0.126575   -0.0487064      29.4202     0.827565    -0.168042    -0.246487      29.4288      1.70184   -0.0608613    -0.183584      32.8208    0.0869749    -0.209289   -0.0322638 
DIff1_Matrix_St1     143.00    2818.46        nan         nan        nan         nan     28.3237     0.222377    -0.125104   -0.0493099      29.4206     0.851544     -0.16837    -0.254124      29.4289      1.71952    -0.059231    -0.180522      32.8207    0.0922122    -0.189375   -0.0309518 
DIff1_Matrix_St1     144.00    2822.13        nan         nan        nan         nan     28.3259      0.23099    -0.125908   -0.0515493      29.4202     0.936791    -0.160559    -0.266594      29.4305      1.62111   -0.0572895    -0.164613      32.8247    0.0874447    -0.207376   -0.0321415 
DIff1_Matrix_St1     145.00    2825.80        nan         nan        nan         nan     28.3202     0.219477    -0.128511   -0.0499925      29.4206     0.864369    -0.166623    -0.255275      29.4293      1.70666   -0.0591653    -0.178974      32.8249    0.0878322    -0.201942   -0.0314381 
DIff1_Matrix_St1     146.00    2829.46        nan         nan        nan         nan     28.3247     0.217705    -0.126426   -0.0487841      29.4189     0.818057    -0.170154    -0.246718      29.4285       1.7116   -0.0612479     -0.18581      32.8185    0.0928134    -0.201945   -0.0332215 
DIff1_Matrix_St1     147.00    2833.13        nan         nan        nan         nan     28.3265     0.224791    -0.129819   -0.0517238      29.4202     0.813151    -0.170173    -0.245265      29.4292      1.71723   -0.0610435    -0.185799      32.8216    0.0879895    -0.210037   -0.0327568 
DIff1_Matrix_St1     148.00    2836.80        nan         nan        nan         nan     28.3258     0.216796    -0.126468   -0.0485966      29.4205     0.842364    -0.167639    -0.250293      29.4295      1.72369   -0.0601289    -0.183704      32.8215    0.0875835    -0.197565   -0.0306695 
DIff1_Matrix_St1     149.00    2840.46        nan         nan        nan         nan     28.3257     0.215843    -0.129059   -0.0493744      29.4194     0.771494    -0.175808    -0.240406      29.4295      1.76369   -0.0616829    -0.192825      32.8212    0.0966832    -0.188367   -0.0322798 
DIff1_Matrix_St1     150.00    2844.13        nan         nan        nan         nan     28.3225     0.223362    -0.127615   -0.0505226      29.4206     0.845134    -0.168071    -0.251764      29.4295      1.69597   -0.0597059    -0.179477      32.8205    0.0867555    -0.203553   -0.0313004 
DIff1_Matrix_St1     151.00    2847.80        nan         nan        nan         nan     28.3233     0.220048    -0.130171   -0.0507697      29.4202     0.849504    -0.167568    -0.252308      29.4287      1.72367   -0.0593591    -0.181349      32.8192    0.0915167    -0.203183   -0.0329581 
DIff1_Matrix_St1     152.00    2851.46        nan         nan        nan         nan     28.3236     0.220168    -0.124618   -0.0486306      29.4213     0.821642    -0.168928    -0.246013      29.4285      1.71069   -0.0619579    -0.187864      32.8111    0.0862926    -0.209793   -0.0320877 
DIff1_Matrix_St1     153.00    2855.13        nan         nan        nan         nan     28.3246     0.218815    -0.127615   -0.0494941      29.4213      0.86169    -0.167609     -0.25599      29.4285       1.7004   -0.0587437    -0.177047      32.8157    0.0893928    -0.210323   -0.0333245 
DIff1_Matrix_St1     154.00    2858.80        nan         nan        nan         nan     28.3176     0.231905     -0.11897   -0.0489016      29.4206     0.809774    -0.171758    -0.246522      29.4289      1.74459   -0.0604777     -0.18701      32.8185    0.0841155    -0.213118   -0.0317739 
DIff1_Matrix_St1     155.00    2862.47        nan         nan        nan         nan     28.3247      0.21839    -0.128313   -0.0496681      29.4209     0.863134    -0.165284    -0.252862      29.4291      1.71227   -0.0592377    -0.179781      32.8204    0.0900648    -0.206865    -0.033023 
DIff1_Matrix_St1     156.00    2866.13        nan         nan        nan         nan      28.322     0.230001    -0.121298   -0.0494489      29.4216      0.91755    -0.161816    -0.263163      29.4291      1.64205   -0.0576686    -0.167842      32.8198    0.0933157    -0.187684   -0.0310425 
DIff1_Matrix_St1     157.00    2869.80        nan         nan        nan         nan     28.3228       0.2278     -0.11928   -0.0481608      29.4179     0.836976    -0.166648    -0.247222      29.4285      1.68116   -0.0626226    -0.186601      32.8268    0.0913926    -0.203634   -0.0329864 
DIff1_Matrix_St1     158.00    2873.47        nan         nan        nan         nan     28.3216     0.217705    -0.124317   -0.0479704      29.4177     0.819683    -0.168479    -0.244775      29.4296      1.71012   -0.0611597    -0.185382      32.8187    0.0895042    -0.195687   -0.0310441 
DIff1_Matrix_St1     159.00    2877.13        nan         nan        nan         nan     28.3217     0.221948    -0.123503   -0.0485851      29.4194     0.804718    -0.171721     -0.24493      29.4287      1.73954   -0.0615884    -0.189893      32.8227    0.0947804    -0.195255   -0.0328016 
DIff1_Matrix_St1     160.00    2880.80        nan         nan        nan         nan      28.323     0.219074    -0.125173   -0.0486046      29.4208     0.895027    -0.164212    -0.260505      29.4287      1.65553   -0.0586992    -0.172244       32.813    0.0851989    -0.204183   -0.0308339 
DIff1_Matrix_St1     161.00    2884.47        nan         nan        nan         nan     28.3238     0.221495    -0.125144   -0.0491301      29.4191     0.828218    -0.168246    -0.246982      29.4286      1.72064   -0.0607475    -0.185266      32.8163    0.0913441    -0.199795   -0.0323474 
DIff1_Matrix_St1     162.00    2888.13        nan         nan        nan         nan     28.3234     0.217176    -0.125093   -0.0481526      29.4179     0.838362    -0.167627    -0.249086      29.4285       1.6997   -0.0607346    -0.182971      32.8169    0.0884651    -0.209863   -0.0329066 
DIff1_Matrix_St1     163.00    2891.80        nan         nan        nan         nan     28.3203     0.210246    -0.127677    -0.047579      29.4187     0.842552    -0.166838    -0.249153      29.4293      1.70675   -0.0600371     -0.18162      32.8126    0.0891934    -0.201099   -0.0317919 
DIff1_Matrix_St1     164.00    2895.47        nan         nan        nan         nan     28.3201      0.22063    -0.125793    -0.049192      29.4158     0.785472    -0.173618    -0.241713      29.4302      1.73147   -0.0617238    -0.189427       32.815     0.098004    -0.186428   -0.0323839 
DIff1_Matrix_St1     165.00    2899.14        nan         nan        nan         nan     28.3218     0.224231     -0.12603   -0.0500893      29.4177     0.841402    -0.167574     -0.24991      29.4301      1.71507   -0.0600106    -0.182425      32.8191    0.0909755    -0.208715   -0.0336552 
DIff1_Matrix_St1     166.00    2902.80        nan         nan        nan         nan     28.3239     0.212221     -0.12451   -0.0468347      29.4217     0.855928    -0.165677    -0.251347      29.4288      1.71529   -0.0596836    -0.181454      32.8205    0.0899134    -0.204262   -0.0325528 
DIff1_Matrix_St1     167.00    2906.47        nan         nan        nan         nan     28.3248     0.224306    -0.125674   -0.0499644      29.4204     0.832278    -0.167882    -0.247655      29.4284      1.73632   -0.0595759    -0.183347      32.8147    0.0857415     -0.19939   -0.0303019 
DIff1_Matrix_St1     168.00    2910.14        nan         nan        nan         nan     28.3218     0.216558    -0.124003   -0.0475971      29.4177     0.842121     -0.16733     -0.24976       29.429      1.68804   -0.0618306    -0.184995      32.8154    0.0858147    -0.206896   -0.0314693 
DIff1_Matrix_St1     169.00    2913.80        nan         nan        nan         nan      28.322     0.218865    -0.123579   -0.0479398      29.4213     0.850368    -0.166548    -0.251027      29.4288      1.72025    -0.059956     -0.18281      32.8198    0.0929678    -0.196519   -0.0323826 
DIff1_Matrix_St1     170.00    2917.47        nan         nan        nan         nan     28.3215     0.217856    -0.124217   -0.0479652      29.4176     0.831659    -0.166934    -0.246073      29.4293      1.68657   -0.0615211    -0.183909      32.8134    0.0883586    -0.200925   -0.0314672 
DIff1_Matrix_St1     171.00    2921.14        nan         nan        nan         nan     28.3221     0.213163    -0.124584   -0.0470706      29.4199     0.837191    -0.168673    -0.250292      29.4283      1.72021   -0.0593123    -0.180843      32.8137     0.092549    -0.196757   -0.0322758 
DIff1_Matrix_St1     172.00    2924.80        nan         nan        nan         nan     28.3238     0.211498    -0.126905    -0.047573      29.4206     0.876525    -0.164741    -0.255941      29.4285      1.70275   -0.0587059    -0.177177      32.8233    0.0886366    -0.213296   -0.0335098 
DIff1_Matrix_St1     173.00    2928.47        nan         nan        nan         nan     28.3205     0.219188    -0.124779   -0.0484769      29.4196     0.832609    -0.166908    -0.246316      29.4284      1.70493   -0.0600972    -0.181609      32.8243    0.0864126      -0.2149   -0.0329146 
DIff1_Matrix_St1     174.00    2932.14        nan         nan        nan         nan     28.3214     0.214367    -0.122222   -0.0464387      29.4184     0.848888    -0.168098    -0.252922      29.4293      1.71289   -0.0595269    -0.180725      32.8057    0.0884075    -0.195081   -0.0305689 
DIff1_Matrix_St1     175.00    2935.81        nan         nan        nan         nan      28.322     0.220141     -0.12095   -0.0471933      29.4201     0.822605    -0.167815     -0.24468      29.4278      1.73503   -0.0609685    -0.187494       32.824    0.0871499    -0.200235   -0.0309302 
DIff1_Matrix_St1     176.00    2939.47        nan         nan        nan         nan     28.3233     0.220977    -0.121691   -0.0476627      29.4173      0.79762    -0.171556    -0.242536      29.4294      1.75066   -0.0604326    -0.187521      32.8145    0.0873068    -0.204697   -0.0316763 
DIff1_Matrix_St1     177.00    2943.14        nan         nan        nan         nan     28.3186     0.217045    -0.124747   -0.0479906      29.4181     0.801161    -0.170555    -0.242192      29.4281      1.71152   -0.0606594    -0.184016        32.82    0.0855052    -0.204905   -0.0310541 
DIff1_Matrix_St1     178.00    2946.81        nan         nan        nan         nan     28.3174     0.215236    -0.127358   -0.0485863      29.4196     0.824531    -0.168311    -0.245977      29.4293      1.69596   -0.0611769    -0.183899      32.8172    0.0917523    -0.203144   -0.0330366 
DIff1_Matrix_St1     179.00    2950.47        nan         nan        nan         nan     28.3201     0.225444    -0.123923   -0.0495181      29.4191     0.844794    -0.166874     -0.24987       29.428      1.73447   -0.0592176    -0.182051      32.8151    0.0910177    -0.198949   -0.0320954 
DIff1_Matrix_St1     180.00    2954.14        nan         nan        nan         nan     28.3206     0.210105    -0.125132   -0.0465993      29.4183     0.806344    -0.171801    -0.245539      29.4284      1.73542   -0.0610344    -0.187739      32.8174    0.0878165    -0.196905   -0.0306483 
DIff1_Matrix_St1     181.00    2957.81        nan         nan        nan         nan     28.3203     0.216439     -0.12752   -0.0489204      29.4178     0.810578    -0.169132    -0.242993      29.4282      1.73249    -0.061487    -0.188812      32.8202    0.0907887     -0.20165   -0.0324493 
DIff1_Matrix_St1     182.00    2961.47        nan         nan        nan         nan     28.3233     0.211564    -0.127345   -0.0477527       29.419     0.844716     -0.16592     -0.24842      29.4286      1.71213   -0.0596146    -0.180911      32.8114    0.0832492    -0.215984   -0.0318696 
DIff1_Matrix_St1     183.00    2965.14        nan         nan        nan         nan     28.3193     0.217222    -0.121336   -0.0467162      29.4178     0.834894    -0.167562     -0.24796      29.4297      1.67084   -0.0602223    -0.178348      32.8204    0.0896287    -0.194855   -0.0309553 
DIff1_Matrix_St1     184.00    2968.81        nan         nan        nan         nan     28.3185     0.226807    -0.122631    -0.049298      29.4174     0.833621    -0.167267    -0.247147      29.4288      1.73221   -0.0608946    -0.186963       32.815    0.0905126    -0.195903   -0.0314286 
DIff1_Matrix_St1     185.00    2972.48        nan         nan        nan         nan     28.3216     0.231297    -0.122025   -0.0500258      29.4185     0.834608    -0.167148    -0.247263      29.4284      1.70862   -0.0601585    -0.182187      32.8169    0.0835499    -0.212065   -0.0314044 
DIff1_Matrix_St1     186.00    2976.14        nan         nan        nan         nan     28.3211     0.210381    -0.126943    -0.047336      29.4206     0.819557    -0.169693    -0.246501      29.4274      1.74325   -0.0601848    -0.185961      32.8131    0.0881262    -0.193335   -0.0301988 
DIff1_Matrix_St1     187.00    2979.81        nan         nan        nan         nan     28.3215     0.214687    -0.121673   -0.0462995      29.4189       0.8693    -0.163461    -0.251859      29.4288      1.69065   -0.0596644     -0.17879      32.8136    0.0939926    -0.180767   -0.0301154 
DIff1_Matrix_St1     188.00    2983.48        nan         nan        nan         nan     28.3198     0.213925    -0.125455   -0.0475688      29.4196     0.811591    -0.170159    -0.244775      29.4278      1.76802   -0.0596167    -0.186823      32.8253    0.0910393    -0.190631   -0.0307608 
DIff1_Matrix_St1     189.00    2987.14        nan         nan        nan         nan      28.323      0.22229    -0.125435   -0.0494211      29.4192     0.832933    -0.168952     -0.24943      29.4285       1.7079   -0.0612095    -0.185292      32.8141    0.0884717    -0.202362   -0.0317329 
DIff1_Matrix_St1     190.00    2990.81        nan         nan        nan         nan      28.319     0.217588     -0.12538   -0.0483546      29.4198      0.83689    -0.165108    -0.244912      29.4291      1.71069   -0.0610024    -0.184966      32.8087    0.0824385    -0.218388   -0.0319105 
DIff1_Matrix_St1     191.00    2994.48        nan         nan        nan         nan     28.3196     0.221552    -0.121724   -0.0477999      29.4194     0.832061    -0.168301    -0.248208       29.429      1.74972   -0.0608927    -0.188847      32.8194    0.0901237    -0.201578      -0.0322 
DIff1_Matrix_St1     192.00    2998.14        nan         nan        nan         nan     28.3195     0.221308     -0.12177   -0.0477653      29.4203     0.829472    -0.167142    -0.245733       29.429      1.72737    -0.060841    -0.186276      32.8198    0.0876405    -0.195301   -0.0303378 
DIff1_Matrix_St1     193.00    3001.81        nan         nan        nan         nan     28.3224       0.2232    -0.121528   -0.0480777      29.4199     0.878244    -0.163952    -0.255216      29.4285      1.65821   -0.0600595    -0.176521      32.8119    0.0912427     -0.19407   -0.0313857 
DIff1_Matrix_St1     194.00    3005.48        nan         nan        nan         nan     28.3229     0.214111    -0.124181   -0.0471269      29.4209     0.863614    -0.166328    -0.254601       29.428      1.68776   -0.0588515    -0.176053      32.8195     0.089431    -0.201389   -0.0319226 
DIff1_Matrix_St1     195.00    3009.15        nan         nan        nan         nan     28.3227     0.213699    -0.123944   -0.0469466      29.4202      0.81119    -0.169048    -0.243057      29.4289      1.72183   -0.0616408    -0.188119      32.8189    0.0936956    -0.185923   -0.0308764 
DIff1_Matrix_St1     196.00    3012.81        nan         nan        nan         nan     28.3196      0.21196    -0.121509   -0.0456496      29.4177     0.793057    -0.171774    -0.241455      29.4289      1.76396   -0.0622433    -0.194606      32.8148    0.0899629    -0.198501    -0.031652 
DIff1_Matrix_St1     197.00    3016.48        nan         nan        nan         nan     28.3204     0.222689    -0.118774   -0.0468809      29.4194     0.794558    -0.170645    -0.240322      29.4286      1.77977   -0.0613319    -0.193475       32.811    0.0896898    -0.199463   -0.0317088 
DIff1_Matrix_St1     198.00    3020.15        nan         nan        nan         nan     28.3214      0.22127     -0.11935   -0.0468082      29.4192     0.799506    -0.168627    -0.238959      29.4285       1.7462   -0.0622638     -0.19271      32.8169    0.0896341    -0.203044    -0.032258 
DIff1_Matrix_St1     199.00    3023.81        nan         nan        nan         nan     28.3168     0.215921    -0.125334   -0.0479665      29.4194     0.850068    -0.165551    -0.249437      29.4289      1.71338   -0.0598599    -0.181788      32.8163    0.0947905    -0.186873   -0.0313968 
DIff1_Matrix_St1     200.00    3027.48        nan         nan        nan         nan      28.317     0.224023     -0.12131   -0.0481686      29.4182     0.792768    -0.169307      -0.2379      29.4281      1.71883   -0.0625988     -0.19071      32.8186    0.0875305    -0.189512   -0.0294016 
DIff1_Matrix_St1     201.00    3031.15        nan         nan        nan         nan     28.3207     0.218177    -0.123987    -0.047947      29.4209     0.795675    -0.170138    -0.239945      29.4283      1.73131   -0.0617333    -0.189438      32.8194    0.0866551     -0.20005   -0.0307262 
DIff1_Matrix_St1     202.00    3034.81        nan         nan        nan         nan      28.321     0.220078    -0.119837   -0.0467457      29.4204     0.878013    -0.164354    -0.255774      29.4279      1.70256    -0.058892    -0.177718      32.8119    0.0874372    -0.202404   -0.0313683 
DIff1_Matrix_St1     203.00    3038.48        nan         nan        nan         nan     28.3169     0.212821     -0.12362   -0.0466311       29.421     0.882089     -0.16357    -0.255736      29.4285      1.70168   -0.0584682    -0.176348      32.8231    0.0895298    -0.196437   -0.0311721 
DIff1_Matrix_St1     204.00    3042.15        nan         nan        nan         nan     28.3204     0.213189    -0.122753   -0.0463841      29.4218      0.86707    -0.164913    -0.253445      29.4282      1.69831   -0.0590782    -0.177836      32.8209    0.0868273    -0.201844   -0.0310633 
DIff1_Matrix_St1     205.00    3045.82        nan         nan        nan         nan     28.3224     0.212022     -0.12753   -0.0479257      29.4195     0.817754    -0.169194    -0.245235      29.4291      1.73498    -0.060547    -0.186192      32.8204    0.0920594    -0.190321   -0.0310549 
DIff1_Matrix_St1     206.00    3049.48        nan         nan        nan         nan     28.3242     0.221585    -0.118526   -0.0465509      29.4216     0.878952    -0.163904    -0.255346      29.4291      1.68352   -0.0582708    -0.173877        32.81    0.0898859    -0.189685   -0.0302204 
DIff1_Matrix_St1     207.00    3053.15        nan         nan        nan         nan      28.321     0.213098    -0.126715   -0.0478613      29.4193     0.804636    -0.169218    -0.241335      29.4279      1.77253    -0.061623    -0.193603      32.8101    0.0919577      -0.1954   -0.0318485 
DIff1_Matrix_St1     208.00    3056.82        nan         nan        nan         nan     28.3213     0.218572    -0.126482       -0.049      29.4191     0.815358    -0.169189     -0.24451      29.4272      1.72888   -0.0618235    -0.189449      32.8066    0.0847318    -0.201566   -0.0302719 
DIff1_Matrix_St1     209.00    3060.48        nan         nan        nan         nan     28.3185     0.218311    -0.127212   -0.0492242      29.4208     0.866212    -0.166196    -0.255164      29.4279      1.67553   -0.0596568    -0.177169      32.8104    0.0878652    -0.206754   -0.0321993 
DIff1_Matrix_St1     210.00    3064.15        nan         nan        nan         nan     28.3202     0.214346    -0.121145   -0.0460253      29.4185     0.813171    -0.168005    -0.242148      29.4286      1.75299    -0.061104    -0.189855      32.8163    0.0889716    -0.202461   -0.0319276 
DIff1_Matrix_St1     211.00    3067.82        nan         nan        nan         nan       28.32     0.217612    -0.123252    -0.047539      29.4191     0.866696      -0.1657    -0.254545      29.4295      1.70167   -0.0593682    -0.179063      32.8013    0.0808039    -0.210073   -0.0300869 
DIff1_Matrix_St1     212.00    3071.48        nan         nan        nan         nan     28.3221     0.218292    -0.122503   -0.0473979      29.4193     0.809936    -0.168216    -0.241487      29.4287      1.77213   -0.0614032    -0.192869      32.8169    0.0874103    -0.202642   -0.0313955 
DIff1_Matrix_St1     213.00    3075.15        nan         nan        nan         nan     28.3208     0.218332    -0.121636   -0.0470712      29.4185     0.841261    -0.166498    -0.248264      29.4286      1.70727   -0.0610636    -0.184782      32.8175    0.0865961    -0.196258   -0.0301231 
DIff1_Matrix_St1     214.00    3078.82        nan         nan        nan         nan     28.3171     0.221564     -0.11867   -0.0466032      29.4191      0.79978      -0.1702    -0.241272      29.4283      1.73783   -0.0612221    -0.188578      32.8106    0.0861957    -0.193101   -0.0295015 
DIff1_Matrix_St1     215.00    3082.49        nan         nan        nan         nan     28.3209     0.218678     -0.12482   -0.0483799      29.4195     0.840912    -0.165385    -0.246503      29.4285      1.72988   -0.0602765    -0.184816      32.8171    0.0856679    -0.209006   -0.0317359 
DIff1_Matrix_St1     216.00    3086.15        nan         nan        nan         nan     28.3187     0.210031    -0.130362     -0.04853      29.4221     0.863643    -0.164219     -0.25138      29.4275       1.7337   -0.0593382    -0.182341      32.8098    0.0907101    -0.198458    -0.031908 
DIff1_Matrix_St1     217.00    3089.82        nan         nan        nan         nan     28.3196     0.219541     -0.11986   -0.0466407      29.4193     0.840986    -0.166572    -0.248294      29.4291      1.74889   -0.0596234    -0.184823      32.8103    0.0859051    -0.201183   -0.0306327 
DIff1_Matrix_St1     218.00    3093.49        nan         nan        nan         nan     28.3152     0.232163    -0.114811   -0.0472443      29.4204     0.864955    -0.165757    -0.254121      29.4283      1.69944   -0.0599216    -0.180495      32.8149    0.0866983    -0.207036   -0.0318149 
DIff1_Matrix_St1     219.00    3097.15        nan         nan        nan         nan     28.3168     0.217109     -0.12437   -0.0478595      29.4173     0.822461    -0.168121    -0.245082      29.4294      1.74209    -0.061313    -0.189321      32.8122    0.0842791    -0.196311   -0.0293251 
DIff1_Matrix_St1     220.00    3100.82        nan         nan        nan         nan     28.3184     0.217013     -0.12264    -0.047173       29.419     0.802846    -0.169369    -0.241013      29.4293      1.72303   -0.0619401    -0.189164      32.8087    0.0840961    -0.203198   -0.0302879 
DIff1_Matrix_St1     221.00    3104.49        nan         nan        nan         nan     28.3165     0.219911    -0.120883   -0.0471179      29.4194     0.803852     -0.17054    -0.242983      29.4286       1.7142    -0.062118    -0.188735      32.8164    0.0942802    -0.186582   -0.0311792 
DIff1_Matrix_St1     222.00    3108.15        nan         nan        nan         nan     28.3193     0.216202    -0.117065   -0.0448602       29.419     0.841185    -0.165835    -0.247253       29.428      1.71298   -0.0611066     -0.18553      32.8097    0.0860501    -0.202165   -0.0308341 
DIff1_Matrix_St1     223.00    3111.82        nan         nan        nan         nan     28.3195     0.213046    -0.127791   -0.0482557      29.4189     0.867689    -0.164167    -0.252479      29.4289      1.67837   -0.0593443    -0.176539      32.8149    0.0879744    -0.198688   -0.0309815 
DIff1_Matrix_St1     224.00    3115.49        nan         nan        nan         nan     28.3208     0.218424    -0.123992   -0.0480032      29.4202     0.816833    -0.168297     -0.24366      29.4277      1.71756   -0.0606903     -0.18476      32.8051    0.0853146    -0.195671   -0.0295886 
DIff1_Matrix_St1     225.00    3119.16        nan         nan        nan         nan     28.3187     0.212179    -0.124256   -0.0467301      29.4198     0.858179    -0.164669    -0.250475      29.4281      1.70997   -0.0595919    -0.180614      32.8137     0.089365    -0.188213   -0.0298121 
DIff1_Matrix_St1     226.00    3122.82        nan         nan        nan         nan     28.3201     0.220756    -0.120061   -0.0469775      29.4202     0.841199    -0.165722    -0.247089      29.4292      1.70494   -0.0605384    -0.182943      32.8166    0.0852261    -0.203439   -0.0307313 
DIff1_Matrix_St1     227.00    3126.49        nan         nan        nan         nan     28.3186      0.21904     -0.12304   -0.0477689      29.4197     0.901442    -0.160442    -0.256349      29.4299      1.69837   -0.0581002    -0.174898      32.8109    0.0873345    -0.206986   -0.0320407 
DIff1_Matrix_St1     228.00    3130.16        nan         nan        nan         nan     28.3191     0.209967    -0.123744   -0.0460523      29.4196     0.828364    -0.167535    -0.245981      29.4283      1.73219   -0.0611037    -0.187602      32.8071    0.0866411    -0.206028   -0.0316391 
DIff1_Matrix_St1     229.00    3133.82        nan         nan        nan         nan     28.3174     0.221391    -0.121887   -0.0478291      29.4185     0.855064    -0.165118    -0.250247      29.4286      1.73886   -0.0593802    -0.183013      32.8164    0.0904492    -0.200258   -0.0321048 
DIff1_Matrix_St1     230.00    3137.49        nan         nan        nan         nan     28.3223      0.22068    -0.119477   -0.0467328      29.4177     0.830049    -0.167954    -0.247098      29.4288      1.69864   -0.0613581    -0.184735      32.8111     0.085824    -0.198374   -0.0301764 
DIff1_Matrix_St1     231.00    3141.16        nan         nan        nan         nan     28.3205     0.210822    -0.125634    -0.046946      29.4172      0.78218    -0.169718    -0.235294      29.4291      1.77482   -0.0626848    -0.197193      32.8028     0.088176    -0.194014    -0.030322 
DIff1_Matrix_St1     232.00    3144.82        nan         nan        nan         nan     28.3187     0.222566     -0.11935   -0.0470822      29.4178     0.846777    -0.165302    -0.248098      29.4286       1.7483   -0.0596235    -0.184761      32.8087    0.0924937    -0.189667   -0.0310941 
DIff1_Matrix_St1     233.00    3148.49        nan         nan        nan         nan     28.3194     0.221413     -0.12198   -0.0478706      29.4182     0.811243    -0.167225    -0.240451      29.4292      1.74213    -0.062208    -0.192088        32.81    0.0878696    -0.198768    -0.030957 
DIff1_Matrix_St1     234.00    3152.16        nan         nan        nan         nan     28.3194     0.221198    -0.123203   -0.0483033      29.4187     0.878733    -0.163492    -0.254641      29.4292      1.70031   -0.0594584    -0.179191      32.8112    0.0856216    -0.210006   -0.0318705 
DIff1_Matrix_St1     235.00    3155.83        nan         nan        nan         nan      28.321     0.205722    -0.124975   -0.0455699      29.4198     0.851399    -0.166216    -0.250831      29.4277      1.71978   -0.0604164    -0.184163      32.8113    0.0883656    -0.201001   -0.0314816 
DIff1_Matrix_St1     236.00    3159.49        nan         nan        nan         nan     28.3201     0.217092     -0.12502    -0.048106      29.4221     0.904544     -0.16057    -0.257437      29.4282      1.64952   -0.0597569    -0.174711      32.8095    0.0878963    -0.193367   -0.0301251 
DIff1_Matrix_St1     237.00    3163.16        nan         nan        nan         nan      28.317     0.211415      -0.1276   -0.0478148      29.4218     0.920893    -0.159453    -0.260266      29.4279      1.62915   -0.0574685    -0.165946      32.8114    0.0879761    -0.201328   -0.0313939 
DIff1_Matrix_St1     238.00    3166.83        nan         nan        nan         nan     28.3185     0.218011    -0.122805   -0.0474537      29.4187     0.838587    -0.166674    -0.247737       29.429      1.73544   -0.0596208    -0.183392       32.809    0.0859469    -0.185253   -0.0282209 
DIff1_Matrix_St1     239.00    3170.49        nan         nan        nan         nan     28.3192     0.217544    -0.119319   -0.0460076      29.4208     0.790069    -0.173653    -0.243177      29.4283       1.7486   -0.0626835    -0.194276      32.8052    0.0851387    -0.210202   -0.0317204 
DIff1_Matrix_St1     240.00    3174.16        nan         nan        nan         nan     28.3207     0.214619    -0.121392   -0.0461777       29.418     0.873617    -0.162146    -0.251074      29.4297      1.69515   -0.0602422    -0.181002      32.8103    0.0898448    -0.197695   -0.0314821 
DIff1_Matrix_St1     241.00    3177.83        nan         nan        nan         nan      28.321     0.214248    -0.118975   -0.0451803      29.4196     0.891537    -0.161626    -0.255402      29.4274      1.68104   -0.0591727    -0.176309      32.8041    0.0861515    -0.190078   -0.0290248 
DIff1_Matrix_St1     242.00    3181.49        nan         nan        nan         nan     28.3205     0.218249    -0.122652   -0.0474461      29.4203     0.866208    -0.163462    -0.250965      29.4289       1.6819   -0.0607871    -0.181212       32.815    0.0879961    -0.190781    -0.029756 
DIff1_Matrix_St1     243.00    3185.16        nan         nan        nan         nan     28.3208     0.210017    -0.124597   -0.0463806       29.419     0.791717    -0.168357    -0.236252       29.428       1.7842   -0.0619397    -0.195879      32.8098    0.0900095    -0.189448   -0.0302241 
DIff1_Matrix_St1     244.00    3188.83        nan         nan        nan         nan     28.3185     0.222512    -0.121531   -0.0479308      29.4181     0.815204    -0.167986    -0.242724       29.429      1.76732   -0.0612398    -0.191833      32.8082    0.0921823    -0.200668   -0.0327869 
DIff1_Matrix_St1     245.00    3192.50        nan         nan        nan         nan     28.3217     0.213843    -0.125991    -0.047754      29.4194     0.928015    -0.158386    -0.260523      29.4285      1.67942   -0.0574717    -0.171076      32.8076    0.0854624    -0.211305   -0.0320082 
DIff1_Matrix_St1     246.00    3196.16        nan         nan        nan         nan     28.3179     0.224413    -0.116586   -0.0463736      29.4204     0.892107    -0.160461    -0.253725      29.4288      1.67331     -0.05881    -0.174422      32.8203    0.0899356    -0.196431   -0.0313125 
DIff1_Matrix_St1     247.00    3199.83        nan         nan        nan         nan     28.3213      0.22045    -0.119961   -0.0468733      29.4203     0.837761    -0.164165    -0.243767      29.4287      1.70957   -0.0608335    -0.184334      32.8078    0.0876529    -0.192464   -0.0299013 
DIff1_Matrix_St1     248.00    3203.50        nan         nan        nan         nan       28.32     0.223261    -0.120694   -0.0477611      29.4188     0.881959    -0.161427    -0.252348      29.4292      1.71185   -0.0583314    -0.176988      32.8199    0.0870093    -0.202422   -0.0312175 
DIff1_Matrix_St1     249.00    3207.16        nan         nan        nan         nan     28.3183      0.21715    -0.116896   -0.0449916      29.4182     0.813927    -0.168699    -0.243374      29.4294      1.70856   -0.0608596    -0.184304      32.8014    0.0852291     -0.20131   -0.0304108 
DIff1_Matrix_St1     250.00    3210.83        nan         nan        nan         nan     28.3188     0.218392    -0.118167   -0.0457411      29.4203     0.803696    -0.170649    -0.243092      29.4291      1.79653   -0.0610438    -0.194379      32.8136    0.0878218    -0.183928   -0.0286303 
DIff1_Matrix_St1     251.00    3214.50        nan         nan        nan         nan     28.3211     0.212299    -0.119449   -0.0449474      29.4184     0.920161    -0.159716    -0.260487      29.4292      1.66699   -0.0576406    -0.170309      32.8066    0.0913897     -0.19631   -0.0317991 
DIff1_Matrix_St1     252.00    3218.16        nan         nan        nan         nan     28.3197     0.210675     -0.12428   -0.0464076      29.4194     0.830935    -0.165992    -0.244472      29.4286      1.72693   -0.0610078    -0.186739      32.8065    0.0880603    -0.201617   -0.0314689 
DIff1_Matrix_St1     253.00    3221.83        nan         nan        nan         nan     28.3205     0.225209     -0.11935   -0.0476411      29.4182     0.750038    -0.174673    -0.232212      29.4293      1.81508     -0.06286    -0.202229      32.8136    0.0841909    -0.207617   -0.0309816 
DIff1_Matrix_St1     254.00    3225.50        nan         nan        nan         nan     28.3183     0.219908    -0.118123   -0.0460417      29.4209     0.810816    -0.167488    -0.240703       29.429      1.75841   -0.0610388     -0.19024      32.8156     0.084528    -0.201503   -0.0301896 
DIff1_Matrix_St1     255.00    3229.17        nan         nan        nan         nan     28.3176     0.219631    -0.122912    -0.047848      29.4173     0.868164    -0.162687     -0.25034      29.4298      1.67516   -0.0611172    -0.181466      32.8119    0.0862581    -0.201901   -0.0308684 
DIff1_Matrix_St1     256.00    3232.83        nan         nan        nan         nan     28.3211     0.211073    -0.125791   -0.0470605      29.4217     0.971187    -0.154728    -0.266347      29.4276       1.6181   -0.0572682    -0.164245      32.8153    0.0876511    -0.201876   -0.0313629 
DIff1_Matrix_St1     257.00    3236.50        nan         nan        nan         nan     28.3167     0.210136    -0.125494   -0.0467408      29.4206     0.895742    -0.161896    -0.257036      29.4296      1.70675   -0.0580448    -0.175593      32.8142    0.0872817    -0.194043   -0.0300189 
