DIff1_Matrix_St1	1	2279.27	199.65	-0.0221	0.0214	0.0077	28.7709	34.1457	-0.108446	-6.56332	29.5703	15.5776	-0.326606	-9.0178	29.6206	86.9519	-0.063906	-9.84909	33.3434	11.5381	-0.16529	-3.3803
DIff1_Matrix_St1	2	2282.77	199.77	0.0025	0.0217	0.0082	28.7686	33.4347	-0.105386	-6.24532	29.5674	15.7773	-0.32694	-9.14269	29.6201	87.796	-0.0638491	-9.93583	33.3421	11.6601	-0.167451	-3.46069
DIff1_Matrix_St1	3	2286.27	200.79	-0.0239	0.0216	0.0075	28.7699	33.5206	-0.108178	-6.42728	29.5687	15.2445	-0.32362	-8.74427	29.6202	88.7362	-0.0648279	-10.1962	33.3478	11.7348	-0.170837	-3.55332
DIff1_Matrix_St1	4	2289.77	200.47	-0.0105	0.0216	0.0082	28.7695	32.9808	-0.110053	-6.43335	29.5723	15.8394	-0.319049	-8.95715	29.6198	86.9052	-0.0644786	-9.93199	33.345	11.2673	-0.173708	-3.46909
DIff1_Matrix_St1	5	2293.27	200.25	0.0131	0.0215	0.0059	28.7702	32.9678	-0.109194	-6.38064	29.572	16.4888	-0.309105	-9.03381	29.6198	88.0617	-0.0635509	-9.91935	33.3427	11.5972	-0.164941	-3.39045
DIff1_Matrix_St1	6	2296.77	200.13	-0.0119	0.0215	0.0074	28.7688	33.398	-0.107632	-6.37145	29.5757	16.6206	-0.298237	-8.78586	29.6199	87.506	-0.0643747	-9.98453	33.3454	11.1085	-0.174868	-3.44302
DIff1_Matrix_St1	7	2300.27	199.8	-0.0047	0.0215	0.0067	28.77	33.4204	-0.108553	-6.43025	29.5769	17.0021	-0.299718	-9.03215	29.6193	86.6593	-0.0635637	-9.76336	33.3462	11.3017	-0.170546	-3.41634
DIff1_Matrix_St1	8	2303.77	200.33	-0.0235	0.0215	0.0076	28.7678	33.4131	-0.10707	-6.34101	29.581	16.0302	-0.304247	-8.64453	29.6194	87.2457	-0.0652493	-10.0901	33.3433	11.4319	-0.166139	-3.36638
DIff1_Matrix_St1	9	2307.27	199.99	-0.0095	0.0215	0.0066	28.77	33.5233	-0.108797	-6.46453	29.5802	16.5941	-0.297656	-8.75473	29.6191	87.2056	-0.0645553	-9.97817	33.3443	11.4974	-0.165151	-3.36555
DIff1_Matrix_St1	10	2310.77	199.66	0.0128	0.0216	0.007	28.7711	32.4238	-0.111441	-6.40446	29.5799	17.4137	-0.289532	-8.93637	29.6194	87.7453	-0.0628248	-9.7708	33.3462	11.449	-0.166577	-3.3803
DIff1_Matrix_St1	11	2314.27	199.48	-0.0155	0.0214	0.0068	28.769	33.6328	-0.107288	-6.39571	29.5808	17.5144	-0.287898	-8.93737	29.6194	86.0366	-0.0639835	-9.75722	33.3483	11.3633	-0.16589	-3.34118
DIff1_Matrix_St1	12	2317.77	199.38	-0.0093	0.0216	0.0073	28.7702	33.3681	-0.108029	-6.38919	29.583	18.0239	-0.288024	-9.20137	29.6194	87.5209	-0.0624574	-9.68881	33.3448	11.227	-0.169404	-3.37102
DIff1_Matrix_St1	13	2321.27	199.95	0.0059	0.0215	0.007	28.7695	32.8608	-0.109363	-6.36975	29.5793	18.0285	-0.284909	-9.10419	29.6195	86.6428	-0.0628275	-9.64845	33.3403	11.6922	-0.163265	-3.38349
DIff1_Matrix_St1	14	2324.77	200.33	-0.0121	0.0215	0.007	28.7704	34.1417	-0.106529	-6.44653	29.5794	17.4573	-0.286766	-8.87321	29.6201	86.227	-0.0638284	-9.7551	33.3453	11.8255	-0.161419	-3.38336
DIff1_Matrix_St1	15	2328.27	200.46	-0.001	0.0216	0.0064	28.7691	33.3704	-0.10853	-6.41927	29.5786	17.0878	-0.290719	-8.80513	29.6198	89.3678	-0.0631833	-10.0083	33.3429	11.5212	-0.163757	-3.34404
DIff1_Matrix_St1	16	2331.77	200.55	-0.0253	0.0209	0.0075	28.7682	33.6093	-0.106632	-6.35219	29.5769	17.4047	-0.290305	-8.95562	29.6195	87.1378	-0.0640391	-9.8907	33.3404	11.5118	-0.164469	-3.35584
DIff1_Matrix_St1	17	2335.27	200.22	0.0342	0.0215	0.0065	28.7712	33.1238	-0.108963	-6.39726	29.5832	17.5009	-0.2841	-8.81264	29.6194	87.0318	-0.0635902	-9.80942	33.3459	11.4753	-0.167537	-3.40763
DIff1_Matrix_St1	18	2338.77	200.77	-0.0062	0.0211	0.0076	28.7694	33.2869	-0.107306	-6.33098	29.5832	17.5122	-0.288335	-8.94983	29.6186	86.2317	-0.0649834	-9.93218	33.3431	11.7235	-0.16668	-3.46351
DIff1_Matrix_St1	19	2342.27	199.42	-0.0189	0.0215	0.0076	28.7698	33.9259	-0.105018	-6.31498	29.5818	18.5501	-0.277065	-9.10966	29.619	86.0198	-0.0627802	-9.57186	33.3434	11.1931	-0.168389	-3.34072
DIff1_Matrix_St1	20	2345.77	200.33	-0.0145	0.0215	0.0087	28.7696	33.5508	-0.106191	-6.3149	29.5818	17.7085	-0.283788	-8.90739	29.6184	87.1371	-0.0641992	-9.91534	33.3432	11.7074	-0.160877	-3.33834
DIff1_Matrix_St1	21	2349.27	200.83	-0.0016	0.0216	0.006	28.7688	33.8532	-0.107005	-6.42063	29.58	17.9774	-0.278183	-8.86407	29.619	86.7654	-0.0638287	-9.81607	33.3413	11.4419	-0.167122	-3.38926
DIff1_Matrix_St1	22	2352.77	200.35	-0.0133	0.0216	0.0092	28.7691	33.1018	-0.108336	-6.35622	29.5808	18.0863	-0.278559	-8.9298	29.6197	86.0493	-0.0635354	-9.69032	33.3448	11.419	-0.166757	-3.37509
DIff1_Matrix_St1	23	2356.27	199.6	-0.0145	0.0215	0.0082	28.7701	33.3727	-0.108852	-6.43879	29.5839	18.2782	-0.279292	-9.04829	29.6186	86.3017	-0.0631109	-9.6538	33.3425	11.3425	-0.168183	-3.38115
DIff1_Matrix_St1	24	2359.77	199.78	0.0086	0.0215	0.0092	28.7686	32.5855	-0.10682	-6.16951	29.5817	18.8005	-0.271045	-9.03202	29.6197	85.9449	-0.0626235	-9.53964	33.3402	11.4268	-0.164578	-3.33327
DIff1_Matrix_St1	25	2363.27	199.99	-0.0082	0.0211	0.0075	28.7687	33.4047	-0.108357	-6.41563	29.5811	18.254	-0.277742	-8.98615	29.6194	87.3393	-0.0633096	-9.80064	33.3452	11.4308	-0.165677	-3.35671
DIff1_Matrix_St1	26	2366.77	200.16	-0.019	0.0216	0.0066	28.7686	32.7932	-0.109435	-6.36083	29.5839	18.6752	-0.275038	-9.10403	29.6195	86.2241	-0.0629616	-9.6223	33.3422	11.204	-0.170558	-3.38705
DIff1_Matrix_St1	27	2370.27	200.67	-0.0185	0.0211	0.0102	28.7699	33.1189	-0.108143	-6.34816	29.5847	18.758	-0.273904	-9.10668	29.6194	85.2729	-0.063554	-9.60569	33.346	10.9181	-0.173884	-3.36498
DIff1_Matrix_St1	28	2373.77	200.43	0.0036	0.0211	0.0087	28.7704	32.2619	-0.111411	-6.37078	29.5824	18.8515	-0.270073	-9.02405	29.6199	87.2222	-0.0622707	-9.62688	33.3431	11.0763	-0.166951	-3.27762
DIff1_Matrix_St1	29	2377.27	200.74	-0.0348	0.021	0.0068	28.7694	31.828	-0.110305	-6.22272	29.5849	18.815	-0.273897	-9.13414	29.619	86.4432	-0.0628668	-9.63224	33.3423	11.4074	-0.167885	-3.39448
DIff1_Matrix_St1	30	2380.77	199.53	-0.0209	0.0211	0.0067	28.7704	32.5932	-0.110051	-6.35762	29.5791	17.9909	-0.275129	-8.77334	29.6189	87.1566	-0.0641013	-9.90244	33.3401	11.4368	-0.170738	-3.46107
DIff1_Matrix_St1	31	2384.27	199.91	-0.0133	0.0216	0.0057	28.7697	32.5005	-0.109956	-6.33406	29.5847	18.3076	-0.269628	-8.74927	29.6191	86.3602	-0.0643115	-9.84412	33.3419	11.6846	-0.165567	-3.42896
DIff1_Matrix_St1	32	2387.77	200.28	-0.0059	0.0211	0.0074	28.7692	32.6089	-0.109767	-6.3443	29.5813	18.2597	-0.278081	-8.99992	29.6186	86.6161	-0.0630567	-9.68066	33.3401	11.3507	-0.171955	-3.4595
DIff1_Matrix_St1	33	2391.27	200.81	-0.0164	0.0212	0.0072	28.7704	32.7673	-0.106483	-6.18436	29.5838	19.2077	-0.265172	-9.02773	29.6192	86.4365	-0.0617759	-9.46437	33.3398	11.4697	-0.167648	-3.4082
DIff1_Matrix_St1	34	2394.77	200.04	-0.003	0.0215	0.0066	28.7682	33.015	-0.108406	-6.34363	29.5804	18.462	-0.271313	-8.8782	29.6188	86.7625	-0.063412	-9.75165	33.3448	11.7188	-0.161235	-3.34903
DIff1_Matrix_St1	35	2398.27	199.54	-0.0038	0.0215	0.0083	28.7694	32.7927	-0.1094	-6.35873	29.5821	19.1263	-0.269211	-9.12635	29.6185	86.1397	-0.0630158	-9.62116	33.3419	11.693	-0.160942	-3.33558
DIff1_Matrix_St1	36	2401.77	199.29	-0.0144	0.0211	0.0081	28.7695	32.7736	-0.109369	-6.35324	29.5802	18.9331	-0.269403	-9.04066	29.6192	87.3422	-0.0634104	-9.81656	33.3391	11.5755	-0.167507	-3.43675
DIff1_Matrix_St1	37	2405.27	199.99	-0.0141	0.0215	0.0086	28.7691	33.26	-0.107474	-6.33578	29.5806	18.3033	-0.274847	-8.91649	29.619	85.3426	-0.0646849	-9.78462	33.344	11.1636	-0.168925	-3.34251
DIff1_Matrix_St1	38	2408.77	200.21	-0.0043	0.0215	0.0076	28.7689	32.5274	-0.109782	-6.32929	29.5779	18.05	-0.273969	-8.76505	29.6187	86.6902	-0.0647054	-9.94228	33.3413	11.6358	-0.169657	-3.499
DIff1_Matrix_St1	39	2412.27	200.38	-0.015	0.0215	0.0076	28.7699	33.7335	-0.106125	-6.34535	29.5857	19.6798	-0.259426	-9.04919	29.6196	86.1045	-0.0623936	-9.52228	33.3429	11.1789	-0.171464	-3.39742
DIff1_Matrix_St1	40	2415.77	200.55	0.0135	0.0215	0.0086	28.7687	32.7822	-0.108546	-6.30708	29.5799	18.2831	-0.2767	-8.96671	29.619	86.9698	-0.0638115	-9.83654	33.3448	11.808	-0.164887	-3.45093
DIff1_Matrix_St1	41	2419.27	199.4	0.0055	0.0217	0.0077	28.7688	33.3595	-0.105912	-6.26239	29.5831	19.1691	-0.264639	-8.99147	29.6191	86.2101	-0.0637521	-9.74153	33.3403	11.4614	-0.170153	-3.45661
DIff1_Matrix_St1	42	2422.77	200.71	0.0164	0.0211	0.0075	28.7684	33.1206	-0.108244	-6.35442	29.5837	19.0239	-0.264098	-8.90511	29.6193	85.8267	-0.0631415	-9.60532	33.3415	11.4683	-0.168616	-3.42746
DIff1_Matrix_St1	43	2426.27	199.53	-0.0002	0.021	0.0074	28.7684	32.8797	-0.109943	-6.40721	29.5845	19.0119	-0.264205	-8.90311	29.6197	87.7585	-0.063265	-9.84073	33.3421	11.4851	-0.166365	-3.38666
DIff1_Matrix_St1	44	2429.77	199.61	-0.0067	0.0217	0.0086	28.7695	32.6324	-0.107841	-6.23745	29.5801	18.7148	-0.26666	-8.84538	29.6192	85.855	-0.063668	-9.68861	33.3394	11.3154	-0.17103	-3.43016
DIff1_Matrix_St1	45	2433.27	199.96	0.0058	0.0214	0.0079	28.7686	32.8019	-0.108716	-6.32075	29.5804	18.7882	-0.269561	-8.9767	29.619	86.1453	-0.0641787	-9.79936	33.3382	11.1543	-0.168972	-3.34065
DIff1_Matrix_St1	46	2436.77	199.94	-0.0144	0.0217	0.007	28.7688	33.017	-0.108815	-6.36798	29.5826	18.9035	-0.269577	-9.03233	29.6186	86.1733	-0.0636379	-9.71994	33.3408	11.6845	-0.164729	-3.41158
DIff1_Matrix_St1	47	2440.27	200.2	-0.0104	0.021	0.0076	28.7675	32.5689	-0.109778	-6.33716	29.5845	19.031	-0.267252	-9.01481	29.6192	86.5498	-0.0630088	-9.66589	33.345	11.5059	-0.164859	-3.36206
DIff1_Matrix_St1	48	2443.77	200.31	-0.0031	0.0215	0.0075	28.7679	33.0206	-0.108364	-6.34226	29.5828	18.6825	-0.268329	-8.88541	29.6182	86.9623	-0.0639417	-9.85576	33.3373	11.3942	-0.163282	-3.29759
DIff1_Matrix_St1	49	2447.27	199.71	0.0077	0.0215	0.0086	28.7684	32.4476	-0.109929	-6.32221	29.5844	19.9045	-0.259028	-9.13846	29.6188	86.315	-0.0622934	-9.53023	33.3386	11.5058	-0.162612	-3.31622
DIff1_Matrix_St1	50	2450.77	200.48	-0.0164	0.0218	0.0081	28.7682	32.5557	-0.108674	-6.27087	29.5869	19.6586	-0.262468	-9.14546	29.618	86.688	-0.0631864	-9.70862	33.3414	11.4359	-0.164746	-3.33934
DIff1_Matrix_St1	51	2454.27	200.82	0.0086	0.0215	0.0093	28.769	33.0238	-0.108887	-6.3735	29.5831	18.842	-0.263927	-8.81425	29.6193	87.335	-0.0637245	-9.86438	33.3431	11.5571	-0.157896	-3.23442
DIff1_Matrix_St1	52	2457.77	200.24	-0.0274	0.0215	0.0082	28.7684	33.2017	-0.107797	-6.3437	29.5831	19.2488	-0.262276	-8.94823	29.6192	86.4835	-0.063256	-9.69638	33.3403	11.1677	-0.170259	-3.37015
DIff1_Matrix_St1	53	2461.27	200.61	-0.0099	0.0215	0.0071	28.7689	32.7242	-0.10821	-6.27639	29.5828	19.2842	-0.262451	-8.97069	29.6189	87.3095	-0.0631467	-9.77208	33.3405	11.3365	-0.17058	-3.42753
DIff1_Matrix_St1	54	2464.77	200.58	-0.0144	0.0216	0.0073	28.7685	32.0018	-0.110899	-6.29039	29.5843	19.0232	-0.264527	-8.91928	29.619	86.4802	-0.06311	-9.67364	33.3409	11.7118	-0.162356	-3.37028
DIff1_Matrix_St1	55	2468.27	199.48	-0.0307	0.0216	0.0085	28.7679	32.9774	-0.106793	-6.24213	29.5855	19.7731	-0.262996	-9.21719	29.6182	87.648	-0.0622546	-9.67138	33.3394	11.7858	-0.160909	-3.36136
DIff1_Matrix_St1	56	2471.77	199.31	-0.0168	0.0206	0.0061	28.7693	32.5386	-0.106964	-6.16898	29.5879	20.115	-0.257876	-9.19401	29.6192	87.4547	-0.0621749	-9.63769	33.338	11.4252	-0.166311	-3.36791
DIff1_Matrix_St1	57	2475.27	200.86	-0.0192	0.0211	0.0079	28.7684	33.1556	-0.107163	-6.29763	29.5831	20.0879	-0.255917	-9.1119	29.6188	87.8761	-0.0617626	-9.61992	33.3379	11.3344	-0.166484	-3.34462
DIff1_Matrix_St1	58	2478.77	199.83	-0.0172	0.0213	0.0068	28.7688	32.4874	-0.108162	-6.22821	29.586	20.265	-0.254726	-9.14943	29.6189	86.2677	-0.0619121	-9.4667	33.3381	11.4855	-0.164134	-3.34134
DIff1_Matrix_St1	59	2482.27	199.37	-0.0162	0.0215	0.0086	28.7684	32.5752	-0.10953	-6.32406	29.5831	19.4292	-0.261019	-8.98879	29.6185	86.3273	-0.0625968	-9.57801	33.3419	11.2501	-0.169159	-3.37309
DIff1_Matrix_St1	60	2485.77	199.39	-0.0099	0.0214	0.0086	28.7694	32.0656	-0.109309	-6.21257	29.585	19.4385	-0.259197	-8.93036	29.6183	86.4236	-0.0630396	-9.65653	33.3389	11.4625	-0.167118	-3.39529
DIff1_Matrix_St1	61	2489.27	200.14	0.0106	0.0216	0.0096	28.7702	32.6685	-0.109152	-6.32027	29.5826	19.2949	-0.264327	-9.03981	29.6188	86.6503	-0.06342	-9.74028	33.3424	11.7378	-0.160437	-3.33786
DIff1_Matrix_St1	62	2492.77	200.23	-0.0062	0.0209	0.0074	28.7695	32.7392	-0.108729	-6.30939	29.5812	18.883	-0.265133	-8.87379	29.6194	86.4186	-0.0638085	-9.77373	33.3403	11.3449	-0.167594	-3.37002
DIff1_Matrix_St1	63	2496.27	200.52	0.0091	0.0216	0.0091	28.7694	32.2951	-0.109632	-6.27553	29.5837	19.984	-0.258056	-9.14052	29.6193	86.2247	-0.062691	-9.58103	33.3389	11.3164	-0.168289	-3.3755
DIff1_Matrix_St1	64	2499.78	200.53	-0.017	0.0215	0.0083	28.7682	33.0068	-0.108836	-6.36725	29.5832	19.6338	-0.26131	-9.09361	29.619	86.7244	-0.0630271	-9.68821	33.3414	11.4068	-0.168722	-3.41122
DIff1_Matrix_St1	65	2503.28	199.9	-0.0215	0.0211	0.0095	28.7674	32.2797	-0.111072	-6.35491	29.5835	20.255	-0.256626	-9.21316	29.6189	87.2624	-0.0623938	-9.65036	33.3371	11.8863	-0.160271	-3.37659
DIff1_Matrix_St1	66	2506.78	199.95	-0.0173	0.0216	0.0113	28.7688	32.2115	-0.109307	-6.24074	29.5828	20.2662	-0.25412	-9.1282	29.6186	85.892	-0.0628576	-9.56942	33.3387	11.5102	-0.164351	-3.35297
DIff1_Matrix_St1	67	2510.28	200	0.0131	0.0215	0.0107	28.7681	32.7149	-0.106971	-6.20276	29.5829	19.5922	-0.263913	-9.16471	29.6196	85.1715	-0.0644537	-9.73009	33.3396	11.4047	-0.167559	-3.3871
DIff1_Matrix_St1	68	2513.78	199.63	-0.0316	0.0215	0.0109	28.7689	33.0887	-0.107477	-6.30331	29.583	20.2721	-0.253804	-9.11952	29.6193	86.6548	-0.0625431	-9.6061	33.3402	11.1539	-0.169551	-3.35201
DIff1_Matrix_St1	69	2517.28	199.42	0.0023	0.0217	0.0107	28.7694	33.5208	-0.107154	-6.36643	29.5856	20.826	-0.250712	-9.25456	29.619	86.6207	-0.0616641	-9.46737	33.3387	10.9007	-0.169587	-3.27658
DIff1_Matrix_St1	70	2520.78	199.41	0.0125	0.0216	0.012	28.7696	32.895	-0.107282	-6.25508	29.585	20.4645	-0.251682	-9.12911	29.6183	87.8338	-0.0619275	-9.64097	33.3416	11.4911	-0.164069	-3.34166
DIff1_Matrix_St1	71	2524.28	200.53	-0.0199	0.0215	0.0119	28.7691	32.8464	-0.10964	-6.38309	29.5906	20.3275	-0.256893	-9.25574	29.6186	86.9738	-0.0620075	-9.5589	33.3362	11.3104	-0.16265	-3.26066
DIff1_Matrix_St1	72	2527.78	199.71	-0.012	0.0211	0.0109	28.7679	33.0344	-0.106412	-6.23064	29.5824	19.5383	-0.257964	-8.93347	29.6188	86.9816	-0.0637305	-9.8254	33.339	11.4023	-0.162824	-3.29067
DIff1_Matrix_St1	73	2531.28	199.25	-0.0158	0.021	0.011	28.7696	32.7129	-0.109745	-6.36324	29.5848	19.8358	-0.258762	-9.09758	29.6187	87.1434	-0.0633267	-9.78128	33.3404	11.6348	-0.163971	-3.38143
DIff1_Matrix_St1	74	2534.78	200.75	-0.0004	0.0217	0.0139	28.7678	32.7699	-0.107685	-6.2547	29.5877	20.4741	-0.252908	-9.17787	29.6188	86.24	-0.0620486	-9.48453	33.3407	11.4148	-0.166772	-3.37416
DIff1_Matrix_St1	75	2538.28	200.53	-0.0097	0.0211	0.0131	28.7686	32.4439	-0.109748	-6.31107	29.5864	20.1582	-0.254756	-9.10228	29.619	87.1869	-0.0617097	-9.5363	33.338	11.3178	-0.165214	-3.31425
DIff1_Matrix_St1	76	2541.78	199.93	-0.0139	0.0216	0.015	28.7679	32.9071	-0.106993	-6.24048	29.5839	19.8284	-0.254797	-8.95484	29.6187	88.4138	-0.0628717	-9.85259	33.3409	11.2885	-0.168481	-3.37102
DIff1_Matrix_St1	77	2545.28	199.49	-0.0355	0.0216	0.0147	28.7674	32.3584	-0.10839	-6.21655	29.583	20.1592	-0.253636	-9.06273	29.6184	85.234	-0.0630453	-9.52445	33.3395	11.4411	-0.165279	-3.35166
DIff1_Matrix_St1	78	2548.78	199.96	-0.0134	0.0218	0.0129	28.7692	33.1784	-0.106915	-6.28734	29.5868	20.4201	-0.250928	-9.082	29.6183	86.366	-0.0625838	-9.58031	33.3406	11.2612	-0.168417	-3.36159
DIff1_Matrix_St1	79	2552.28	199.74	-0.0226	0.0214	0.0122	28.7698	32.719	-0.108827	-6.3112	29.5861	20.5819	-0.250283	-9.13045	29.6182	87.1727	-0.061777	-9.54514	33.3402	11.0699	-0.171883	-3.3725
DIff1_Matrix_St1	80	2555.78	199.29	-0.0164	0.021	0.0134	28.7679	32.8847	-0.108628	-6.33155	29.5829	19.832	-0.255158	-8.96911	29.6184	86.7289	-0.0631881	-9.71347	33.3396	11.151	-0.168044	-3.32133
DIff1_Matrix_St1	81	2559.28	200.75	0.0058	0.0215	0.0146	28.7684	33.2345	-0.106954	-6.30031	29.5858	20.0053	-0.258162	-9.15403	29.6179	87.1148	-0.0630577	-9.73654	33.3455	11.3023	-0.168325	-3.37202
DIff1_Matrix_St1	82	2562.78	200.25	-0.0189	0.0215	0.0149	28.7685	32.87	-0.106724	-6.21779	29.5821	19.7633	-0.259269	-9.08209	29.6188	87.1642	-0.0634108	-9.79663	33.3378	11.1748	-0.169753	-3.36229
DIff1_Matrix_St1	83	2566.28	200.21	-0.0289	0.0211	0.016	28.7681	32.579	-0.110723	-6.39365	29.5867	21.7218	-0.245589	-9.4554	29.6187	86.9993	-0.0610307	-9.41107	33.3385	11.2677	-0.163142	-3.25819
DIff1_Matrix_St1	84	2569.78	199.31	-0.0171	0.0216	0.0157	28.7683	32.2078	-0.108657	-6.20288	29.5897	20.5137	-0.251104	-9.13002	29.6183	85.9982	-0.0632521	-9.64138	33.3434	11.1841	-0.164349	-3.25795
DIff1_Matrix_St1	85	2573.28	200.5	-0.0055	0.0217	0.0151	28.7678	33.2852	-0.105399	-6.21817	29.5871	20.4056	-0.252755	-9.14165	29.6194	86.496	-0.0633395	-9.71059	33.3426	11.4126	-0.162454	-3.28616
DIff1_Matrix_St1	86	2576.78	199.28	0.01	0.0209	0.0144	28.7696	32.1628	-0.109636	-6.25006	29.5839	20.2588	-0.252943	-9.08262	29.6189	85.6854	-0.0624906	-9.49067	33.3374	11.256	-0.165552	-3.30287
DIff1_Matrix_St1	87	2580.28	200.2	-0.0261	0.0217	0.0152	28.7699	33.0637	-0.108096	-6.33482	29.5872	21.0846	-0.252905	-9.45141	29.619	87.3543	-0.0611734	-9.47157	33.3403	11.3448	-0.165874	-3.33542
DIff1_Matrix_St1	88	2583.78	200.24	-0.0088	0.0215	0.0157	28.7685	32.7875	-0.107308	-6.23611	29.5855	19.9184	-0.25403	-8.96838	29.6186	88.0164	-0.0630156	-9.83074	33.3449	11.5437	-0.164614	-3.36813
DIff1_Matrix_St1	89	2587.28	200.31	0.0042	0.0215	0.0191	28.7693	32.4119	-0.110423	-6.34367	29.5873	20.9386	-0.247341	-9.17951	29.6186	86.7062	-0.0622901	-9.57292	33.3371	11.4997	-0.163753	-3.33771
DIff1_Matrix_St1	90	2590.78	200	-0.0197	0.0214	0.0182	28.7696	32.5459	-0.109596	-6.32217	29.5861	20.2595	-0.255029	-9.15782	29.6188	86.7724	-0.0625288	-9.61694	33.3391	11.2117	-0.172195	-3.4219
DIff1_Matrix_St1	91	2594.28	199.77	0.0138	0.0211	0.0176	28.7681	32.4735	-0.107603	-6.19337	29.5849	19.8476	-0.253807	-8.92868	29.6186	86.711	-0.0638946	-9.82004	33.3396	11.3774	-0.166581	-3.35924
DIff1_Matrix_St1	92	2597.78	199.72	-0.0161	0.0215	0.0173	28.7687	32.7021	-0.108631	-6.29657	29.5831	20.2873	-0.253146	-9.10269	29.619	86.4729	-0.0639908	-9.80782	33.3426	10.9641	-0.175319	-3.40706
DIff1_Matrix_St1	93	2601.28	199.27	-0.0211	0.0215	0.0173	28.7697	32.3797	-0.10913	-6.26315	29.5829	19.2945	-0.260292	-8.90163	29.619	85.9085	-0.0646918	-9.85055	33.3421	11.214	-0.166451	-3.30845
DIff1_Matrix_St1	94	2604.78	199.8	-0.0293	0.0216	0.0177	28.7693	32.6882	-0.108268	-6.27288	29.5849	20.148	-0.254865	-9.10159	29.6195	87.3947	-0.0629013	-9.7436	33.3391	10.878	-0.170128	-3.28018
DIff1_Matrix_St1	95	2608.28	199.85	-0.0188	0.0215	0.0197	28.7707	32.6406	-0.106873	-6.18302	29.5896	21.9	-0.239867	-9.31088	29.6186	84.9172	-0.0614229	-9.24487	33.34	11.7865	-0.162297	-3.39056
DIff1_Matrix_St1	96	2611.78	200.06	0.0137	0.0215	0.0196	28.7686	32.4729	-0.109115	-6.28032	29.5877	20.2157	-0.251606	-9.01541	29.6198	86.0581	-0.0634573	-9.6794	33.337	11.3689	-0.162786	-3.28028
DIff1_Matrix_St1	97	2615.28	200.03	-0.0126	0.0214	0.0185	28.7683	32.2172	-0.108569	-6.19968	29.5861	20.0786	-0.250334	-8.90901	29.6192	87.2974	-0.0624819	-9.66787	33.3407	11.2492	-0.164796	-3.28582
DIff1_Matrix_St1	98	2618.78	200.56	-0.021	0.0216	0.0188	28.7692	32.6122	-0.110197	-6.36977	29.5864	20.7043	-0.248855	-9.13233	29.6201	86.1078	-0.0621055	-9.47868	33.3388	11.1968	-0.165335	-3.28121
DIff1_Matrix_St1	99	2622.28	200.36	-0.0259	0.0218	0.019	28.7694	33.0722	-0.107143	-6.28064	29.5864	19.9445	-0.253305	-8.9545	29.6193	86.0618	-0.06372	-9.71988	33.3421	11.2353	-0.166735	-3.32037
DIff1_Matrix_St1	100	2625.78	200.48	0.0107	0.0218	0.0201	28.7694	32.2825	-0.109574	-6.26973	29.5855	20.5037	-0.252909	-9.1912	29.6195	87.7277	-0.0618302	-9.61419	33.3378	11.2636	-0.164952	-3.29314
DIff1_Matrix_St1	101	2629.28	200.57	-0.025	0.0215	0.0206	28.7699	32.8595	-0.107929	-6.28599	29.5863	20.2139	-0.251447	-9.0089	29.6199	86.4269	-0.0626197	-9.59256	33.3393	11.0243	-0.16827	-3.288
DIff1_Matrix_St1	102	2632.78	200.08	-0.0058	0.0212	0.0209	28.769	32.4535	-0.107686	-6.19436	29.5835	20.1754	-0.251452	-8.99191	29.6195	86.7251	-0.0633378	-9.73605	33.3383	11.2984	-0.16593	-3.32289
DIff1_Matrix_St1	103	2636.28	199.81	0.0268	0.0216	0.021	28.7689	31.997	-0.107617	-6.10331	29.5827	19.9485	-0.255706	-9.04121	29.6195	86.7813	-0.0643395	-9.89643	33.3382	11.0037	-0.166652	-3.2503
DIff1_Matrix_St1	104	2639.78	199.19	-0.008	0.0216	0.0197	28.7685	32.7237	-0.107111	-6.21254	29.5872	21.6507	-0.241409	-9.26405	29.619	85.6844	-0.0616214	-9.35854	33.3431	11.2878	-0.166485	-3.33088
DIff1_Matrix_St1	105	2643.28	199.9	-0.0065	0.0216	0.0226	28.7687	32.8202	-0.106082	-6.17103	29.5852	20.3983	-0.251028	-9.07594	29.6186	87.6179	-0.0626111	-9.72342	33.3348	11.0986	-0.165639	-3.25842
DIff1_Matrix_St1	106	2646.78	200.5	-0.0228	0.0216	0.0208	28.7687	32.5621	-0.107548	-6.20711	29.5872	20.5396	-0.253024	-9.21144	29.6195	86.363	-0.0627582	-9.60667	33.3363	10.7877	-0.167246	-3.19787
DIff1_Matrix_St1	107	2650.28	199.45	-0.0148	0.0215	0.0214	28.7694	32.6636	-0.106874	-6.18744	29.5856	19.9931	-0.255607	-9.05793	29.6188	86.6603	-0.0641282	-9.85018	33.3397	11.6003	-0.166974	-3.43315
DIff1_Matrix_St1	108	2653.78	199.86	-0.0011	0.0216	0.0234	28.769	32.2187	-0.109085	-6.22941	29.5871	20.3646	-0.251414	-9.07488	29.6191	86.5357	-0.0625442	-9.59306	33.3372	11.3765	-0.164751	-3.32209
DIff1_Matrix_St1	109	2657.28	199.54	-0.0002	0.0217	0.0229	28.7696	32.3386	-0.109659	-6.2855	29.5829	20.2222	-0.248898	-8.92124	29.6195	87.002	-0.0632848	-9.75895	33.3379	11.4643	-0.164701	-3.34672
DIff1_Matrix_St1	110	2660.78	199.99	-0.0247	0.0215	0.0234	28.7694	32.1971	-0.108598	-6.19747	29.5849	20.9204	-0.24826	-9.20559	29.6192	87.3724	-0.0614999	-9.52409	33.3381	11.7828	-0.167053	-3.48882
DIff1_Matrix_St1	111	2664.28	200.69	-0.018	0.0215	0.0241	28.7676	32.8927	-0.1071	-6.24404	29.5814	19.717	-0.254938	-8.90944	29.6191	88.0845	-0.0636611	-9.93914	33.3408	11.4632	-0.167704	-3.40743
DIff1_Matrix_St1	112	2667.78	200.47	0.0242	0.0215	0.0249	28.7679	32.3262	-0.108508	-6.21714	29.5857	20.4398	-0.249262	-9.03042	29.6178	86.5169	-0.0629141	-9.64771	33.3396	10.5609	-0.175288	-3.28115
DIff1_Matrix_St1	113	2671.28	199.98	-0.0012	0.0216	0.0239	28.7683	32.4586	-0.107782	-6.20087	29.5878	20.8686	-0.246778	-9.12797	29.619	87.0752	-0.061546	-9.49881	33.3407	11.3236	-0.162453	-3.26054
DIff1_Matrix_St1	114	2674.78	199.7	-0.0154	0.0215	0.0242	28.7694	33.1093	-0.105454	-6.18856	29.5877	21.3386	-0.246406	-9.31949	29.6191	87.4097	-0.0610796	-9.46304	33.3402	11.3954	-0.16574	-3.34759
DIff1_Matrix_St1	115	2678.28	200.42	0.0245	0.0216	0.0248	28.7687	32.4225	-0.106568	-6.12417	29.5855	22.1218	-0.239389	-9.38643	29.6192	86.1296	-0.0614359	-9.37885	33.339	11.2817	-0.16468	-3.293
DIff1_Matrix_St1	116	2681.78	200.9	-0.0258	0.0211	0.0249	28.7685	32.8166	-0.106389	-6.18823	29.5841	20.3592	-0.248435	-8.96497	29.6189	87.1783	-0.0636671	-9.8378	33.336	11.3694	-0.159486	-3.2139
DIff1_Matrix_St1	117	2685.28	200.32	-0.0153	0.0215	0.0257	28.7678	33.47	-0.105171	-6.23919	29.5868	19.8646	-0.2521	-8.8762	29.619	87.5204	-0.0636149	-9.86833	33.3368	11.1385	-0.16307	-3.21941
DIff1_Matrix_St1	118	2688.78	199.46	-0.0058	0.0218	0.026	28.7686	32.7462	-0.107098	-6.21611	29.5842	20.06	-0.252306	-8.97084	29.6185	87.2601	-0.0630823	-9.7566	33.3383	11.0777	-0.167873	-3.29612
DIff1_Matrix_St1	119	2692.28	200.74	0.0049	0.0215	0.0264	28.7682	33.2184	-0.105045	-6.18487	29.5837	20.6138	-0.250191	-9.14121	29.6191	86.4018	-0.0635238	-9.72824	33.3364	10.8888	-0.171173	-3.30361
DIff1_Matrix_St1	120	2695.78	200.72	0.0003	0.0218	0.0278	28.7678	32.9173	-0.10665	-6.22242	29.5855	20.6409	-0.251262	-9.19246	29.6184	87.6712	-0.0618357	-9.60884	33.3354	11.0755	-0.16688	-3.27599
DIff1_Matrix_St1	121	2699.28	200.78	-0.0254	0.0213	0.0276	28.7696	32.5324	-0.108384	-6.24965	29.5823	19.8198	-0.25346	-8.90399	29.6191	87.1812	-0.063587	-9.82575	33.3382	11.456	-0.163819	-3.32639
DIff1_Matrix_St1	122	2702.78	200.31	0.0028	0.0216	0.0261	28.7691	33.3394	-0.104855	-6.19616	29.5852	19.707	-0.255574	-8.92712	29.6185	86.7759	-0.0631815	-9.71772	33.337	11.1539	-0.164186	-3.24592
DIff1_Matrix_St1	123	2706.28	200.33	0.0357	0.0216	0.0274	28.7685	32.3255	-0.108002	-6.18803	29.5859	20.9366	-0.24404	-9.05615	29.6192	85.9148	-0.0630261	-9.59762	33.3377	11.4442	-0.164618	-3.33918
DIff1_Matrix_St1	124	2709.78	199.88	-0.0281	0.0216	0.0271	28.7678	32.5732	-0.107577	-6.21093	29.5833	20.315	-0.24965	-8.98926	29.6185	86.3126	-0.0636311	-9.73461	33.3396	11.2479	-0.16605	-3.31044
DIff1_Matrix_St1	125	2713.28	200.37	-0.0112	0.0212	0.0272	28.768	32.8799	-0.10794	-6.29055	29.5874	20.6703	-0.251085	-9.19905	29.6185	87.6188	-0.061695	-9.58125	33.3383	11.3613	-0.162521	-3.27276
DIff1_Matrix_St1	126	2716.78	200.79	-0.0113	0.0215	0.0282	28.7702	32.5648	-0.108114	-6.24028	29.586	21.0496	-0.24591	-9.17478	29.6195	86.0695	-0.0627898	-9.57886	33.3384	10.9523	-0.169389	-3.28826
DIff1_Matrix_St1	127	2720.28	200.1	-0.0095	0.021	0.0273	28.7679	32.6173	-0.107587	-6.21989	29.5834	20.2212	-0.250419	-8.97532	29.6181	86.9494	-0.0634102	-9.77238	33.337	11.3275	-0.160657	-3.22558
DIff1_Matrix_St1	128	2723.78	199.72	-0.0123	0.0215	0.0286	28.769	32.6773	-0.108638	-6.2922	29.5864	20.5575	-0.247829	-9.03021	29.6191	86.2507	-0.0629734	-9.62709	33.3369	11.2018	-0.170275	-3.38077
DIff1_Matrix_St1	129	2727.28	199.57	-0.0077	0.0215	0.031	28.7695	32.7698	-0.107751	-6.25852	29.5877	20.9619	-0.244414	-9.08096	29.6183	86.2398	-0.0629425	-9.62114	33.3391	10.9078	-0.16845	-3.25673
DIff1_Matrix_St1	130	2730.78	199.86	-0.0127	0.0215	0.0306	28.7692	33.1204	-0.105296	-6.18135	29.5854	21.1802	-0.246695	-9.26118	29.6177	86.6294	-0.0618092	-9.49059	33.34	11.3825	-0.16378	-3.30425
DIff1_Matrix_St1	131	2734.28	199.64	-0.0181	0.0214	0.0292	28.7676	33.1984	-0.106723	-6.27985	29.5868	20.955	-0.247924	-9.20831	29.6182	85.3462	-0.063514	-9.60789	33.3371	11.3092	-0.165364	-3.31472
DIff1_Matrix_St1	132	2737.78	199.72	-0.0161	0.0214	0.0308	28.7677	33.3826	-0.10553	-6.24413	29.586	20.4278	-0.248784	-9.00782	29.619	87.2311	-0.0633151	-9.78934	33.3372	11.1798	-0.161206	-3.19441
DIff1_Matrix_St1	133	2741.28	200.24	-0.0205	0.0215	0.0317	28.768	32.2914	-0.107984	-6.18045	29.5872	20.9202	-0.246069	-9.12428	29.6186	87.1517	-0.06251	-9.65607	33.3385	11.1468	-0.16159	-3.19255
DIff1_Matrix_St1	134	2744.78	200.36	0.0046	0.0215	0.0309	28.7698	33.0395	-0.105969	-6.20567	29.5844	20.8372	-0.247288	-9.13307	29.6188	85.8108	-0.0625968	-9.52069	33.3364	10.8183	-0.169755	-3.25504
DIff1_Matrix_St1	135	2748.28	200.26	-0.0092	0.0215	0.0295	28.7682	32.646	-0.105624	-6.11178	29.5863	22.2028	-0.238104	-9.3702	29.6186	86.0267	-0.0613803	-9.35917	33.3389	11.5857	-0.161971	-3.3261
DIff1_Matrix_St1	136	2751.78	200.56	0.0029	0.0217	0.0322	28.7678	32.4777	-0.10779	-6.20497	29.5873	20.9378	-0.245826	-9.1229	29.6187	86.4023	-0.062397	-9.55573	33.3384	11.508	-0.162342	-3.31136
DIff1_Matrix_St1	137	2755.28	200.73	-0.0122	0.0218	0.0339	28.769	32.4344	-0.107687	-6.19076	29.5858	21.0522	-0.242676	-9.05522	29.6191	86.559	-0.0630231	-9.66913	33.3374	11.2615	-0.168051	-3.3544
DIff1_Matrix_St1	138	2758.78	199.96	-0.0093	0.0217	0.0333	28.7678	32.9505	-0.107616	-6.2851	29.5837	21.544	-0.242905	-9.27553	29.6185	88.0747	-0.0615727	-9.61202	33.3364	11.3733	-0.160283	-3.23109
DIff1_Matrix_St1	139	2762.28	199.57	-0.0251	0.0216	0.0326	28.7678	32.8813	-0.107994	-6.29398	29.5865	20.5636	-0.251207	-9.15597	29.6184	86.7291	-0.0629668	-9.67947	33.3363	11.0084	-0.169621	-3.30963
DIff1_Matrix_St1	140	2765.78	200.79	-0.0244	0.0217	0.0314	28.7686	31.8624	-0.109616	-6.19054	29.5895	21.3452	-0.240462	-9.09746	29.6184	86.1439	-0.0620246	-9.47029	33.3413	10.9818	-0.167898	-3.2681
DIff1_Matrix_St1	141	2769.28	199.58	0.0063	0.0214	0.0331	28.7693	32.5966	-0.107848	-6.23104	29.5868	20.6803	-0.244905	-8.97693	29.6185	86.3507	-0.0623616	-9.5446	33.3388	11.1499	-0.162982	-3.22096
DIff1_Matrix_St1	142	2772.78	200.56	-0.0251	0.0216	0.0343	28.7694	32.999	-0.107184	-6.26908	29.5847	20.3906	-0.251093	-9.07488	29.6185	85.8078	-0.0627746	-9.5474	33.3364	11.1343	-0.163064	-3.21808
DIff1_Matrix_St1	143	2776.28	200.15	0.0218	0.0216	0.0338	28.7682	32.8188	-0.107111	-6.23063	29.585	19.9977	-0.249346	-8.83808	29.619	87.2673	-0.0629556	-9.7378	33.3377	10.9393	-0.169438	-3.2853
DIff1_Matrix_St1	144	2779.78	199.93	-0.0127	0.0217	0.0322	28.7668	32.1823	-0.109733	-6.25934	29.5845	20.4068	-0.245587	-8.8829	29.6188	86.6566	-0.0627367	-9.63604	33.3361	11.045	-0.166289	-3.25539
DIff1_Matrix_St1	145	2783.28	200.65	-0.025	0.0216	0.0322	28.7686	32.8667	-0.10682	-6.22276	29.5851	20.6686	-0.249955	-9.15687	29.6188	87.823	-0.0623906	-9.71186	33.3376	11.1498	-0.165574	-3.27216
DIff1_Matrix_St1	146	2786.78	200.46	0.0015	0.0216	0.036	28.7675	32.6259	-0.107713	-6.22882	29.5873	21.6143	-0.242292	-9.28229	29.6183	85.8335	-0.0621946	-9.46203	33.3389	10.9733	-0.166907	-3.24628
DIff1_Matrix_St1	147	2790.28	200.48	-0.0066	0.0215	0.036	28.7698	32.6252	-0.107378	-6.2093	29.5858	21.0168	-0.245343	-9.13935	29.6185	86.844	-0.0627995	-9.66654	33.3362	10.8877	-0.166986	-3.22249
DIff1_Matrix_St1	148	2793.78	200	0.0022	0.0216	0.0342	28.7674	32.8395	-0.106596	-6.2046	29.5883	21.1434	-0.241819	-9.06235	29.6187	86.7443	-0.0619952	-9.53178	33.3379	10.758	-0.166789	-3.18034
DIff1_Matrix_St1	149	2797.28	199.83	0.0045	0.0215	0.0347	28.768	32.727	-0.105842	-6.13961	29.5862	21.1381	-0.245934	-9.21424	29.6189	86.8646	-0.0622929	-9.59084	33.3358	11.1391	-0.165056	-3.25878
DIff1_Matrix_St1	150	2800.78	200.48	-0.0162	0.0215	0.0363	28.7698	32.5606	-0.106369	-6.13882	29.5854	21.1031	-0.244458	-9.14376	29.6179	86.5648	-0.0622721	-9.55453	33.3354	11.1644	-0.163119	-3.22786
DIff1_Matrix_St1	151	2804.28	200.34	-0.0257	0.0216	0.0378	28.7688	32.091	-0.108998	-6.19977	29.585	21.2484	-0.241407	-9.09184	29.6196	85.9206	-0.0629024	-9.57943	33.3358	10.6925	-0.169088	-3.20454
DIff1_Matrix_St1	152	2807.78	199.43	0.0216	0.0215	0.038	28.7685	32.5782	-0.107364	-6.19953	29.5849	21.3728	-0.24332	-9.21752	29.6181	85.6874	-0.0624525	-9.4851	33.3372	11.07	-0.168266	-3.30155
DIff1_Matrix_St1	153	2811.28	200.44	0.0042	0.0215	0.0386	28.7694	32.0126	-0.108251	-6.14227	29.5839	20.3192	-0.249685	-8.99235	29.6183	86.7884	-0.0634434	-9.7594	33.3358	11.0801	-0.166777	-3.27534
DIff1_Matrix_St1	154	2814.78	200.73	0.0105	0.0218	0.0369	28.7702	32.5013	-0.107248	-6.17826	29.5853	20.1369	-0.249122	-8.89161	29.6183	86.4266	-0.0639672	-9.79895	33.3346	11.1327	-0.167502	-3.3052
DIff1_Matrix_St1	155	2818.28	200.27	-0.0281	0.0216	0.0381	28.7691	33.1228	-0.105184	-6.17523	29.584	21.0857	-0.243686	-9.1074	29.6184	86.305	-0.0630388	-9.64315	33.3405	11.4046	-0.166643	-3.36854
DIff1_Matrix_St1	156	2821.78	200.41	-0.0172	0.0218	0.0362	28.7703	33.097	-0.104543	-6.1328	29.5856	20.7373	-0.244847	-8.99956	29.619	87.5651	-0.0631858	-9.80675	33.3386	10.9852	-0.170337	-3.31659
DIff1_Matrix_St1	157	2825.28	200.35	0.0058	0.0216	0.0389	28.7697	32.4209	-0.107106	-6.15483	29.5845	20.1486	-0.25143	-8.9792	29.6191	86.4709	-0.0644464	-9.87743	33.3371	11.0428	-0.167186	-3.27231
DIff1_Matrix_St1	158	2828.78	200.13	0.0111	0.0216	0.0381	28.769	33.1099	-0.103757	-6.08906	29.5876	21.3599	-0.240983	-9.12349	29.6185	85.6995	-0.0627233	-9.52758	33.3347	10.8769	-0.168688	-3.2521
DIff1_Matrix_St1	159	2832.28	200.3	0.0114	0.0217	0.0364	28.7685	32.297	-0.106812	-6.11444	29.5872	21.811	-0.242319	-9.36783	29.6187	86.392	-0.0615152	-9.41956	33.3407	11.0823	-0.166342	-3.26741
DIff1_Matrix_St1	160	2835.78	200.03	0.0232	0.0215	0.0391	28.7692	32.561	-0.107592	-6.20943	29.5884	21.1203	-0.2451	-9.17525	29.6185	87.3507	-0.0625094	-9.67802	33.3352	11.1669	-0.170842	-3.38144
DIff1_Matrix_St1	161	2839.28	199.68	0.0024	0.0216	0.0405	28.7695	31.8995	-0.108328	-6.12493	29.5853	21.1689	-0.246561	-9.25121	29.619	87.2946	-0.0619318	-9.58244	33.3367	11.0728	-0.162315	-3.1856
DIff1_Matrix_St1	162	2842.78	199.45	0.0004	0.0218	0.0407	28.7691	32.9827	-0.105935	-6.19302	29.5836	20.5217	-0.250228	-9.10173	29.6192	87.0011	-0.0628432	-9.69077	33.3357	10.7497	-0.172906	-3.29442
DIff1_Matrix_St1	163	2846.28	200.6	0.0128	0.0215	0.0406	28.7698	32.5451	-0.105274	-6.0727	29.5853	20.7572	-0.241903	-8.89991	29.6184	86.6093	-0.062892	-9.65462	33.3366	10.9886	-0.167163	-3.25579
DIff1_Matrix_St1	164	2849.78	199.58	-0.0098	0.0216	0.0426	28.7682	32.472	-0.106664	-6.13907	29.5823	20.9464	-0.244184	-9.06569	29.6187	85.1697	-0.0629606	-9.5045	33.3375	11.0881	-0.168174	-3.30515
DIff1_Matrix_St1	165	2853.28	199.62	0.0106	0.0215	0.0396	28.7676	32.245	-0.107789	-6.16045	29.5845	21.2749	-0.243376	-9.17743	29.6181	85.3643	-0.062062	-9.39025	33.3384	10.9235	-0.168212	-3.25681
DIff1_Matrix_St1	166	2856.78	199.86	-0.0222	0.0216	0.0425	28.7694	32.0135	-0.109524	-6.21469	29.5868	21.5041	-0.244141	-9.30543	29.6182	85.6434	-0.062622	-9.50595	33.3382	10.828	-0.167016	-3.20539
DIff1_Matrix_St1	167	2860.28	200.28	-0.005	0.0217	0.041	28.7691	32.8137	-0.109335	-6.35901	29.5886	21.4369	-0.244015	-9.27159	29.6189	85.6703	-0.0618955	-9.39862	33.3372	10.7646	-0.165033	-3.14878
DIff1_Matrix_St1	168	2863.78	200.83	-0.0203	0.0217	0.0427	28.7683	32.2111	-0.107657	-6.14642	29.5848	21.332	-0.241085	-9.11543	29.6195	86.7273	-0.0626192	-9.62584	33.3372	11.0249	-0.16911	-3.30461
DIff1_Matrix_St1	169	2867.28	199.46	-0.0253	0.0215	0.0402	28.7711	32.3943	-0.10587	-6.07877	29.5861	21.3676	-0.244458	-9.25837	29.6187	86.2254	-0.0624264	-9.54066	33.3383	10.7287	-0.166805	-3.17199
DIff1_Matrix_St1	170	2870.78	199.83	-0.021	0.0218	0.0418	28.7686	32.5864	-0.106108	-6.12855	29.5821	20.9487	-0.245418	-9.11254	29.6192	85.7087	-0.0637678	-9.68726	33.3384	10.9984	-0.172504	-3.36281
DIff1_Matrix_St1	171	2874.28	199.12	-0.0093	0.0215	0.0419	28.7688	32.5152	-0.107544	-6.19794	29.5874	22.1974	-0.23679	-9.31624	29.6186	85.3079	-0.0621325	-9.39471	33.3426	11.1229	-0.164822	-3.24944
DIff1_Matrix_St1	172	2877.78	199.79	-0.0274	0.0219	0.0438	28.7698	31.8897	-0.109649	-6.19771	29.5893	21.6582	-0.240448	-9.23036	29.6183	86.6749	-0.0623466	-9.57814	33.3374	10.9125	-0.168533	-3.25976
DIff1_Matrix_St1	173	2881.28	200.33	-0.0302	0.0216	0.0428	28.7692	32.5509	-0.107798	-6.21939	29.5856	21.0678	-0.244983	-9.14809	29.619	87.5401	-0.0620968	-9.63498	33.3382	10.9167	-0.166222	-3.21627
DIff1_Matrix_St1	174	2884.78	200.39	-0.0085	0.0215	0.0448	28.7671	32.4999	-0.107069	-6.16767	29.5868	21.3132	-0.242488	-9.16039	29.6193	86.5889	-0.0622635	-9.55588	33.3385	10.506	-0.173944	-3.23909
DIff1_Matrix_St1	175	2888.28	200.71	-0.0164	0.0217	0.0446	28.7695	32.0474	-0.108134	-6.14227	29.5858	21.5208	-0.240161	-9.16086	29.6183	84.1251	-0.0625359	-9.3246	33.3386	11.0873	-0.162885	-3.20097
DIff1_Matrix_St1	176	2891.78	199.95	0.0072	0.0217	0.0444	28.7682	31.9946	-0.107778	-6.11199	29.5859	21.0494	-0.243463	-9.08336	29.6184	86.671	-0.06227	-9.56594	33.3383	11.1491	-0.165441	-3.26933
DIff1_Matrix_St1	177	2895.28	200.65	-0.0085	0.0215	0.0427	28.7693	32.2396	-0.106587	-6.09071	29.589	22.1327	-0.238713	-9.36451	29.6196	86.8182	-0.0617296	-9.49902	33.3365	10.7085	-0.166886	-3.16755
DIff1_Matrix_St1	178	2898.78	200.08	0.0145	0.0217	0.046	28.7692	31.9122	-0.107552	-6.08345	29.5881	21.6132	-0.242027	-9.27166	29.6192	86.6168	-0.0627043	-9.62662	33.3382	10.7848	-0.169402	-3.23821
DIff1_Matrix_St1	179	2902.28	200.41	0.025	0.0219	0.0449	28.7688	32.8132	-0.106868	-6.21545	29.588	22.1187	-0.239037	-9.3713	29.6186	86.6127	-0.0608633	-9.34355	33.3377	11.006	-0.165816	-3.23467
DIff1_Matrix_St1	180	2905.78	200.5	0.0118	0.0216	0.0471	28.7694	32.4318	-0.106876	-6.14365	29.5854	19.9937	-0.251973	-8.9294	29.6181	87.0336	-0.0637192	-9.82951	33.3383	11.2922	-0.160932	-3.22103
DIff1_Matrix_St1	181	2909.28	200	0.0027	0.0216	0.0473	28.7694	32.441	-0.10708	-6.1571	29.5873	20.881	-0.24765	-9.16568	29.6191	87.7348	-0.0628081	-9.76703	33.3395	11.1099	-0.165148	-3.25206
DIff1_Matrix_St1	182	2912.78	199.63	0.014	0.0215	0.0457	28.7692	32.5499	-0.106391	-6.13802	29.5895	22.1274	-0.236858	-9.2895	29.6183	87.3858	-0.0613923	-9.50888	33.3403	11.2195	-0.164508	-3.27141
DIff1_Matrix_St1	183	2916.28	199.44	-0.0108	0.0216	0.0465	28.7686	31.6568	-0.109064	-6.11963	29.5822	20.3548	-0.251105	-9.05938	29.6182	87.5256	-0.0637401	-9.88833	33.3372	10.993	-0.167035	-3.25459
DIff1_Matrix_St1	184	2919.78	200.47	-0.0058	0.0216	0.0497	28.7689	32.8404	-0.106125	-6.17736	29.5886	21.5936	-0.24262	-9.28592	29.6186	86.6117	-0.0613462	-9.41758	33.3406	11.1557	-0.166097	-3.28424
DIff1_Matrix_St1	185	2923.28	200.58	-0.0294	0.0215	0.0481	28.7695	32.4397	-0.106683	-6.13402	29.5857	20.5979	-0.245137	-8.94965	29.6192	87.1653	-0.0634483	-9.80254	33.338	10.7397	-0.170674	-3.24888
DIff1_Matrix_St1	186	2926.78	199.42	-0.0072	0.0218	0.0487	28.7685	31.8571	-0.109136	-6.16241	29.5854	20.4316	-0.246995	-8.94469	29.6185	87.67	-0.0624359	-9.70198	33.337	10.9569	-0.164007	-3.18511
DIff1_Matrix_St1	187	2930.28	199.6	0.0086	0.0218	0.0474	28.769	32.2709	-0.106231	-6.07629	29.5858	20.6338	-0.246874	-9.02879	29.6189	85.5225	-0.0639619	-9.69565	33.338	11.218	-0.161216	-3.20553
DIff1_Matrix_St1	188	2933.78	200.04	0.0169	0.0216	0.0485	28.7674	31.8532	-0.109082	-6.15862	29.5842	21.5212	-0.240332	-9.16754	29.6194	86.0869	-0.0628939	-9.59667	33.3392	10.7202	-0.169947	-3.22917
DIff1_Matrix_St1	189	2937.28	200.45	-0.0225	0.022	0.0491	28.7707	31.3417	-0.11095	-6.16347	29.5895	22.3938	-0.234185	-9.29528	29.6183	86.3691	-0.0609858	-9.33602	33.3384	10.9925	-0.169722	-3.30681
DIff1_Matrix_St1	190	2940.78	200.75	-0.0279	0.0219	0.0495	28.7687	31.8123	-0.107855	-6.08149	29.5869	21.5378	-0.23661	-9.03252	29.6193	86.0497	-0.0624831	-9.52986	33.3366	10.5401	-0.171216	-3.19861
DIff1_Matrix_St1	191	2944.28	200.42	-0.0074	0.0216	0.0492	28.7692	32.5309	-0.105607	-6.08922	29.5875	20.5953	-0.243989	-8.90665	29.6183	85.1636	-0.0645527	-9.74414	33.3366	10.82	-0.166762	-3.19816
DIff1_Matrix_St1	192	2947.79	200.14	-0.0276	0.0217	0.0495	28.7691	32.0042	-0.107331	-6.08843	29.5851	20.7995	-0.240809	-8.87768	29.6188	85.9443	-0.0639626	-9.74357	33.3386	10.9453	-0.168142	-3.26194
DIff1_Matrix_St1	193	2951.29	200.53	0.0156	0.0216	0.0498	28.7692	31.8034	-0.109573	-6.17663	29.5869	21.5602	-0.241074	-9.21248	29.6191	87.6802	-0.0619743	-9.63138	33.3381	11.1872	-0.162555	-3.22325
DIff1_Matrix_St1	194	2954.79	199.38	-0.0298	0.0219	0.0496	28.7693	31.6082	-0.109215	-6.1187	29.5894	21.3956	-0.24066	-9.1265	29.6189	86.8603	-0.0622569	-9.58481	33.3349	10.97	-0.167108	-3.24921
DIff1_Matrix_St1	195	2958.29	199.4	-0.0138	0.0218	0.0532	28.769	32.4188	-0.107207	-6.1602	29.5884	22.1871	-0.240177	-9.44514	29.6191	85.477	-0.0616582	-9.34147	33.3354	11.0219	-0.165018	-3.22376
DIff1_Matrix_St1	196	2961.79	199.53	0.0191	0.0215	0.052	28.7696	31.8682	-0.10765	-6.08059	29.5866	21.2035	-0.242131	-9.09983	29.6194	86.6194	-0.0623369	-9.57052	33.3415	10.6659	-0.166106	-3.1402
DIff1_Matrix_St1	197	2965.29	200.18	-0.0011	0.0215	0.0508	28.7704	32.3713	-0.107289	-6.15588	29.5909	23.0852	-0.230526	-9.43252	29.6185	85.2784	-0.0610066	-9.22127	33.3383	10.809	-0.16738	-3.20675
DIff1_Matrix_St1	198	2968.79	199.39	-0.0011	0.0216	0.0521	28.77	31.6029	-0.109616	-6.14007	29.5879	21.6016	-0.239741	-9.17915	29.619	86.1699	-0.0626735	-9.57227	33.3361	10.491	-0.166337	-3.093
DIff1_Matrix_St1	199	2972.29	199.59	-0.0063	0.0216	0.0533	28.7698	31.0434	-0.110576	-6.08421	29.5885	21.4488	-0.238795	-9.07826	29.6184	87.2424	-0.0621483	-9.61018	33.3347	11.0398	-0.165227	-3.23309
DIff1_Matrix_St1	200	2975.79	199.78	-0.011	0.0218	0.0515	28.7697	31.7105	-0.108625	-6.10529	29.5868	21.3146	-0.24356	-9.20148	29.6183	86.0616	-0.0627366	-9.56985	33.3357	10.5628	-0.17013	-3.18519
DIff1_Matrix_St1	201	2979.29	200.2	0.0214	0.0219	0.0516	28.7679	32.2519	-0.106823	-6.10657	29.589	21.0973	-0.241512	-9.03112	29.6193	86.7483	-0.0624764	-9.60621	33.3336	10.4894	-0.172659	-3.21008
DIff1_Matrix_St1	202	2982.79	200.42	-0.0179	0.0216	0.0535	28.7679	32.5323	-0.105737	-6.09702	29.5894	22.436	-0.236031	-9.38619	29.6188	86.2192	-0.0604783	-9.24226	33.3388	10.8497	-0.16642	-3.20035
DIff1_Matrix_St1	203	2986.29	199.51	-0.0308	0.0217	0.0524	28.7693	31.7892	-0.108336	-6.10415	29.5843	21.1302	-0.240939	-9.02372	29.619	85.3606	-0.0624175	-9.44363	33.3352	10.7904	-0.170932	-3.26916
DIff1_Matrix_St1	204	2989.79	199.62	-0.0152	0.0217	0.0528	28.7696	31.1377	-0.109287	-6.03158	29.5853	21.32	-0.24209	-9.14824	29.6197	86.4192	-0.0625529	-9.58148	33.337	10.579	-0.173858	-3.25997
DIff1_Matrix_St1	205	2993.29	200.29	-0.0136	0.0218	0.0556	28.7694	32.2427	-0.110637	-6.32275	29.5864	21.1214	-0.24518	-9.17874	29.619	85.4652	-0.0637138	-9.65156	33.3369	10.7606	-0.169602	-3.23476
DIff1_Matrix_St1	206	2996.79	199.59	-0.0049	0.0216	0.0552	28.7694	32.1638	-0.108194	-6.168	29.5908	22.8036	-0.234723	-9.48714	29.6194	85.8086	-0.0610697	-9.28819	33.3368	10.6397	-0.170364	-3.2128
DIff1_Matrix_St1	207	3000.29	199.35	-0.0009	0.0218	0.0555	28.7699	31.3962	-0.108912	-6.06079	29.5886	21.9169	-0.238669	-9.27149	29.6192	85.7663	-0.0620431	-9.4316	33.3376	10.7582	-0.170578	-3.25265
DIff1_Matrix_St1	208	3003.79	199.7	-0.0113	0.0217	0.0558	28.7687	32.4672	-0.107314	-6.17555	29.5867	21.7617	-0.238993	-9.21833	29.6189	85.8915	-0.0621676	-9.46432	33.3374	10.4453	-0.169107	-3.13081
DIff1_Matrix_St1	209	3007.29	199.26	0.0226	0.0215	0.0551	28.7698	32.2157	-0.109433	-6.2487	29.5856	21.4957	-0.237709	-9.05676	29.6192	85.796	-0.0636328	-9.6766	33.3348	10.9603	-0.162298	-3.15288
DIff1_Matrix_St1	210	3010.79	199.52	-0.0211	0.0218	0.0585	28.7699	31.8409	-0.108368	-6.11593	29.585	21.6438	-0.236968	-9.09072	29.6196	87.3288	-0.0616665	-9.54512	33.3371	10.8868	-0.169895	-3.27836
DIff1_Matrix_St1	211	3014.29	199.48	-0.0065	0.0217	0.0584	28.7683	31.951	-0.107396	-6.082	29.5843	21.2374	-0.244273	-9.19497	29.6189	86.3197	-0.0629601	-9.63275	33.3356	10.6164	-0.172964	-3.25468
DIff1_Matrix_St1	212	3017.79	200.39	-0.0313	0.0218	0.0561	28.7689	31.9294	-0.108643	-6.14846	29.584	20.9266	-0.245591	-9.1093	29.6193	85.8485	-0.0631979	-9.61635	33.3389	10.7809	-0.166969	-3.19053
DIff1_Matrix_St1	213	3021.29	199.41	-0.0168	0.0217	0.059	28.7699	32.107	-0.107208	-6.101	29.5847	21.7814	-0.235426	-9.08895	29.62	86.4111	-0.0623435	-9.54852	33.3382	10.5118	-0.167217	-3.11554
DIff1_Matrix_St1	214	3024.79	199.89	-0.0199	0.0217	0.058	28.7689	32.0774	-0.107111	-6.08986	29.5862	21.7177	-0.238806	-9.1925	29.619	85.7955	-0.0627953	-9.54919	33.3364	10.7954	-0.167113	-3.19759
DIff1_Matrix_St1	215	3028.29	200.31	0.0021	0.0216	0.0571	28.7704	31.9917	-0.10784	-6.11493	29.5845	21.8734	-0.236825	-9.18162	29.619	86.3781	-0.062071	-9.50315	33.3348	10.8533	-0.17058	-3.28144
DIff1_Matrix_St1	216	3031.79	200.47	0.0023	0.0216	0.0585	28.7697	32.6901	-0.105807	-6.13066	29.5844	21.3371	-0.239339	-9.05156	29.6198	87.441	-0.0616322	-9.55207	33.3369	10.7727	-0.169908	-3.24423
DIff1_Matrix_St1	217	3035.29	200.21	0.0044	0.0218	0.0592	28.7692	32.6686	-0.105566	-6.11263	29.5881	22.2683	-0.236394	-9.33033	29.6195	87.3976	-0.0603878	-9.35456	33.3391	10.8604	-0.168943	-3.25208
DIff1_Matrix_St1	218	3038.79	199.88	-0.0031	0.0216	0.0598	28.7693	31.863	-0.106634	-6.02225	29.589	21.5566	-0.238182	-9.10045	29.6191	86.9799	-0.0622933	-9.60363	33.3339	10.557	-0.169648	-3.17442
DIff1_Matrix_St1	219	3042.29	200.54	-0.0382	0.0218	0.0608	28.7697	31.7803	-0.10804	-6.08578	29.5838	20.6426	-0.243825	-8.92111	29.6193	85.1918	-0.0640584	-9.67273	33.3392	11.0696	-0.169254	-3.32084
DIff1_Matrix_St1	220	3045.79	200.5	-0.0373	0.022	0.0592	28.7702	31.1352	-0.10791	-5.95511	29.5844	19.921	-0.247359	-8.734	29.6197	84.5881	-0.0659265	-9.88426	33.3378	11.1068	-0.164117	-3.23086
DIff1_Matrix_St1	221	3049.29	200.65	-0.011	0.0216	0.0598	28.7694	31.8817	-0.106138	-5.99773	29.5861	20.931	-0.241623	-8.96402	29.6197	87.52	-0.0632104	-9.80552	33.3362	11.0401	-0.164724	-3.22333
DIff1_Matrix_St1	222	3052.79	200.26	-0.0238	0.0218	0.0624	28.7694	31.453	-0.109491	-6.104	29.5892	21.3517	-0.238379	-9.02141	29.6188	86.4171	-0.0633493	-9.70322	33.3363	10.6106	-0.171866	-3.23225
DIff1_Matrix_St1	223	3056.29	200.3	-0.0114	0.0216	0.0604	28.7684	31.8574	-0.107687	-6.08064	29.5832	21.6274	-0.239282	-9.17251	29.6196	85.4769	-0.0630002	-9.54477	33.3393	10.3926	-0.174526	-3.21485
DIff1_Matrix_St1	224	3059.79	200.18	-0.0063	0.0219	0.0596	28.7698	31.9717	-0.108204	-6.13174	29.5838	20.9232	-0.244087	-9.05206	29.6202	86.3889	-0.063357	-9.70125	33.3363	11.2267	-0.162816	-3.23985
DIff1_Matrix_St1	225	3063.29	199.93	-0.0166	0.0216	0.0623	28.7699	32.843	-0.104607	-6.08946	29.5847	21.0288	-0.24295	-9.05538	29.6194	86.518	-0.062122	-9.52635	33.3326	10.635	-0.171919	-3.24067
DIff1_Matrix_St1	226	3066.79	199.44	-0.002	0.0216	0.0619	28.7688	32.3111	-0.1069	-6.12216	29.5858	21.2029	-0.244655	-9.19443	29.6191	87.2293	-0.0624102	-9.64924	33.3361	10.8267	-0.166367	-3.19255
DIff1_Matrix_St1	227	3070.29	199.55	0.0028	0.0217	0.0624	28.769	31.7098	-0.107587	-6.04682	29.588	21.7143	-0.239929	-9.23428	29.6186	86.934	-0.0621223	-9.5722	33.3335	10.6791	-0.169067	-3.20012
DIff1_Matrix_St1	228	3073.79	199.03	-0.0233	0.0216	0.0621	28.7687	32.0474	-0.107504	-6.10648	29.5869	22.3454	-0.234192	-9.27546	29.6194	85.7823	-0.0611897	-9.30361	33.3366	10.5507	-0.172975	-3.23475
DIff1_Matrix_St1	229	3077.29	199.45	-0.0013	0.0216	0.0626	28.7687	31.5534	-0.10617	-5.93776	29.5849	20.7018	-0.246394	-9.04096	29.6187	87.3963	-0.063179	-9.7868	33.3375	10.7298	-0.168163	-3.19813
DIff1_Matrix_St1	230	3080.79	200.54	0.0077	0.0218	0.0632	28.7689	32.2342	-0.107043	-6.11577	29.5848	21.3864	-0.238153	-9.02753	29.6186	84.3332	-0.0630493	-9.42441	33.3342	11.0492	-0.165499	-3.24117
DIff1_Matrix_St1	231	3084.29	200.17	0.0017	0.0217	0.0633	28.7673	33.2995	-0.104159	-6.14763	29.5842	21.2692	-0.236602	-8.91959	29.6188	87.3984	-0.0633511	-9.8137	33.3314	10.6143	-0.169429	-3.18753
DIff1_Matrix_St1	232	3087.79	200.47	-0.0155	0.0219	0.0616	28.7683	32.434	-0.106561	-6.12592	29.5867	21.2791	-0.241901	-9.1236	29.6181	85.8022	-0.0631614	-9.60561	33.3373	10.4362	-0.173098	-3.20193
DIff1_Matrix_St1	233	3091.29	200.34	-0.0171	0.0218	0.0656	28.7699	32.7235	-0.105717	-6.13168	29.5891	21.5385	-0.236547	-9.03041	29.6187	87.1619	-0.0627507	-9.69438	33.3342	10.836	-0.170595	-3.27651
DIff1_Matrix_St1	234	3094.79	200.08	0.0227	0.0218	0.0651	28.7703	32.6973	-0.104064	-6.03094	29.5886	21.9953	-0.238089	-9.28208	29.6189	85.6812	-0.0623467	-9.46835	33.3377	10.7064	-0.170395	-3.2335
DIff1_Matrix_St1	235	3098.29	199.59	-0.0034	0.0215	0.0654	28.77	33.8177	-0.100612	-6.03073	29.5849	21.5208	-0.240325	-9.16713	29.6192	85.6114	-0.0631082	-9.57618	33.3366	10.7247	-0.169866	-3.22898
DIff1_Matrix_St1	236	3101.79	199.39	-0.012	0.0217	0.064	28.7707	32.6933	-0.104739	-6.06935	29.5855	21.1392	-0.241116	-9.03418	29.6197	85.043	-0.0635756	-9.58306	33.3349	10.5777	-0.167443	-3.13931
DIff1_Matrix_St1	237	3105.29	199.61	-0.0055	0.0216	0.0653	28.7686	32.0354	-0.108296	-6.1492	29.5879	22.6079	-0.230889	-9.25209	29.6196	84.2272	-0.0624862	-9.32849	33.3353	10.5054	-0.17299	-3.22115
DIff1_Matrix_St1	238	3108.79	200.07	0.0009	0.022	0.067	28.7692	32.2209	-0.105121	-6.00348	29.584	21.293	-0.241636	-9.11954	29.6199	85.1495	-0.0634523	-9.57645	33.3358	10.7092	-0.17176	-3.26026
DIff1_Matrix_St1	239	3112.29	200.16	-0.0313	0.0217	0.0665	28.7696	32.4402	-0.107173	-6.16229	29.583	20.6755	-0.240331	-8.80727	29.6194	87.1056	-0.0641155	-9.89884	33.3343	10.6659	-0.168873	-3.1925
DIff1_Matrix_St1	240	3115.79	200.47	-0.0181	0.0217	0.0672	28.7685	32.2211	-0.107804	-6.15675	29.586	20.9261	-0.241063	-8.94116	29.6199	85.6445	-0.0633894	-9.62256	33.3333	10.7025	-0.166489	-3.15825
DIff1_Matrix_St1	241	3119.29	199.29	-0.0264	0.0217	0.0663	28.7705	32.35	-0.10376	-5.94945	29.5895	21.5717	-0.236839	-9.05552	29.6189	86.364	-0.0626499	-9.59021	33.3342	10.3978	-0.174179	-3.21004
DIff1_Matrix_St1	242	3122.79	200.14	-0.0272	0.0217	0.0671	28.7692	32.4059	-0.107184	-6.15643	29.5886	22.5358	-0.234006	-9.34706	29.6184	84.9133	-0.0607958	-9.15006	33.3385	10.4212	-0.171063	-3.15972
DIff1_Matrix_St1	243	3126.29	199.79	-0.0002	0.0217	0.0679	28.7696	31.8595	-0.107868	-6.09126	29.5873	23.1032	-0.231642	-9.48555	29.6194	85.9672	-0.0606536	-9.24196	33.3378	10.6068	-0.170124	-3.19835
DIff1_Matrix_St1	244	3129.79	199.46	-0.0032	0.0218	0.0684	28.7689	32.1916	-0.106976	-6.10385	29.5867	22.4249	-0.233283	-9.27234	29.6193	85.1428	-0.0627097	-9.46363	33.3364	10.9382	-0.164701	-3.19314
DIff1_Matrix_St1	245	3133.29	199.42	-0.013	0.0218	0.0691	28.7694	31.9767	-0.105761	-5.99421	29.5845	21.0869	-0.243083	-9.08539	29.6193	88.0753	-0.0618482	-9.65508	33.3341	10.9918	-0.167164	-3.25677
DIff1_Matrix_St1	246	3136.79	199.59	-0.0057	0.0216	0.0699	28.7703	32.2146	-0.108536	-6.1973	29.5884	22.0526	-0.233974	-9.14538	29.6184	84.9278	-0.0624718	-9.40392	33.3387	10.7106	-0.167379	-3.17753
DIff1_Matrix_St1	247	3140.29	199.33	0.0238	0.0217	0.0711	28.7702	31.7387	-0.106801	-6.0081	29.5869	22.217	-0.235572	-9.2765	29.6194	84.8586	-0.0624303	-9.39001	33.3372	10.427	-0.172416	-3.18647
DIff1_Matrix_St1	248	3143.79	199.49	0.0087	0.0218	0.0703	28.7697	31.9205	-0.106693	-6.03643	29.5857	22.4949	-0.23287	-9.28479	29.6191	86.2102	-0.061825	-9.44709	33.336	10.4772	-0.170007	-3.15708
DIff1_Matrix_St1	249	3147.29	199.73	0.0076	0.0218	0.0698	28.7688	32.0968	-0.104975	-5.97202	29.5857	21.5619	-0.239018	-9.13467	29.6181	86.5891	-0.0626217	-9.61087	33.339	10.4727	-0.165786	-3.07739
DIff1_Matrix_St1	250	3150.79	200.01	-0.0039	0.0218	0.0716	28.7692	31.5713	-0.107877	-6.03665	29.586	22.6306	-0.230296	-9.23755	29.6197	85.0885	-0.0610321	-9.20459	33.3342	10.613	-0.170695	-3.21095
DIff1_Matrix_St1	251	3154.29	200.59	-0.0118	0.0217	0.0717	28.7687	32.2541	-0.106922	-6.11263	29.5871	21.4328	-0.236941	-9.00109	29.6198	86.3294	-0.063263	-9.68017	33.3362	10.3829	-0.169123	-3.1124
DIff1_Matrix_St1	252	3157.79	200.09	-0.0166	0.0218	0.0697	28.7692	33.0757	-0.101679	-5.96094	29.5878	22.5397	-0.233246	-9.3183	29.619	86.0235	-0.0617072	-9.40867	33.3282	10.4772	-0.174751	-3.24518
DIff1_Matrix_St1	253	3161.29	199.85	-0.0242	0.0219	0.0713	28.7698	32.7639	-0.104498	-6.06846	29.5851	21.6116	-0.242195	-9.2774	29.6195	84.9356	-0.0630409	-9.49046	33.334	10.8238	-0.168794	-3.23827
DIff1_Matrix_St1	254	3164.79	199.47	0.013	0.0218	0.0735	28.7684	30.9749	-0.110436	-6.06309	29.5878	21.9137	-0.237125	-9.21018	29.6192	86.7575	-0.0615826	-9.46979	33.3325	10.4303	-0.17314	-3.20086
DIff1_Matrix_St1	255	3168.29	199.37	-0.0092	0.0219	0.0723	28.769	32.4635	-0.105302	-6.05907	29.589	21.4588	-0.238516	-9.07189	29.6183	85.8524	-0.0628153	-9.55858	33.3332	10.4816	-0.167505	-3.11192
DIff1_Matrix_St1	256	3171.79	199.27	-0.0051	0.0217	0.0711	28.7687	32.6047	-0.104808	-6.05691	29.5837	20.7499	-0.242016	-8.90091	29.6189	85.4223	-0.0643202	-9.73853	33.3375	10.5769	-0.168965	-3.16759
DIff1_Matrix_St1	257	3175.29	200	-0.0151	0.0216	0.0733	28.7687	32.6114	-0.104771	-6.05602	29.5835	20.6618	-0.242764	-8.89051	29.6189	85.4888	-0.064399	-9.75806	33.3375	10.5783	-0.168958	-3.16788
