DIff1_Matrix_St1	1	2284.93	0	0	0	0	28.7567	41.0401	0.117202	8.52547	29.5437	24.8012	-0.274964	-12.0872	29.6008	55.762	-0.0695236	-6.8714	33.3113	11.0195	-0.178543	-3.4872
DIff1_Matrix_St1	2	2288.43	0	0	0	0	28.7561	40.6299	0.118705	8.54849	29.5487	25.1555	-0.271512	-12.1059	29.5996	56.5923	-0.0704714	-7.06879	33.3077	10.9626	-0.178065	-3.45993
DIff1_Matrix_St1	3	2291.93	0	0	0	0	28.7557	39.9186	0.120315	8.51273	29.5442	24.9353	-0.268253	-11.8559	29.5988	57.7179	-0.0705918	-7.22171	33.3121	11.1397	-0.180638	-3.56663
DIff1_Matrix_St1	4	2295.43	0	0	0	0	28.7532	39.7351	0.119863	8.44178	29.5473	25.1171	-0.267746	-11.9198	29.5972	57.9205	-0.0707545	-7.26376	33.3088	11.3272	-0.173948	-3.49234
DIff1_Matrix_St1	5	2298.94	0	0	0	0	28.7556	39.6512	0.120049	8.43705	29.5498	26.2595	-0.260919	-12.1441	29.5982	57.919	-0.0692212	-7.10615	33.3101	11.0777	-0.177926	-3.49353
DIff1_Matrix_St1	6	2302.44	0	0	0	0	28.755	39.9674	0.119019	8.43138	29.5486	27.203	-0.254247	-12.2588	29.5986	57.0302	-0.0671081	-6.78352	33.3077	10.8189	-0.179794	-3.44774
DIff1_Matrix_St1	7	2305.94	0	0	0	0	28.7542	39.7537	0.119811	8.44207	29.5488	26.3469	-0.255865	-11.9485	29.5984	58.1964	-0.0679417	-7.00821	33.3102	10.8652	-0.174566	-3.36181
DIff1_Matrix_St1	8	2309.44	0	0	0	0	28.7547	38.7895	0.119603	8.22305	29.5469	26.8343	-0.252179	-11.9943	29.5986	57.5448	-0.0707114	-7.21225	33.3057	11.4348	-0.172231	-3.49071
DIff1_Matrix_St1	9	2312.94	0	0	0	0	28.7527	38.7629	0.121634	8.35694	29.5476	26.698	-0.254631	-12.0494	29.5983	59.4729	-0.0675426	-7.11986	33.3078	11.2626	-0.178896	-3.57121
DIff1_Matrix_St1	10	2316.44	0	0	0	0	28.7532	38.9802	0.119273	8.24061	29.549	26.7951	-0.25202	-11.9692	29.5968	57.8222	-0.0701914	-7.19372	33.3071	11.1385	-0.174859	-3.45216
DIff1_Matrix_St1	11	2319.94	0	0	0	0	28.7524	39.5494	0.118069	8.27662	29.5493	27.1688	-0.251834	-12.1272	29.597	57.1624	-0.0703094	-7.12358	33.3005	11.1481	-0.17456	-3.44922
DIff1_Matrix_St1	12	2323.44	0	0	0	0	28.7528	39.135	0.119152	8.26502	29.5518	27.9071	-0.247413	-12.238	29.5984	57.7469	-0.0678173	-6.94135	33.3064	11.2307	-0.170685	-3.39763
DIff1_Matrix_St1	13	2326.95	0	0	0	0	28.7532	39.4092	0.118678	8.28977	29.5494	27.152	-0.249787	-12.0212	29.5981	57.2838	-0.0718295	-7.29305	33.3042	11.2249	-0.172781	-3.43758
DIff1_Matrix_St1	14	2330.45	0	0	0	0	28.7523	38.5047	0.120032	8.19193	29.5509	28.4227	-0.245075	-12.3464	29.5978	57.2749	-0.0689698	-7.00161	33.3048	11.2444	-0.171421	-3.41645
DIff1_Matrix_St1	15	2333.95	0	0	0	0	28.7544	38.7782	0.119134	8.1884	29.5529	28.8764	-0.243961	-12.4864	29.5981	57.3079	-0.0666079	-6.76574	33.3032	11.1334	-0.174998	-3.4533
DIff1_Matrix_St1	16	2337.45	0	0	0	0	28.7524	38.5582	0.119074	8.13784	29.5485	26.8657	-0.250326	-11.9201	29.5971	59.551	-0.0705255	-7.44407	33.309	10.9326	-0.177687	-3.44313
DIff1_Matrix_St1	17	2340.95	0	0	0	0	28.7513	38.9824	0.120456	8.32282	29.5504	28.4772	-0.239657	-12.0966	29.5972	57.9497	-0.0698834	-7.17794	33.3056	10.9846	-0.175314	-3.41332
DIff1_Matrix_St1	18	2344.45	0	0	0	0	28.7526	38.4561	0.118903	8.1046	29.5509	29.1463	-0.240298	-12.4139	29.5991	58.6914	-0.0653969	-6.8031	33.3015	11.2014	-0.174782	-3.47011
DIff1_Matrix_St1	19	2347.95	0	0	0	0	28.7513	39.0288	0.117566	8.1328	29.5536	28.6009	-0.242247	-12.2805	29.5974	57.4092	-0.0692411	-7.04564	33.3014	10.8864	-0.173977	-3.357
DIff1_Matrix_St1	20	2351.45	0	0	0	0	28.7513	38.5486	0.119362	8.15546	29.5507	29.4564	-0.236417	-12.3434	29.5981	57.7782	-0.0675943	-6.92228	33.3022	11.4313	-0.171366	-3.47211
DIff1_Matrix_St1	21	2354.96	0	0	0	0	28.7512	38.6942	0.118534	8.12949	29.5488	28.1714	-0.24246	-12.1066	29.5986	58.6016	-0.0703477	-7.30693	33.3026	10.9213	-0.172902	-3.34695
DIff1_Matrix_St1	22	2358.46	0	0	0	0	28.752	38.8732	0.118623	8.17325	29.552	29.9163	-0.234652	-12.4425	29.5996	57.3442	-0.0665402	-6.76314	33.301	10.8794	-0.171444	-3.30601
DIff1_Matrix_St1	23	2361.96	0	0	0	0	28.7511	37.9882	0.12108	8.1526	29.5531	28.9335	-0.240138	-12.3151	29.5986	58.7081	-0.068616	-7.14001	33.3045	11.2114	-0.173655	-3.45081
DIff1_Matrix_St1	24	2365.46	0	0	0	0	28.7495	38.0865	0.120332	8.1232	29.5529	28.4755	-0.241161	-12.1717	29.5977	58.2681	-0.0690549	-7.13182	33.3026	10.8821	-0.175659	-3.38812
DIff1_Matrix_St1	25	2368.96	0	0	0	0	28.7501	38.7309	0.118445	8.13109	29.5501	28.3372	-0.244866	-12.2987	29.5978	59.2859	-0.069455	-7.29844	33.3037	10.7734	-0.177613	-3.39159
DIff1_Matrix_St1	26	2372.46	0	0	0	0	28.7522	38.6872	0.119104	8.16709	29.5517	29.2653	-0.238641	-12.3787	29.5983	58.8863	-0.067199	-7.01378	33.2991	10.5993	-0.17942	-3.37072
DIff1_Matrix_St1	27	2375.96	0	0	0	0	28.751	38.0758	0.119212	8.04537	29.5517	28.5439	-0.242124	-12.2497	29.5966	58.4135	-0.0705085	-7.30011	33.299	10.9048	-0.171565	-3.31605
DIff1_Matrix_St1	28	2379.46	0	0	0	0	28.7506	37.9682	0.119999	8.07556	29.5502	28.6966	-0.240812	-12.2485	29.5972	59.5282	-0.0685094	-7.22849	33.2991	11.3133	-0.16911	-3.39104
DIff1_Matrix_St1	29	2382.97	0	0	0	0	28.751	36.6529	0.122547	7.96138	29.5513	28.5508	-0.23778	-12.0328	29.5986	58.1275	-0.0701425	-7.22666	33.2957	10.8377	-0.174109	-3.3445
DIff1_Matrix_St1	30	2386.47	0	0	0	0	28.7497	37.8187	0.120062	8.04796	29.5515	28.3473	-0.243028	-12.2108	29.5985	59.0325	-0.0702357	-7.34893	33.3031	10.9261	-0.171802	-3.32711
DIff1_Matrix_St1	31	2389.97	0	0	0	0	28.7504	38.2158	0.120537	8.16464	29.5512	28.4278	-0.24081	-12.1337	29.5978	59.4622	-0.0702032	-7.399	33.3019	11.2244	-0.171298	-3.40791
DIff1_Matrix_St1	32	2393.47	0	0	0	0	28.7518	38.3198	0.118423	8.0433	29.5543	28.6924	-0.242137	-12.3141	29.5971	58.1424	-0.0693273	-7.14451	33.3027	10.6264	-0.177643	-3.34589
DIff1_Matrix_St1	33	2396.97	0	0	0	0	28.7515	37.816	0.120923	8.10514	29.5505	27.6815	-0.246993	-12.1185	29.5972	59.6321	-0.0702559	-7.42571	33.3009	10.8079	-0.169767	-3.25214
DIff1_Matrix_St1	34	2400.47	0	0	0	0	28.7503	37.243	0.121506	8.02082	29.5497	28.9413	-0.238595	-12.2392	29.598	60.1241	-0.0690961	-7.36338	33.3021	10.8742	-0.1674	-3.22649
DIff1_Matrix_St1	35	2403.97	0	0	0	0	28.7497	36.7647	0.122273	7.96777	29.5495	28.8036	-0.237994	-12.1503	29.5978	59.4025	-0.0690169	-7.26667	33.3003	10.6079	-0.175322	-3.29641
DIff1_Matrix_St1	36	2407.47	0	0	0	0	28.7503	37.746	0.121559	8.13265	29.5528	28.7883	-0.240796	-12.2868	29.5976	58.4018	-0.0703194	-7.27908	33.2989	10.6148	-0.175848	-3.30843
DIff1_Matrix_St1	37	2410.97	0	0	0	0	28.7505	37.1627	0.120511	7.938	29.5517	28.8019	-0.241297	-12.3182	29.5973	59.8579	-0.068699	-7.28865	33.2982	10.9262	-0.17412	-3.37205
DIff1_Matrix_St1	38	2414.48	0	0	0	0	28.7478	36.2992	0.120589	7.75853	29.5534	30.5295	-0.232509	-12.5816	29.5989	59.4487	-0.0663437	-6.99064	33.2935	10.5863	-0.176789	-3.31723
DIff1_Matrix_St1	39	2417.98	0	0	0	0	28.7488	36.682	0.122891	7.99	29.5527	29.7424	-0.234591	-12.367	29.5975	58.5514	-0.0685791	-7.11712	33.298	10.5571	-0.175971	-3.29278
DIff1_Matrix_St1	40	2421.48	0	0	0	0	28.7494	36.49	0.123203	7.9684	29.553	27.5676	-0.246048	-12.0225	29.5965	60.0449	-0.0713175	-7.59009	33.298	10.5553	-0.175683	-3.28681
DIff1_Matrix_St1	41	2424.98	0	0	0	0	28.7481	36.2364	0.122198	7.84848	29.5525	28.1608	-0.241491	-12.0537	29.5978	59.8726	-0.0698581	-7.41344	33.2996	10.4605	-0.179104	-3.32071
DIff1_Matrix_St1	42	2428.48	0	0	0	0	28.7485	36.3547	0.123046	7.92872	29.5525	29.5746	-0.235233	-12.3308	29.5979	59.0241	-0.0685471	-7.17123	33.3005	10.8312	-0.1765	-3.38842
DIff1_Matrix_St1	43	2431.98	0	0	0	0	28.7471	35.7826	0.123894	7.85771	29.5513	28.0426	-0.240504	-11.954	29.5973	59.7074	-0.0711286	-7.52744	33.2987	10.4671	-0.178187	-3.30582
DIff1_Matrix_St1	44	2435.48	0	0	0	0	28.7494	36.0617	0.124076	7.93068	29.5505	28.2057	-0.241813	-12.089	29.5988	58.4764	-0.0716798	-7.42938	33.2955	10.325	-0.17918	-3.27908
DIff1_Matrix_St1	45	2438.98	0	0	0	0	28.7483	35.9695	0.121289	7.73268	29.555	30.1334	-0.231697	-12.375	29.5989	57.7741	-0.0674803	-6.91012	33.2961	10.1946	-0.178603	-3.22725
DIff1_Matrix_St1	46	2442.49	0	0	0	0	28.7472	36.4737	0.121934	7.88275	29.5546	30.852	-0.22996	-12.5751	29.5999	56.6826	-0.06785	-6.81671	33.2991	10.6926	-0.176885	-3.35234
DIff1_Matrix_St1	47	2445.99	0	0	0	0	28.7481	36.2654	0.125108	8.04179	29.5555	29.3867	-0.237156	-12.3527	29.5989	57.8552	-0.0679749	-6.97053	33.3004	10.8121	-0.169806	-3.25417
DIff1_Matrix_St1	48	2449.49	0	0	0	0	28.7489	35.3066	0.123521	7.72984	29.5546	29.6706	-0.237599	-12.4953	29.5987	57.9886	-0.0681273	-7.00227	33.2995	10.1725	-0.175275	-3.16025
DIff1_Matrix_St1	49	2452.99	0	0	0	0	28.7495	36.0165	0.121852	7.77873	29.5573	30.4533	-0.233721	-12.6155	29.599	57.9852	-0.0664147	-6.82585	33.2967	10.2093	-0.174655	-3.16047
DIff1_Matrix_St1	50	2456.49	0	0	0	0	28.7485	36.1357	0.121275	7.76751	29.5523	29.5872	-0.2338	-12.2609	29.5987	59.4849	-0.0684866	-7.22083	33.2954	10.2009	-0.177894	-3.21644
DIff1_Matrix_St1	51	2459.99	0	0	0	0	28.7481	35.1394	0.124785	7.77197	29.555	30.7686	-0.232391	-12.6737	29.5994	57.4575	-0.0670937	-6.83287	33.2956	10.4964	-0.182583	-3.39684
DIff1_Matrix_St1	52	2463.49	0	0	0	0	28.7478	34.2651	0.125998	7.65227	29.5513	28.9389	-0.236567	-12.1342	29.5994	59.7191	-0.0700986	-7.41989	33.2934	10.3433	-0.178654	-3.27527
DIff1_Matrix_St1	53	2466.99	0	0	0	0	28.747	35.996	0.12209	7.78951	29.552	29.4853	-0.236973	-12.3845	29.5985	58.2277	-0.0695625	-7.17926	33.2917	10.4168	-0.17232	-3.1816
DIff1_Matrix_St1	54	2470.5	0	0	0	0	28.749	34.9319	0.125709	7.78332	29.5554	29.7544	-0.235151	-12.4015	29.5979	57.4245	-0.0693393	-7.05751	33.2981	10.3912	-0.168301	-3.09975
DIff1_Matrix_St1	55	2474	0	0	0	0	28.7489	35.1647	0.124669	7.77037	29.5559	30.3681	-0.233697	-12.579	29.5981	59.388	-0.0675333	-7.10873	33.2946	10.3666	-0.175104	-3.2174
DIff1_Matrix_St1	56	2477.5	0	0	0	0	28.7466	35.107	0.124715	7.76046	29.5578	29.8034	-0.231897	-12.25	29.5985	58.9512	-0.0696675	-7.27944	33.2963	10.3435	-0.177341	-3.25125
DIff1_Matrix_St1	57	2481	0	0	0	0	28.7474	34.7595	0.123499	7.60872	29.5549	29.3758	-0.237321	-12.3566	29.5989	59.1053	-0.0698179	-7.31423	33.2974	10.2383	-0.175463	-3.18411
DIff1_Matrix_St1	58	2484.5	0	0	0	0	28.7459	34.119	0.12727	7.69658	29.5573	30.4905	-0.230262	-12.444	29.5988	58.1751	-0.0678237	-6.99348	33.2948	9.98853	-0.17948	-3.17755
DIff1_Matrix_St1	59	2488	0	0	0	0	28.7462	34.8525	0.128012	7.90788	29.5527	29.7425	-0.237076	-12.498	29.5985	57.5947	-0.0709676	-7.24466	33.2968	10.2415	-0.179152	-3.25206
DIff1_Matrix_St1	60	2491.5	0	0	0	0	28.7476	34.5272	0.1259	7.70481	29.5562	30.0557	-0.234885	-12.5129	29.5978	57.997	-0.0688368	-7.07622	33.2948	10.1066	-0.182101	-3.26207
DIff1_Matrix_St1	61	2495	0	0	0	0	28.746	34.3407	0.126631	7.70769	29.5541	29.4726	-0.236719	-12.3659	29.599	60.0337	-0.0693429	-7.37856	33.293	9.92936	-0.178658	-3.14427
DIff1_Matrix_St1	62	2498.51	0	0	0	0	28.7453	34.6	0.126685	7.76921	29.5565	29.9531	-0.234898	-12.4709	29.5975	59.7745	-0.0686956	-7.27813	33.2917	10.2223	-0.176911	-3.20536
DIff1_Matrix_St1	63	2502.01	0	0	0	0	28.7447	33.501	0.129096	7.66562	29.5555	30.9753	-0.232041	-12.7395	29.5984	57.7821	-0.0667114	-6.83232	33.2938	9.75665	-0.180964	-3.12944
DIff1_Matrix_St1	64	2505.51	0	0	0	0	28.7462	33.7284	0.128147	7.6609	29.5533	30.4537	-0.234142	-12.6385	29.5995	58.4969	-0.069712	-7.22795	33.297	10.1724	-0.17967	-3.23946
DIff1_Matrix_St1	65	2509.01	0	0	0	0	28.7451	33.7681	0.128472	7.68934	29.5521	29.7557	-0.235735	-12.4328	29.5991	59.462	-0.0687125	-7.24186	33.2886	9.95782	-0.180968	-3.19404
DIff1_Matrix_St1	66	2512.51	0	0	0	0	28.7469	34.112	0.126321	7.63763	29.5528	29.922	-0.234778	-12.4515	29.599	58.8969	-0.0701304	-7.32106	33.2938	10.2021	-0.180464	-3.26329
DIff1_Matrix_St1	67	2516.01	0	0	0	0	28.7459	34.0438	0.127195	7.67509	29.5523	29.2798	-0.239385	-12.4234	29.5971	58.5562	-0.0706141	-7.3289	33.2926	10.1685	-0.174659	-3.1479
DIff1_Matrix_St1	68	2519.51	0	0	0	0	28.7449	34.054	0.124844	7.53548	29.5518	29.9887	-0.235831	-12.5352	29.598	58.3368	-0.0716166	-7.40511	33.2987	10.1717	-0.175302	-3.16051
DIff1_Matrix_St1	69	2523.01	0	0	0	0	28.7456	33.8722	0.125986	7.5638	29.5556	31.2346	-0.231996	-12.8437	29.5981	58.1532	-0.0681169	-7.02107	33.2954	10.0918	-0.178082	-3.1854
DIff1_Matrix_St1	70	2526.51	0	0	0	0	28.7458	33.668	0.127161	7.58835	29.5572	31.1962	-0.2294	-12.6844	29.5983	59.1707	-0.0681676	-7.14924	33.2951	9.76838	-0.178866	-3.09689
DIff1_Matrix_St1	71	2530.02	0	0	0	0	28.7446	33.5221	0.126464	7.514	29.5538	30.4929	-0.233134	-12.6002	29.5982	59.1307	-0.0693891	-7.27242	33.2928	10.2924	-0.177702	-3.24178
DIff1_Matrix_St1	72	2533.52	0	0	0	0	28.7464	33.0339	0.127932	7.49052	29.5556	30.3565	-0.235414	-12.6666	29.5992	58.9438	-0.0691296	-7.22233	33.2954	10.3918	-0.177022	-3.26055
DIff1_Matrix_St1	73	2537.02	0	0	0	0	28.7429	33.8832	0.126196	7.57887	29.5509	30.6595	-0.232757	-12.6486	29.5985	59.5025	-0.068619	-7.23694	33.2914	10.0243	-0.177781	-3.15875
DIff1_Matrix_St1	74	2540.52	0	0	0	0	28.745	33.6491	0.126907	7.56894	29.5576	32.048	-0.229913	-13.0599	29.5988	56.9832	-0.0682359	-6.89183	33.2932	9.82203	-0.176899	-3.07965
DIff1_Matrix_St1	75	2544.02	0	0	0	0	28.7448	32.7771	0.128073	7.44055	29.5562	31.5489	-0.229174	-12.8152	29.5991	58.0496	-0.067254	-6.91979	33.2935	9.83215	-0.179773	-3.1329
DIff1_Matrix_St1	76	2547.52	0	0	0	0	28.7448	33.4763	0.126316	7.49498	29.5515	30.1083	-0.234083	-12.492	29.5995	58.8506	-0.0711299	-7.41955	33.2906	10.5043	-0.172597	-3.21347
DIff1_Matrix_St1	77	2551.02	0	0	0	0	28.7417	33.0597	0.129224	7.5721	29.5546	30.7095	-0.234072	-12.7408	29.5979	57.7505	-0.0710278	-7.2704	33.2933	10.2772	-0.176583	-3.21662
DIff1_Matrix_St1	78	2554.52	0	0	0	0	28.7428	32.7028	0.128701	7.46003	29.554	30.3647	-0.23657	-12.7322	29.5978	59.5531	-0.0686744	-7.24893	33.2938	10.1665	-0.176568	-3.1817
DIff1_Matrix_St1	79	2558.03	0	0	0	0	28.7445	32.4095	0.131853	7.57419	29.5541	30.1111	-0.234855	-12.5344	29.5981	59.1059	-0.0707262	-7.40946	33.2946	9.93864	-0.176643	-3.1117
DIff1_Matrix_St1	80	2561.53	0	0	0	0	28.7436	32.137	0.131088	7.46694	29.5518	29.5846	-0.236648	-12.4092	29.5987	59.5057	-0.0715618	-7.5477	33.2924	9.90767	-0.177429	-3.11582
DIff1_Matrix_St1	81	2565.03	0	0	0	0	28.7431	32.4751	0.130546	7.51433	29.5548	30.0598	-0.238552	-12.71	29.598	59.064	-0.0704553	-7.37584	33.2908	9.91648	-0.182752	-3.21214
DIff1_Matrix_St1	82	2568.53	0	0	0	0	28.744	32.9231	0.129323	7.5466	29.5539	31.5529	-0.228892	-12.8011	29.5989	57.8495	-0.0689459	-7.06941	33.2897	10.0045	-0.183411	-3.25235
DIff1_Matrix_St1	83	2572.03	0	0	0	0	28.7435	32.3163	0.130319	7.46453	29.5541	31.2863	-0.230986	-12.809	29.5988	58.5198	-0.0687914	-7.13529	33.2877	9.94202	-0.182763	-3.22061
DIff1_Matrix_St1	84	2575.53	0	0	0	0	28.7443	32.557	0.128289	7.40303	29.5558	30.3164	-0.234892	-12.6218	29.598	59.5941	-0.0690234	-7.29079	33.2909	9.81176	-0.183228	-3.1865
DIff1_Matrix_St1	85	2579.03	0	0	0	0	28.7433	32.1958	0.130976	7.47421	29.5545	31.2666	-0.231069	-12.8055	29.5991	60.0386	-0.0678649	-7.22189	33.2852	9.69246	-0.188249	-3.23401
DIff1_Matrix_St1	86	2582.53	0	0	0	0	28.7428	31.9883	0.133908	7.59226	29.5559	31.2888	-0.229753	-12.7416	29.5985	59.2368	-0.069124	-7.25764	33.2886	9.77575	-0.177421	-3.07419
DIff1_Matrix_St1	87	2586.04	0	0	0	0	28.743	32.3936	0.131232	7.53485	29.5545	30.1583	-0.23563	-12.5954	29.5979	60.0536	-0.0705024	-7.50444	33.2932	10.0332	-0.177558	-3.1576
DIff1_Matrix_St1	88	2589.54	0	0	0	0	28.7427	32.0718	0.129393	7.35547	29.5545	30.446	-0.236172	-12.7448	29.598	58.5799	-0.0701571	-7.28442	33.2893	9.94683	-0.17922	-3.1597
DIff1_Matrix_St1	89	2593.04	0	0	0	0	28.743	31.4209	0.131178	7.3056	29.5561	30.3752	-0.23562	-12.6855	29.5979	60.04	-0.0697153	-7.41897	33.2888	9.33917	-0.187138	-3.09775
DIff1_Matrix_St1	90	2596.54	0	0	0	0	28.7434	31.8614	0.130111	7.34774	29.556	29.4118	-0.240045	-12.5138	29.5972	60.2835	-0.07227	-7.72203	33.289	9.82989	-0.17993	-3.13492
DIff1_Matrix_St1	91	2600.04	0	0	0	0	28.7428	31.6943	0.132196	7.42633	29.5556	30.3036	-0.237561	-12.7598	29.5984	59.7501	-0.0699382	-7.40675	33.2844	9.35874	-0.183248	-3.03971
DIff1_Matrix_St1	92	2603.54	0	0	0	0	28.743	31.5338	0.1316	7.35541	29.5548	30.5251	-0.233704	-12.6444	29.599	60.1069	-0.0701335	-7.4718	33.2862	9.51745	-0.187495	-3.1629
DIff1_Matrix_St1	93	2607.04	0	0	0	0	28.7425	31.7228	0.13284	7.46923	29.5552	30.9109	-0.236395	-12.9516	29.598	57.6412	-0.0692269	-7.07267	33.2851	9.62466	-0.182707	-3.11684
DIff1_Matrix_St1	94	2610.54	0	0	0	0	28.7426	31.5589	0.132175	7.39343	29.551	29.9812	-0.238036	-12.6493	29.5985	58.884	-0.071294	-7.44089	33.2906	9.47759	-0.18472	-3.10304
DIff1_Matrix_St1	95	2614.04	0	0	0	0	28.741	31.0335	0.132203	7.2719	29.554	30.4693	-0.235643	-12.726	29.5975	59.1725	-0.0702189	-7.36459	33.2883	9.81639	-0.181407	-3.15631
DIff1_Matrix_St1	96	2617.55	0	0	0	0	28.7423	30.9883	0.13129	7.21112	29.5542	29.8364	-0.236645	-12.5146	29.5978	59.7029	-0.0716535	-7.58242	33.2874	9.56003	-0.18602	-3.15206
DIff1_Matrix_St1	97	2621.05	0	0	0	0	28.7422	31.3486	0.132378	7.35544	29.5547	29.9979	-0.23715	-12.6093	29.5976	60.3942	-0.0689309	-7.37877	33.2893	9.56116	-0.183883	-3.11621
DIff1_Matrix_St1	98	2624.55	0	0	0	0	28.7401	31.4387	0.132514	7.38417	29.5533	30.8097	-0.234198	-12.7893	29.5983	57.9738	-0.0715684	-7.35408	33.287	9.47242	-0.182384	-3.06212
DIff1_Matrix_St1	99	2628.05	0	0	0	0	28.741	31.1123	0.130968	7.22225	29.5515	29.4383	-0.238421	-12.4403	29.5989	60.0753	-0.0714009	-7.60282	33.2898	9.41666	-0.178551	-2.98012
DIff1_Matrix_St1	100	2631.55	0	0	0	0	28.7441	31.0234	0.132833	7.30415	29.5553	29.977	-0.237154	-12.6007	29.5971	60.2889	-0.0714508	-7.63518	33.2879	9.07637	-0.188523	-3.03285
DIff1_Matrix_St1	101	2635.05	0	0	0	0	28.7422	31.0767	0.133755	7.36751	29.5529	29.8741	-0.23495	-12.4407	29.5992	60.5327	-0.0712748	-7.64718	33.2866	9.41112	-0.180796	-3.01581
DIff1_Matrix_St1	102	2638.55	0	0	0	0	28.7437	30.6051	0.133845	7.26061	29.5571	32.182	-0.228048	-13.0081	29.5996	58.2829	-0.0677459	-6.9984	33.2887	9.55044	-0.175474	-2.97038
DIff1_Matrix_St1	103	2642.05	0	0	0	0	28.7422	30.4783	0.134071	7.24269	29.5556	31.612	-0.229708	-12.8707	29.5991	58.3457	-0.0697283	-7.21096	33.2883	9.32753	-0.188468	-3.11588
DIff1_Matrix_St1	104	2645.56	0	0	0	0	28.7421	31.3144	0.132546	7.35674	29.5578	33.3875	-0.225115	-13.3218	29.5983	58.2409	-0.0664798	-6.86267	33.286	9.47378	-0.178802	-3.00241
DIff1_Matrix_St1	105	2649.06	0	0	0	0	28.7407	30.5582	0.132042	7.15178	29.5554	30.1293	-0.239715	-12.8015	29.5969	60.1034	-0.0708603	-7.54879	33.2847	9.49995	-0.18339	-3.08796
DIff1_Matrix_St1	106	2652.56	0	0	0	0	28.7399	29.9269	0.135247	7.17403	29.556	31.8056	-0.232003	-13.079	29.5988	58.973	-0.068709	-7.18195	33.2873	9.54718	-0.180768	-3.05894
DIff1_Matrix_St1	107	2656.06	0	0	0	0	28.7405	29.6348	0.135465	7.11546	29.5562	32.5002	-0.230137	-13.2571	29.599	58.745	-0.06898	-7.18239	33.2872	9.45715	-0.180323	-3.02264
DIff1_Matrix_St1	108	2659.56	0	0	0	0	28.7402	30.6636	0.134397	7.30447	29.5569	31.9724	-0.229519	-13.0068	29.5985	57.9804	-0.0701286	-7.20694	33.2855	9.40449	-0.183752	-3.06297
DIff1_Matrix_St1	109	2663.06	0	0	0	0	28.74	29.6584	0.13679	7.19079	29.5572	32.0137	-0.228221	-12.9499	29.5983	59.4426	-0.0674601	-7.10754	33.2844	9.22143	-0.187972	-3.07231
DIff1_Matrix_St1	110	2666.56	0	0	0	0	28.7408	30.015	0.135084	7.1865	29.5544	29.8035	-0.239041	-12.6274	29.5977	59.1162	-0.0724216	-7.5884	33.2802	9.22707	-0.186299	-3.04684
DIff1_Matrix_St1	111	2670.06	0	0	0	0	28.7407	29.8013	0.133605	7.05723	29.555	31.043	-0.235829	-12.9758	29.5994	58.0026	-0.0709945	-7.29873	33.2874	9.27227	-0.182848	-3.00505
DIff1_Matrix_St1	112	2673.57	0	0	0	0	28.7405	30.3429	0.133459	7.17762	29.5525	30.0414	-0.239125	-12.7326	29.5978	61.8391	-0.0705954	-7.73775	33.2861	9.20337	-0.18637	-3.04016
DIff1_Matrix_St1	113	2677.07	0	0	0	0	28.7395	29.9443	0.133716	7.09695	29.5508	31.6182	-0.232342	-13.0208	29.5995	59.9568	-0.0704759	-7.48952	33.2831	9.11585	-0.19196	-3.10158
DIff1_Matrix_St1	114	2680.57	0	0	0	0	28.7424	29.5835	0.135094	7.0837	29.5525	30.8648	-0.233291	-12.7625	29.5989	59.8267	-0.0701082	-7.43427	33.2836	9.11267	-0.189425	-3.05955
DIff1_Matrix_St1	115	2684.07	0	0	0	0	28.74	29.6654	0.136873	7.19687	29.5538	30.4419	-0.237797	-12.8308	29.5999	59.1145	-0.0709707	-7.43615	33.282	8.97716	-0.190823	-3.03631
DIff1_Matrix_St1	116	2687.57	0	0	0	0	28.7382	29.6677	0.136462	7.17581	29.5562	31.8804	-0.232224	-13.1221	29.5987	58.5471	-0.068933	-7.15333	33.2882	9.30206	-0.182011	-3.0009
DIff1_Matrix_St1	117	2691.07	0	0	0	0	28.7396	29.2292	0.136585	7.07612	29.5558	31.9103	-0.234045	-13.2375	29.5985	59.2775	-0.0690914	-7.2592	33.2887	9.36337	-0.185926	-3.08566
DIff1_Matrix_St1	118	2694.57	0	0	0	0	28.7397	29.5024	0.134824	7.05017	29.5548	30.6997	-0.234502	-12.7601	29.5988	60.3387	-0.0698557	-7.4709	33.2865	9.22877	-0.189149	-3.09402
DIff1_Matrix_St1	119	2698.07	0	0	0	0	28.7397	28.8768	0.139557	7.14292	29.556	32.3267	-0.231385	-13.2578	29.5982	58.6692	-0.0687621	-7.15046	33.2804	9.29631	-0.186487	-3.07281
DIff1_Matrix_St1	120	2701.58	0	0	0	0	28.7403	28.5456	0.138377	7.00126	29.5553	32.9543	-0.227746	-13.3027	29.5985	58.1168	-0.0689288	-7.10031	33.2806	8.99874	-0.183454	-2.92607
DIff1_Matrix_St1	121	2705.08	0	0	0	0	28.7385	28.828	0.137593	7.03052	29.5578	30.1718	-0.238606	-12.7602	29.5974	61.2655	-0.0698133	-7.58105	33.2835	9.05915	-0.18705	-3.00345
DIff1_Matrix_St1	122	2708.58	0	0	0	0	28.7385	28.2469	0.140662	7.04243	29.5562	32.7069	-0.229417	-13.2996	29.5996	57.953	-0.0672549	-6.90837	33.2814	9.27205	-0.187622	-3.08343
DIff1_Matrix_St1	123	2712.08	0	0	0	0	28.7394	29.1147	0.134869	6.95982	29.557	32.3093	-0.23005	-13.1742	29.5988	59.7127	-0.0674904	-7.14305	33.287	9.00019	-0.191713	-3.05829
DIff1_Matrix_St1	124	2715.58	0	0	0	0	28.7349	28.252	0.140128	7.01698	29.5551	32.8005	-0.228166	-13.2649	29.5992	59.0432	-0.0683856	-7.15665	33.28	8.99152	-0.187662	-2.99077
DIff1_Matrix_St1	125	2719.08	0	0	0	0	28.7384	28.8756	0.139034	7.11584	29.5561	30.9128	-0.234329	-12.8393	29.5981	59.4234	-0.0721551	-7.59976	33.2823	9.05555	-0.192039	-3.08233
DIff1_Matrix_St1	126	2722.58	0	0	0	0	28.7381	28.4681	0.140059	7.06714	29.5556	31.8906	-0.232099	-13.1193	29.5988	58.5655	-0.0693606	-7.19995	33.285	8.95253	-0.188515	-2.99135
DIff1_Matrix_St1	127	2726.08	0	0	0	0	28.7381	28.0008	0.141581	7.02667	29.5554	32.6055	-0.227897	-13.1706	29.599	59.0943	-0.0690769	-7.23525	33.2867	8.86538	-0.186948	-2.9376
DIff1_Matrix_St1	128	2729.58	0	0	0	0	28.7389	28.5238	0.140718	7.1143	29.558	33.1241	-0.22778	-13.3732	29.5995	59.5498	-0.0670484	-7.07691	33.2865	8.72128	-0.187551	-2.89918
DIff1_Matrix_St1	129	2733.09	0	0	0	0	28.7379	28.1987	0.138167	6.90572	29.5563	32.0319	-0.233002	-13.2287	29.598	60.0458	-0.0699198	-7.44145	33.2827	8.89611	-0.190866	-3.00957
DIff1_Matrix_St1	130	2736.59	0	0	0	0	28.7399	28.6083	0.136609	6.92702	29.559	31.6505	-0.2332	-13.0823	29.5984	58.2766	-0.0712777	-7.36245	33.2824	9.03178	-0.186109	-2.97932
DIff1_Matrix_St1	131	2740.09	0	0	0	0	28.7371	27.7186	0.140502	6.90285	29.5538	32.1305	-0.23195	-13.2095	29.5994	59.8372	-0.0696036	-7.38207	33.2823	8.96443	-0.191888	-3.04891
DIff1_Matrix_St1	132	2743.59	0	0	0	0	28.7393	27.9299	0.140571	6.95891	29.5563	32.6766	-0.22978	-13.3084	29.5992	58.9145	-0.0690737	-7.2129	33.284	8.87214	-0.193236	-3.03872
DIff1_Matrix_St1	133	2747.09	0	0	0	0	28.7395	27.8557	0.138687	6.84736	29.5559	32.3524	-0.231214	-13.2586	29.5984	57.9857	-0.071384	-7.33664	33.2841	8.80867	-0.193202	-3.01646
DIff1_Matrix_St1	134	2750.59	0	0	0	0	28.7389	27.9713	0.139539	6.91806	29.5552	32.0448	-0.231275	-13.1359	29.5999	60.5415	-0.0687044	-7.37247	33.2844	8.94905	-0.188845	-2.99542
DIff1_Matrix_St1	135	2754.09	0	0	0	0	28.7395	27.0259	0.140867	6.74785	29.5564	31.6787	-0.230254	-12.9286	29.5987	58.6798	-0.0707644	-7.36001	33.2845	8.88395	-0.185908	-2.92738
DIff1_Matrix_St1	136	2757.59	0	0	0	0	28.7381	28.0664	0.137349	6.83261	29.5578	32.1895	-0.231564	-13.2117	29.5994	59.3275	-0.0690508	-7.26106	33.2871	8.86523	-0.186874	-2.93638
DIff1_Matrix_St1	137	2761.1	0	0	0	0	28.7392	27.8124	0.139474	6.87552	29.5546	31.8926	-0.233146	-13.1793	29.599	58.1374	-0.0702471	-7.23867	33.2856	9.12335	-0.179326	-2.89983
DIff1_Matrix_St1	138	2764.6	0	0	0	0	28.7375	27.9422	0.140413	6.95415	29.5554	30.9876	-0.236261	-12.9764	29.5983	60.376	-0.0714791	-7.64924	33.2848	8.84599	-0.186979	-2.93166
DIff1_Matrix_St1	139	2768.1	0	0	0	0	28.738	26.6948	0.142866	6.75975	29.5525	31.8916	-0.233226	-13.1834	29.5993	59.4781	-0.0716267	-7.55105	33.2838	8.91041	-0.186529	-2.94591
DIff1_Matrix_St1	140	2771.6	0	0	0	0	28.737	27.0457	0.142476	6.82988	29.5559	32.3048	-0.229698	-13.1522	29.5986	57.6189	-0.0711702	-7.26839	33.2822	9.01048	-0.190571	-3.04355
DIff1_Matrix_St1	141	2775.1	0	0	0	0	28.7368	27.8235	0.138307	6.82074	29.5556	32.2945	-0.2335	-13.3657	29.5994	61.1264	-0.0695846	-7.53906	33.2846	8.56048	-0.193882	-2.94178
DIff1_Matrix_St1	142	2778.6	0	0	0	0	28.7375	27.5437	0.142006	6.93274	29.5586	32.7631	-0.231461	-13.4412	29.599	59.4486	-0.0683654	-7.20366	33.2858	8.87675	-0.183779	-2.89152
DIff1_Matrix_St1	143	2782.1	0	0	0	0	28.7376	27.9146	0.140903	6.9715	29.5582	32.6401	-0.232301	-13.4394	29.598	58.7511	-0.0700147	-7.29088	33.2808	8.43465	-0.19506	-2.91615
DIff1_Matrix_St1	144	2785.6	0	0	0	0	28.7357	26.9102	0.142376	6.79092	29.5557	31.7943	-0.233161	-13.1396	29.5994	58.9409	-0.0709898	-7.41631	33.2807	8.70629	-0.186815	-2.88283
DIff1_Matrix_St1	145	2789.11	0	0	0	0	28.7364	26.754	0.142821	6.77259	29.5546	31.1282	-0.235323	-12.9835	29.5988	60.455	-0.0717016	-7.68308	33.2791	8.53627	-0.198975	-3.01053
DIff1_Matrix_St1	146	2792.61	0	0	0	0	28.7355	26.638	0.140586	6.63769	29.559	32.407	-0.230476	-13.2385	29.5981	58.9635	-0.0710766	-7.42822	33.2876	8.9564	-0.187925	-2.98328
DIff1_Matrix_St1	147	2796.11	0	0	0	0	28.7371	26.3131	0.142418	6.64218	29.556	31.6114	-0.231941	-12.9956	29.5991	60.1732	-0.070422	-7.5108	33.2733	8.66015	-0.184113	-2.82608
DIff1_Matrix_St1	148	2799.61	0	0	0	0	28.7365	26.857	0.142122	6.76541	29.5574	31.7954	-0.233895	-13.1813	29.598	59.6279	-0.07157	-7.56406	33.2772	9.00233	-0.191523	-3.05598
DIff1_Matrix_St1	149	2803.11	0	0	0	0	28.7358	26.6835	0.143317	6.7782	29.5575	34.5536	-0.224143	-13.7276	29.5997	58.3644	-0.0675027	-6.98303	33.2824	8.82491	-0.185316	-2.89867
DIff1_Matrix_St1	150	2806.61	0	0	0	0	28.738	27.5014	0.140678	6.85738	29.5557	32.8403	-0.230692	-13.4281	29.5996	58.3102	-0.069289	-7.16117	33.2775	8.46968	-0.191366	-2.87282
DIff1_Matrix_St1	151	2810.11	0	0	0	0	28.7358	26.5581	0.142822	6.72304	29.5598	32.6264	-0.230537	-13.3317	29.5983	59.0082	-0.0704596	-7.36932	33.2796	8.56848	-0.194397	-2.95235
DIff1_Matrix_St1	152	2813.61	0	0	0	0	28.7367	26.2027	0.145006	6.73454	29.5591	33.2878	-0.230921	-13.6246	29.5999	58.8034	-0.0693205	-7.22501	33.2816	8.48826	-0.196103	-2.95037
DIff1_Matrix_St1	153	2817.12	0	0	0	0	28.7362	25.8571	0.145437	6.66544	29.5582	31.9269	-0.233515	-13.2144	29.6004	60.0538	-0.0701044	-7.4621	33.28	8.43989	-0.192638	-2.88173
DIff1_Matrix_St1	154	2820.62	0	0	0	0	28.7361	26.0408	0.143575	6.62688	29.556	32.0104	-0.233969	-13.2747	29.5985	60.1945	-0.0701958	-7.48933	33.2771	8.2407	-0.197296	-2.88176
DIff1_Matrix_St1	155	2824.12	0	0	0	0	28.7358	26.4192	0.14391	6.73885	29.5593	33.9892	-0.225537	-13.5873	29.6012	58.2694	-0.0677572	-6.99795	33.2794	8.38688	-0.193471	-2.87601
DIff1_Matrix_St1	156	2827.62	0	0	0	0	28.7357	26.1064	0.14557	6.73589	29.5591	34.18	-0.22622	-13.705	29.6	58.6794	-0.0668956	-6.95758	33.2832	8.58371	-0.190419	-2.89707
DIff1_Matrix_St1	157	2831.12	0	0	0	0	28.7368	25.6269	0.148237	6.73328	29.558	32.2873	-0.232064	-13.2805	29.5992	59.0594	-0.0708104	-7.41244	33.2788	8.48509	-0.192192	-2.89046
DIff1_Matrix_St1	158	2834.62	0	0	0	0	28.7364	25.9021	0.145336	6.67242	29.5581	31.9338	-0.236539	-13.3884	29.5988	58.5882	-0.0710202	-7.37508	33.28	8.52348	-0.190956	-2.88486
DIff1_Matrix_St1	159	2838.12	0	0	0	0	28.7363	26.5701	0.141067	6.64347	29.5577	33.048	-0.230782	-13.5183	29.5995	59.0648	-0.0698814	-7.31585	33.2804	8.25777	-0.192666	-2.81996
DIff1_Matrix_St1	160	2841.62	0	0	0	0	28.7355	25.8142	0.147348	6.74183	29.5576	32.1189	-0.232536	-13.2381	29.6006	59.9757	-0.0705048	-7.49496	33.2812	8.18954	-0.188203	-2.73187
DIff1_Matrix_St1	161	2845.12	0	0	0	0	28.7344	25.8951	0.149029	6.84013	29.5606	33.2995	-0.231198	-13.6458	29.5982	58.3933	-0.0705892	-7.30595	33.2772	8.24595	-0.198893	-2.90694
DIff1_Matrix_St1	162	2848.63	0	0	0	0	28.7342	25.6148	0.147207	6.68335	29.5562	32.904	-0.229523	-13.386	29.6	59.1239	-0.0700007	-7.33568	33.2802	8.3918	-0.190447	-2.83272
DIff1_Matrix_St1	163	2852.13	0	0	0	0	28.7327	25.9307	0.147092	6.76046	29.5608	33.2197	-0.228643	-13.4626	29.5996	59.4279	-0.0697161	-7.34342	33.2772	8.44333	-0.195433	-2.92474
DIff1_Matrix_St1	164	2855.63	0	0	0	0	28.7366	25.6292	0.145112	6.59195	29.5599	33.4215	-0.231381	-13.7066	29.5996	58.8089	-0.0696048	-7.25533	33.2829	8.20775	-0.1941	-2.82373
DIff1_Matrix_St1	165	2859.13	0	0	0	0	28.7343	25.6376	0.145507	6.61205	29.5582	33.3395	-0.228432	-13.4986	29.5999	58.4873	-0.0688386	-7.13622	33.2778	8.20438	-0.190616	-2.77191
DIff1_Matrix_St1	166	2862.63	0	0	0	0	28.7331	25.4256	0.148886	6.70967	29.5591	32.6157	-0.230064	-13.3	29.599	60.2201	-0.0711052	-7.58958	33.277	8.33112	-0.197337	-2.91399
DIff1_Matrix_St1	167	2866.13	0	0	0	0	28.7358	25.8915	0.14441	6.62719	29.5578	33.6418	-0.227852	-13.5865	29.6003	59.2224	-0.0698869	-7.33596	33.2748	8.37908	-0.19761	-2.93481
DIff1_Matrix_St1	168	2869.63	0	0	0	0	28.7351	25.6802	0.145648	6.62944	29.5591	34.0691	-0.229419	-13.8537	29.5992	59.9105	-0.0672666	-7.14294	33.2769	8.27165	-0.198363	-2.90823
DIff1_Matrix_St1	169	2873.13	0	0	0	0	28.7353	25.6681	0.14535	6.61277	29.5593	34.2233	-0.224925	-13.6438	29.6007	59.1627	-0.0682715	-7.15917	33.2806	8.62681	-0.191166	-2.92305
DIff1_Matrix_St1	170	2876.64	0	0	0	0	28.7333	25.3782	0.144754	6.51128	29.5585	34.5374	-0.225737	-13.8187	29.6009	58.1962	-0.067923	-7.00625	33.2789	8.28391	-0.188196	-2.76325
DIff1_Matrix_St1	171	2880.14	0	0	0	0	28.7338	25.4206	0.146213	6.5879	29.5578	33.7362	-0.228142	-13.6419	29.6012	58.3324	-0.0688925	-7.1229	33.2739	8.34041	-0.197845	-2.92475
DIff1_Matrix_St1	172	2883.64	0	0	0	0	28.7346	24.6487	0.149443	6.52898	29.557	32.596	-0.232607	-13.4388	29.5993	59.9588	-0.0704731	-7.48948	33.2775	8.08892	-0.207905	-2.98078
DIff1_Matrix_St1	173	2887.14	0	0	0	0	28.7337	24.8984	0.148117	6.53661	29.5569	33.7633	-0.228403	-13.6685	29.5997	58.6151	-0.0689416	-7.16253	33.2816	8.3771	-0.190576	-2.82967
DIff1_Matrix_St1	174	2890.64	0	0	0	0	28.7347	24.8134	0.147728	6.49718	29.5607	34.0664	-0.227351	-13.7277	29.6003	59.4116	-0.0691564	-7.28247	33.2793	8.53079	-0.1943	-2.9379
DIff1_Matrix_St1	175	2894.14	0	0	0	0	28.7332	24.7194	0.14761	6.46737	29.5553	33.8883	-0.229399	-13.779	29.6012	59.7602	-0.0680598	-7.20905	33.2764	8.62495	-0.190085	-2.90589
DIff1_Matrix_St1	176	2897.64	0	0	0	0	28.7342	24.7031	0.150049	6.56994	29.5583	34.3759	-0.225613	-13.7465	29.6003	58.4832	-0.0695145	-7.20579	33.2779	8.35881	-0.187132	-2.77248
DIff1_Matrix_St1	177	2901.14	0	0	0	0	28.7341	25.5301	0.145178	6.56946	29.5588	33.467	-0.229186	-13.595	29.6001	58.1764	-0.0694967	-7.16615	33.2772	8.32135	-0.195878	-2.88905
DIff1_Matrix_St1	178	2904.65	0	0	0	0	28.7328	24.4908	0.147572	6.40591	29.5569	32.8604	-0.231335	-13.4738	29.5994	58.4637	-0.0710467	-7.36216	33.2736	8.04983	-0.202099	-2.88353
DIff1_Matrix_St1	179	2908.15	0	0	0	0	28.7344	24.7467	0.147664	6.4769	29.5579	33.2505	-0.233165	-13.7416	29.6001	59.1947	-0.0690479	-7.2445	33.2747	8.30773	-0.197863	-2.91355
DIff1_Matrix_St1	180	2911.65	0	0	0	0	28.7346	24.456	0.149091	6.46265	29.5558	33.7186	-0.230145	-13.7546	29.6006	59.6035	-0.0693514	-7.32659	33.2729	7.95171	-0.203814	-2.87257
DIff1_Matrix_St1	181	2915.15	0	0	0	0	28.7349	24.4488	0.151154	6.55016	29.5609	34.2332	-0.226031	-13.7148	29.5997	57.8341	-0.0686423	-7.0364	33.2764	7.99216	-0.201216	-2.85037
DIff1_Matrix_St1	182	2918.65	0	0	0	0	28.7315	24.3396	0.150339	6.48577	29.5594	34.9427	-0.225768	-13.9828	29.6007	57.2814	-0.0680906	-6.91314	33.2786	8.27775	-0.193884	-2.84465
DIff1_Matrix_St1	183	2922.15	0	0	0	0	28.7345	24.7875	0.146794	6.44935	29.5586	33.7944	-0.228633	-13.6949	29.6007	58.1348	-0.0701175	-7.22499	33.2805	7.76212	-0.20616	-2.83634
DIff1_Matrix_St1	184	2925.65	0	0	0	0	28.7322	23.7582	0.156901	6.60714	29.56	33.9123	-0.22931	-13.7834	29.6008	58.2671	-0.0691548	-7.14201	33.2697	7.90731	-0.198446	-2.78129
DIff1_Matrix_St1	185	2929.15	0	0	0	0	28.7332	24.1854	0.151212	6.48206	29.5583	34.8737	-0.226852	-14.0222	29.6	58.7104	-0.0679965	-7.07582	33.2762	7.74993	-0.197071	-2.70705
DIff1_Matrix_St1	186	2932.66	0	0	0	0	28.7351	24.3719	0.149825	6.47214	29.5582	33.7986	-0.230825	-13.8279	29.599	60.0227	-0.0694548	-7.38912	33.2761	7.91812	-0.197536	-2.77233
DIff1_Matrix_St1	187	2936.16	0	0	0	0	28.7309	23.7056	0.153026	6.42971	29.5607	33.2352	-0.23305	-13.7285	29.5992	59.1918	-0.0699581	-7.33964	33.2738	8.03341	-0.194754	-2.77308
DIff1_Matrix_St1	188	2939.66	0	0	0	0	28.7342	24.2698	0.148592	6.39201	29.561	33.9316	-0.230168	-13.8428	29.6013	58.303	-0.0693621	-7.16784	33.2796	8.02682	-0.196136	-2.79045
DIff1_Matrix_St1	189	2943.16	0	0	0	0	28.7329	24.3081	0.149704	6.45	29.5606	33.4734	-0.230401	-13.6697	29.6	59.2837	-0.070194	-7.37583	33.2788	8.09504	-0.195961	-2.81166
DIff1_Matrix_St1	190	2946.66	0	0	0	0	28.7318	23.8643	0.150546	6.36788	29.5601	33.8788	-0.230622	-13.8485	29.601	58.8073	-0.0677139	-7.05803	33.2739	7.76346	-0.200296	-2.75615
DIff1_Matrix_St1	191	2950.16	0	0	0	0	28.733	24.1884	0.148767	6.37807	29.5616	34.6952	-0.229001	-14.0826	29.6008	59.3781	-0.0678993	-7.14606	33.2735	8.01684	-0.196165	-2.7874
DIff1_Matrix_St1	192	2953.66	0	0	0	0	28.7304	24.2019	0.153616	6.58964	29.5597	33.0965	-0.23189	-13.6032	29.5997	58.4879	-0.0713637	-7.39806	33.278	7.98343	-0.193821	-2.74261
DIff1_Matrix_St1	193	2957.16	0	0	0	0	28.7325	23.6765	0.153015	6.42138	29.5581	32.8603	-0.232779	-13.5578	29.6004	59.2525	-0.0709699	-7.45342	33.2765	7.82253	-0.195188	-2.7063
DIff1_Matrix_St1	194	2960.66	0	0	0	0	28.7308	23.6977	0.154283	6.48037	29.5592	33.3341	-0.229488	-13.5589	29.6009	59.1258	-0.0712485	-7.46669	33.2713	8.1838	-0.194308	-2.81851
DIff1_Matrix_St1	195	2964.17	0	0	0	0	28.733	23.3941	0.153988	6.38511	29.5594	32.1191	-0.236039	-13.4376	29.5992	61.0677	-0.0714838	-7.73739	33.2729	7.84188	-0.203873	-2.8337
DIff1_Matrix_St1	196	2967.67	0	0	0	0	28.7301	23.7103	0.15305	6.43197	29.5594	33.7553	-0.232047	-13.8833	29.6	58.5434	-0.06942	-7.2034	33.2727	7.76707	-0.204646	-2.81732
DIff1_Matrix_St1	197	2971.17	0	0	0	0	28.7324	23.5008	0.151524	6.31161	29.5616	34.8642	-0.227127	-14.0354	29.6003	58.966	-0.0670038	-7.00287	33.2758	8.14512	-0.194826	-2.81267
DIff1_Matrix_St1	198	2974.67	0	0	0	0	28.7329	23.6009	0.153741	6.43124	29.5606	34.6518	-0.227956	-14.0008	29.6007	58.9523	-0.0673598	-7.03845	33.2715	7.8898	-0.205847	-2.87863
DIff1_Matrix_St1	199	2978.17	0	0	0	0	28.7343	22.8728	0.152579	6.1857	29.5613	33.8638	-0.229934	-13.8011	29.6001	58.8795	-0.0684623	-7.14481	33.2773	7.83398	-0.204703	-2.84238
DIff1_Matrix_St1	200	2981.67	0	0	0	0	28.7345	23.1865	0.15395	6.32689	29.5585	34.4839	-0.226872	-13.8667	29.6002	57.963	-0.069027	-7.09161	33.2756	7.74245	-0.198414	-2.72286
DIff1_Matrix_St1	201	2985.17	0	0	0	0	28.7318	23.0926	0.157088	6.42971	29.5616	33.9271	-0.229438	-13.7971	29.5999	57.9992	-0.0697316	-7.16847	33.2712	7.8383	-0.197872	-2.74904
DIff1_Matrix_St1	202	2988.67	0	0	0	0	28.7317	23.1971	0.153064	6.29336	29.5603	33.1916	-0.231265	-13.6054	29.5995	58.6137	-0.0717752	-7.45673	33.2772	7.93493	-0.191259	-2.68992
DIff1_Matrix_St1	203	2992.18	0	0	0	0	28.7336	22.8408	0.154011	6.23502	29.5593	33.2265	-0.232853	-13.7133	29.6006	60.8206	-0.0702248	-7.57036	33.2759	7.76274	-0.201565	-2.77335
DIff1_Matrix_St1	204	2995.68	0	0	0	0	28.7342	23.0669	0.15303	6.25663	29.5614	33.8338	-0.231085	-13.8579	29.6007	59.4373	-0.068555	-7.22227	33.2705	7.74256	-0.200425	-2.75049
DIff1_Matrix_St1	205	2999.18	0	0	0	0	28.7332	23.1057	0.154235	6.31651	29.5597	34.3444	-0.22817	-13.8896	29.5996	59.1129	-0.0686104	-7.18865	33.2693	7.6759	-0.202701	-2.75778
DIff1_Matrix_St1	206	3002.68	0	0	0	0	28.7306	22.9075	0.154771	6.28406	29.5604	35.045	-0.225678	-14.0181	29.6004	57.2567	-0.0703609	-7.14057	33.2688	7.71511	-0.196978	-2.6936
DIff1_Matrix_St1	207	3006.18	0	0	0	0	28.7292	22.7288	0.154589	6.22773	29.5564	33.5117	-0.232038	-13.7825	29.6015	58.9427	-0.0701852	-7.33247	33.2785	7.70792	-0.197608	-2.6997
DIff1_Matrix_St1	208	3009.68	0	0	0	0	28.7318	22.22	0.157619	6.20765	29.5616	34.6071	-0.225829	-13.8523	29.6007	58.2562	-0.0687884	-7.10285	33.2728	7.55595	-0.205047	-2.7461
DIff1_Matrix_St1	209	3013.18	0	0	0	0	28.7319	22.791	0.158116	6.38725	29.5577	32.1477	-0.236625	-13.4829	29.6	58.9146	-0.0713855	-7.45432	33.2731	7.55586	-0.202946	-2.71794
DIff1_Matrix_St1	210	3016.68	0	0	0	0	28.7308	22.432	0.159264	6.33231	29.5588	32.9874	-0.233017	-13.6242	29.6006	59.992	-0.0707646	-7.52461	33.2714	7.67474	-0.19394	-2.6382
DIff1_Matrix_St1	211	3020.19	0	0	0	0	28.7302	22.0175	0.160582	6.26673	29.5598	35.2416	-0.227074	-14.184	29.6004	57.9866	-0.068261	-7.01578	33.2688	7.48924	-0.202864	-2.69288
DIff1_Matrix_St1	212	3023.69	0	0	0	0	28.7303	22.1236	0.158925	6.23195	29.5602	35.1731	-0.228218	-14.2277	29.601	59.2797	-0.0674737	-7.0895	33.2696	7.86548	-0.196942	-2.74561
DIff1_Matrix_St1	213	3027.19	0	0	0	0	28.731	22.2129	0.157038	6.18281	29.5615	35.3894	-0.223346	-14.0096	29.6011	59.1963	-0.0670704	-7.03721	33.2682	7.56723	-0.202192	-2.71191
DIff1_Matrix_St1	214	3030.69	0	0	0	0	28.7305	22.2667	0.155871	6.15169	29.559	32.9482	-0.235512	-13.7537	29.5999	59.5417	-0.0706584	-7.45693	33.2705	7.62873	-0.202336	-2.7359
DIff1_Matrix_St1	215	3034.19	0	0	0	0	28.7292	21.9721	0.159292	6.20353	29.5589	33.3068	-0.235236	-13.8871	29.6002	58.3852	-0.0702515	-7.26999	33.2736	7.35359	-0.205017	-2.67217
DIff1_Matrix_St1	216	3037.69	0	0	0	0	28.7302	22.3022	0.154993	6.12682	29.5623	35.2928	-0.22698	-14.1987	29.6017	58.1133	-0.0683007	-7.03519	33.2744	7.55618	-0.20094	-2.69119
DIff1_Matrix_St1	217	3041.19	0	0	0	0	28.7313	22.3118	0.154804	6.12196	29.5607	34.7854	-0.228664	-14.0984	29.6007	58.1241	-0.0691883	-7.12793	33.271	7.45199	-0.206129	-2.72262
DIff1_Matrix_St1	218	3044.69	0	0	0	0	28.7318	22.3284	0.1574	6.22928	29.5593	34.2979	-0.231367	-14.0652	29.6006	58.1637	-0.0700908	-7.22583	33.2724	7.62942	-0.196346	-2.65514
DIff1_Matrix_St1	219	3048.2	0	0	0	0	28.7326	22.4658	0.15624	6.22141	29.5612	34.307	-0.229538	-13.9576	29.6007	57.573	-0.068702	-7.01073	33.276	7.57486	-0.204917	-2.75124
DIff1_Matrix_St1	220	3051.7	0	0	0	0	28.7292	21.6886	0.158946	6.11022	29.5585	33.9074	-0.229933	-13.8188	29.6013	58.1793	-0.0711725	-7.33931	33.2731	7.19612	-0.213105	-2.71812
DIff1_Matrix_St1	221	3055.2	0	0	0	0	28.7277	21.9163	0.161247	6.26375	29.5609	33.797	-0.23149	-13.8671	29.5989	58.729	-0.0701197	-7.29907	33.268	7.14875	-0.212175	-2.68843
DIff1_Matrix_St1	222	3058.7	0	0	0	0	28.7249	21.6316	0.161333	6.18568	29.5611	33.9409	-0.230763	-13.8824	29.6005	59.0931	-0.0709577	-7.43209	33.2654	7.52731	-0.208336	-2.77957
DIff1_Matrix_St1	223	3062.2	0	0	0	0	28.731	21.6762	0.157997	6.07025	29.5608	33.4826	-0.23293	-13.8236	29.6006	60.1117	-0.0694735	-7.40207	33.2697	7.23375	-0.215077	-2.75761
DIff1_Matrix_St1	224	3065.7	0	0	0	0	28.729	21.9838	0.157875	6.15164	29.5588	32.4126	-0.235936	-13.5545	29.5988	59.2816	-0.0717165	-7.53553	33.2686	7.26837	-0.210162	-2.70748
DIff1_Matrix_St1	225	3069.2	0	0	0	0	28.7298	21.6106	0.159439	6.1071	29.5611	33.4416	-0.231898	-13.7454	29.5997	58.5392	-0.0722703	-7.49863	33.2716	7.45071	-0.204158	-2.69612
DIff1_Matrix_St1	226	3072.7	0	0	0	0	28.7306	21.9958	0.158116	6.1644	29.5613	34.9977	-0.226658	-14.06	29.6009	59.3321	-0.0687745	-7.23256	33.2717	7.22908	-0.206168	-2.64168
DIff1_Matrix_St1	227	3076.2	0	0	0	0	28.7275	21.9495	0.158539	6.16786	29.5594	34.9191	-0.229027	-14.1751	29.5997	58.1376	-0.0697701	-7.18954	33.2664	7.40152	-0.207414	-2.72103
DIff1_Matrix_St1	228	3079.71	0	0	0	0	28.7284	21.8098	0.159161	6.15268	29.5596	34.812	-0.227809	-14.0564	29.6013	57.5508	-0.0696223	-7.1019	33.2695	7.26642	-0.210996	-2.71751
DIff1_Matrix_St1	229	3083.21	0	0	0	0	28.7281	21.7506	0.161359	6.22071	29.5608	36.0586	-0.222164	-14.199	29.6007	58.21	-0.0662815	-6.83856	33.2682	7.43213	-0.207927	-2.73904
DIff1_Matrix_St1	230	3086.71	0	0	0	0	28.7297	21.8177	0.157622	6.09538	29.5608	34.3123	-0.230508	-14.0188	29.6005	59.6747	-0.0692524	-7.32487	33.2743	7.65127	-0.199505	-2.70559
DIff1_Matrix_St1	231	3090.21	0	0	0	0	28.7276	21.406	0.159553	6.05363	29.56	33.1475	-0.235603	-13.8422	29.6006	59.5275	-0.0722108	-7.61894	33.2676	7.25508	-0.203644	-2.61872
DIff1_Matrix_St1	232	3093.71	0	0	0	0	28.7275	21.4271	0.164751	6.25702	29.5601	35.5505	-0.225853	-14.2314	29.6008	58.8472	-0.0671966	-7.00888	33.2692	7.20966	-0.210112	-2.68498
DIff1_Matrix_St1	233	3097.21	0	0	0	0	28.7284	21.2598	0.161724	6.09409	29.5611	36.6395	-0.220453	-14.3166	29.6011	55.7271	-0.0691907	-6.83422	33.2649	7.22378	-0.206087	-2.6387
DIff1_Matrix_St1	234	3100.71	0	0	0	0	28.7275	20.9478	0.161767	6.00625	29.5606	34.1502	-0.230021	-13.9231	29.6013	58.7981	-0.0710936	-7.40915	33.2725	7.06672	-0.209229	-2.62069
DIff1_Matrix_St1	235	3104.21	0	0	0	0	28.7287	20.925	0.165278	6.12993	29.5609	34.3775	-0.230071	-14.0188	29.6009	59.8782	-0.0689108	-7.31359	33.2677	7.44122	-0.20431	-2.69469
DIff1_Matrix_St1	236	3107.72	0	0	0	0	28.7226	20.7364	0.167715	6.16425	29.558	33.5743	-0.235939	-14.0405	29.6008	59.3515	-0.0697383	-7.3363	33.2657	7.27418	-0.207988	-2.68162
DIff1_Matrix_St1	237	3111.22	0	0	0	0	28.7285	21.363	0.1618	6.12653	29.561	33.9776	-0.233469	-14.0604	29.6	58.68	-0.0707494	-7.35848	33.2681	7.49072	-0.20154	-2.67583
DIff1_Matrix_St1	238	3114.72	0	0	0	0	28.7281	21.0798	0.162006	6.05302	29.5607	33.5928	-0.232885	-13.8664	29.6001	60.4411	-0.0710796	-7.61469	33.2695	7.28065	-0.210707	-2.7191
DIff1_Matrix_St1	239	3118.22	0	0	0	0	28.7265	20.5538	0.165295	6.0218	29.5601	35.1541	-0.229015	-14.2697	29.6019	58.4107	-0.068947	-7.1381	33.2717	6.99838	-0.210458	-2.61058
DIff1_Matrix_St1	240	3121.72	0	0	0	0	28.7279	20.8358	0.166234	6.13909	29.5663	37.4287	-0.223833	-14.8492	29.6017	58.0896	-0.0633949	-6.52721	33.27	7.22868	-0.201192	-2.57777
DIff1_Matrix_St1	241	3125.22	0	0	0	0	28.7287	20.7777	0.162943	6.00078	29.5608	33.9379	-0.232765	-14.0016	29.6006	59.9446	-0.0707569	-7.51786	33.2646	7.13831	-0.214456	-2.71337
DIff1_Matrix_St1	242	3128.72	0	0	0	0	28.7282	21.242	0.161146	6.06724	29.5626	35.8378	-0.224945	-14.2887	29.6008	58.5445	-0.0683367	-7.09112	33.2691	7.13572	-0.201937	-2.55404
DIff1_Matrix_St1	243	3132.22	0	0	0	0	28.7289	20.9026	0.160358	5.94109	29.5596	32.8031	-0.236559	-13.754	29.6	60.3449	-0.072141	-7.7161	33.2704	7.24311	-0.201046	-2.58104
DIff1_Matrix_St1	244	3135.73	0	0	0	0	28.7277	21.0757	0.162509	6.07062	29.5614	34.5352	-0.231455	-14.1678	29.6003	59.0327	-0.0697244	-7.29546	33.2681	7.30048	-0.210431	-2.72293
DIff1_Matrix_St1	245	3139.23	0	0	0	0	28.7286	20.7591	0.16552	6.09022	29.5634	35.1531	-0.228955	-14.2656	29.6006	58.6158	-0.0685498	-7.1219	33.2605	6.9944	-0.212714	-2.63708
DIff1_Matrix_St1	246	3142.73	0	0	0	0	28.7261	20.6282	0.166061	6.07162	29.5615	34.3095	-0.230339	-14.0074	29.6009	60.3022	-0.0689978	-7.37469	33.2616	6.86726	-0.217486	-2.64722
DIff1_Matrix_St1	247	3146.23	0	0	0	0	28.7287	20.9024	0.163247	6.04806	29.5594	33.1769	-0.238538	-14.0271	29.5998	58.6498	-0.0712957	-7.41148	33.2624	7.32046	-0.202692	-2.62996
DIff1_Matrix_St1	248	3149.73	0	0	0	0	28.7262	20.705	0.164416	6.03385	29.5628	33.6567	-0.236825	-14.1278	29.6008	60.2941	-0.0697976	-7.45917	33.2642	7.17679	-0.207424	-2.63854
DIff1_Matrix_St1	249	3153.23	0	0	0	0	28.7266	20.7778	0.163322	6.01477	29.5631	36.6277	-0.223376	-14.5018	29.6016	56.0954	-0.0671243	-6.67393	33.264	7.14792	-0.208945	-2.6472
DIff1_Matrix_St1	250	3156.73	0	0	0	0	28.7272	20.4553	0.165323	5.99393	29.5602	33.6856	-0.233042	-13.914	29.6001	59.6189	-0.0719734	-7.60555	33.2701	6.96674	-0.204065	-2.51984
DIff1_Matrix_St1	251	3160.23	0	0	0	0	28.7266	20.8714	0.162609	6.01552	29.5601	34.9289	-0.231632	-14.3403	29.601	58.5868	-0.0702503	-7.29495	33.2675	7.21325	-0.208197	-2.66183
DIff1_Matrix_St1	252	3163.74	0	0	0	0	28.7267	20.4797	0.163223	5.92489	29.5617	35.2117	-0.228254	-14.2456	29.6001	58.308	-0.070304	-7.26579	33.2633	7.0237	-0.212252	-2.64236
DIff1_Matrix_St1	253	3167.24	0	0	0	0	28.7269	20.6161	0.164038	5.99413	29.5624	35.6834	-0.229817	-14.5352	29.6013	58.2709	-0.0696456	-7.19317	33.2701	7.01455	-0.214518	-2.66709
DIff1_Matrix_St1	254	3170.74	0	0	0	0	28.7251	20.7152	0.161918	5.94511	29.5633	35.9913	-0.225741	-14.4007	29.6009	58.1574	-0.0675357	-6.96167	33.2688	6.97811	-0.214601	-2.65427
DIff1_Matrix_St1	255	3174.24	0	0	0	0	28.7254	20.2367	0.165112	5.92235	29.5595	33.5342	-0.23627	-14.0434	29.6001	59.7536	-0.0714731	-7.56975	33.2646	6.90455	-0.213656	-2.61472
DIff1_Matrix_St1	256	3177.74	0	0	0	0	28.7291	20.1932	0.167575	5.99777	29.5611	34.3163	-0.232326	-14.131	29.6014	57.8235	-0.0714923	-7.32721	33.2629	7.10701	-0.21597	-2.72054
DIff1_Matrix_St1	257	3181.24	0	0	0	0	28.7291	20.1916	0.167585	5.99766	29.5612	34.4474	-0.2318	-14.1529	29.6014	57.7252	-0.0713201	-7.29713	33.2629	7.10592	-0.215959	-2.71999
