DIff1_Matrix_St1	1	2290.31	299.92	-0.0032	0.0224	0.0029	28.799	26.7334	-0.113884	-5.39626	29.6449	21.366	-0.210683	-7.97862	29.6786	68.896	-0.0566817	-6.92168	33.3654	14.3064	-0.155189	-3.9352
DIff1_Matrix_St1	2	2293.8	299.28	-0.01	0.0225	0.0026	28.7967	25.4581	-0.116397	-5.25223	29.6448	21.5646	-0.210168	-8.0331	29.679	70.6493	-0.0562746	-7.04685	33.361	14.1227	-0.156384	-3.9146
DIff1_Matrix_St1	3	2297.3	300.58	-0.0316	0.0227	0.0046	28.7958	25.5118	-0.112337	-5.07973	29.6457	20.8251	-0.215898	-7.96913	29.679	71.2552	-0.0568844	-7.1843	33.3586	14.2506	-0.154589	-3.9047
DIff1_Matrix_St1	4	2300.8	300.73	0.035	0.0227	0.0031	28.7939	25.4682	-0.114936	-5.18832	29.6434	20.5725	-0.215894	-7.87233	29.6787	72.0674	-0.056848	-7.26155	33.3564	14.1616	-0.156508	-3.92847
DIff1_Matrix_St1	5	2304.29	299.89	-0.0007	0.0229	0.0053	28.7938	24.7528	-0.114835	-5.03817	29.6478	22.9266	-0.202117	-8.21331	29.6788	70.396	-0.054607	-6.81351	33.3578	14.2366	-0.151623	-3.82602
DIff1_Matrix_St1	6	2307.79	300.21	0.0101	0.0232	0.0034	28.7925	23.7119	-0.116867	-4.91171	29.6478	22.9932	-0.204972	-8.35347	29.6803	69.9279	-0.0552933	-6.85327	33.3574	13.1133	-0.157628	-3.6637
DIff1_Matrix_St1	7	2311.29	300.46	-0.0065	0.0232	0.0028	28.7921	24.1255	-0.117351	-5.01806	29.6461	23.3594	-0.202908	-8.40107	29.68	70.123	-0.0551382	-6.85312	33.3534	14.1301	-0.147449	-3.69286
DIff1_Matrix_St1	8	2314.78	299.16	0.0161	0.0234	0.0046	28.7894	24.4009	-0.115776	-5.00727	29.6485	23.02	-0.205115	-8.36905	29.6797	70.7278	-0.0555942	-6.96938	33.3489	13.578	-0.153786	-3.70108
DIff1_Matrix_St1	9	2318.28	300.27	-0.0048	0.0236	0.0021	28.7909	23.5569	-0.118765	-4.95886	29.6472	23.8409	-0.200595	-8.47654	29.6804	69.1318	-0.0566676	-6.94365	33.3519	13.6698	-0.154027	-3.73193
DIff1_Matrix_St1	10	2321.77	299.15	-0.0226	0.0232	0.0019	28.7885	23.1414	-0.12011	-4.92657	29.6462	23.5116	-0.200675	-8.36277	29.6801	69.9108	-0.0557756	-6.91135	33.3512	13.1427	-0.154085	-3.58939
DIff1_Matrix_St1	11	2325.27	299.28	-0.0256	0.0237	0.0039	28.7867	23.7605	-0.114118	-4.80603	29.6482	23.9794	-0.201227	-8.55261	29.6796	69.0553	-0.0559364	-6.84646	33.3489	13.4573	-0.15278	-3.64419
DIff1_Matrix_St1	12	2328.77	300.77	0.0197	0.0237	0.0031	28.7854	22.6306	-0.120539	-4.83504	29.6476	23.1292	-0.204253	-8.37346	29.6797	69.4271	-0.0562771	-6.92525	33.3463	13.4328	-0.152372	-3.62782
DIff1_Matrix_St1	13	2332.26	300.31	0.0129	0.0237	0.004	28.783	21.8209	-0.120875	-4.67502	29.6497	24.7342	-0.198103	-8.68487	29.6799	69.374	-0.0554234	-6.81498	33.3476	13.0074	-0.152208	-3.50917
DIff1_Matrix_St1	14	2335.76	299.55	0.0009	0.0238	0.0029	28.783	21.9009	-0.123287	-4.78579	29.6534	22.2772	-0.208018	-8.21367	29.6784	71.5988	-0.0575186	-7.29943	33.3463	12.5861	-0.160551	-3.58164
DIff1_Matrix_St1	15	2339.26	300.28	-0.0132	0.024	0.0039	28.7809	21.3155	-0.123179	-4.65377	29.6503	22.6435	-0.20918	-8.39535	29.68	70.631	-0.0572754	-7.17031	33.346	12.9264	-0.156138	-3.57734
DIff1_Matrix_St1	16	2342.75	299.92	0.0013	0.0241	0.0032	28.7803	21.2012	-0.122786	-4.61408	29.6494	23.9273	-0.203546	-8.6324	29.6797	70.752	-0.0558658	-7.00583	33.3424	12.7316	-0.159441	-3.59798
DIff1_Matrix_St1	17	2346.25	300.31	-0.0191	0.0239	0.0034	28.7789	20.7577	-0.125658	-4.62323	29.6506	24.3641	-0.202135	-8.72908	29.68	69.6189	-0.0566126	-6.98578	33.3405	12.5854	-0.159256	-3.55252
DIff1_Matrix_St1	18	2349.75	300.37	-0.0102	0.024	0.0038	28.7779	20.2325	-0.126564	-4.53872	29.6505	23.7493	-0.205132	-8.63492	29.6801	70.7495	-0.0551223	-6.91235	33.3434	12.4996	-0.15892	-3.52086
DIff1_Matrix_St1	19	2353.24	299.35	-0.0174	0.0241	0.0038	28.7772	20.1012	-0.125201	-4.46069	29.6531	25.3288	-0.197671	-8.87427	29.6806	68.2115	-0.0562646	-6.80249	33.3418	12.4271	-0.157648	-3.47242
DIff1_Matrix_St1	20	2356.74	300.24	-0.0206	0.024	0.0046	28.7786	19.8048	-0.12808	-4.49602	29.6513	25.5557	-0.196653	-8.90765	29.6803	69.1327	-0.0561315	-6.87805	33.3363	12.1624	-0.159918	-3.44739
DIff1_Matrix_St1	21	2360.24	300.26	-0.0051	0.0241	0.0017	28.7799	19.7936	-0.124953	-4.38373	29.6516	25.3624	-0.201275	-9.04806	29.6797	68.9128	-0.0554924	-6.77811	33.3355	11.9157	-0.161577	-3.41249
DIff1_Matrix_St1	22	2363.73	300.67	-0.002	0.0241	0.0026	28.7733	19.1837	-0.129867	-4.41574	29.6489	23.6611	-0.206914	-8.67758	29.6808	71.2158	-0.0571078	-7.20853	33.3361	11.6068	-0.164389	-3.3819
DIff1_Matrix_St1	23	2367.23	300.56	-0.0007	0.0245	0.0051	28.7745	18.9429	-0.131225	-4.40594	29.6502	24.3616	-0.205388	-8.86864	29.6799	69.6451	-0.0572014	-7.0611	33.3343	11.7636	-0.158463	-3.30402
DIff1_Matrix_St1	24	2370.73	299.51	-0.0354	0.0246	0.0014	28.7753	18.6077	-0.131305	-4.33061	29.65	25.7613	-0.197149	-9.00198	29.6804	68.1796	-0.0558836	-6.75327	33.3337	11.2136	-0.164904	-3.27757
DIff1_Matrix_St1	25	2374.22	300.84	-0.0139	0.0246	0.0044	28.7712	18.3094	-0.131965	-4.2826	29.652	26.8283	-0.193388	-9.19596	29.6822	69.8111	-0.054538	-6.74836	33.3312	11.9035	-0.160424	-3.38468
DIff1_Matrix_St1	26	2377.72	299.79	-0.0034	0.0246	0.0026	28.7705	17.7611	-0.133653	-4.20751	29.6493	24.4911	-0.204518	-8.87799	29.681	69.3993	-0.0585019	-7.19615	33.3282	11.3016	-0.168468	-3.37467
DIff1_Matrix_St1	27	2381.22	300.52	0.0276	0.0256	0.0034	28.7712	17.2555	-0.136049	-4.161	29.6504	24.0227	-0.208952	-8.89699	29.681	70.1902	-0.0576824	-7.1762	33.3319	11.2494	-0.159876	-3.18778
DIff1_Matrix_St1	28	2384.71	299.52	0.0001	0.025	0.0047	28.7664	17.6494	-0.136615	-4.27369	29.6531	24.9054	-0.203349	-8.97659	29.6809	67.926	-0.0588255	-7.08233	33.3277	11.2851	-0.164228	-3.28492
DIff1_Matrix_St1	29	2388.21	301.2	-0.0117	0.0255	0.0048	28.7678	17.4313	-0.13469	-4.16142	29.6512	25.5009	-0.20244	-9.1501	29.6807	68.7243	-0.0571584	-6.96251	33.3313	11.1662	-0.159675	-3.16021
DIff1_Matrix_St1	30	2391.7	300.27	-0.0197	0.0257	0.0024	28.7667	16.6752	-0.140054	-4.13944	29.6526	24.362	-0.204427	-8.82725	29.6804	69.9364	-0.0579543	-7.18397	33.3281	10.9852	-0.165195	-3.21648
DIff1_Matrix_St1	31	2395.2	299.83	0.0206	0.0253	0.003	28.765	16.7411	-0.135791	-4.02931	29.6555	25.4633	-0.204328	-9.22183	29.6806	68.0514	-0.0580897	-7.00666	33.3269	11.2597	-0.162453	-3.24212
DIff1_Matrix_St1	32	2398.7	299.11	0.016	0.0258	0.0052	28.7641	16.6811	-0.139333	-4.11957	29.654	26.2018	-0.200123	-9.294	29.6816	70.0756	-0.0559179	-6.94532	33.3264	11.2402	-0.161416	-3.21584
DIff1_Matrix_St1	33	2402.19	300.97	0.0143	0.0258	0.0028	28.7648	15.853	-0.14048	-3.94732	29.6572	26.4201	-0.20144	-9.43311	29.681	66.8113	-0.0570007	-6.75002	33.3299	10.4542	-0.166264	-3.08079
DIff1_Matrix_St1	34	2405.69	299.31	-0.0041	0.0262	0.0035	28.7635	16.46	-0.138024	-4.02677	29.6551	25.5362	-0.204548	-9.2582	29.6808	67.3746	-0.0581635	-6.94579	33.3256	10.3928	-0.164677	-3.03349
DIff1_Matrix_St1	35	2409.19	300.03	0.0054	0.026	0.0049	28.7605	15.9994	-0.140674	-3.98925	29.6526	24.9211	-0.207012	-9.14403	29.681	68.0193	-0.0593163	-7.15124	33.325	10.7571	-0.162903	-3.10598
DIff1_Matrix_St1	36	2412.68	299.57	0.0085	0.0261	0.0057	28.7601	16.3004	-0.140842	-4.06916	29.6545	25.8585	-0.204155	-9.35702	29.6815	67.7368	-0.0580226	-6.96621	33.3208	10.3744	-0.171485	-3.1533
DIff1_Matrix_St1	37	2416.18	299.75	-0.0043	0.0261	0.0038	28.7592	16.0383	-0.141803	-4.03105	29.6589	27.8144	-0.196852	-9.70474	29.6806	66.4989	-0.0552126	-6.50771	33.3244	10.3479	-0.168968	-3.09909
DIff1_Matrix_St1	38	2419.68	299.46	0.0098	0.0265	0.0032	28.7567	15.392	-0.14292	-3.89909	29.6564	27.4686	-0.197147	-9.59844	29.6808	68.0518	-0.0561474	-6.77243	33.32	9.81471	-0.172035	-2.99274
DIff1_Matrix_St1	39	2423.17	299.5	0.0131	0.0266	0.004	28.7578	15.166	-0.14494	-3.89613	29.6535	26.0641	-0.20294	-9.3753	29.6822	69.084	-0.0576298	-7.05667	33.3235	9.73115	-0.170569	-2.94198
DIff1_Matrix_St1	40	2426.67	300.08	0.0027	0.0262	0.0038	28.7548	14.9456	-0.144953	-3.83986	29.6553	27.8424	-0.196412	-9.69278	29.6826	65.4249	-0.0572423	-6.63796	33.3241	9.50245	-0.174717	-2.9427
DIff1_Matrix_St1	41	2430.17	299.83	0.0031	0.0261	0.0022	28.7565	15.1669	-0.141942	-3.81578	29.6536	26.8073	-0.201963	-9.59623	29.6821	70.2365	-0.0567648	-7.0667	33.3184	9.50079	-0.179675	-3.02567
DIff1_Matrix_St1	42	2433.66	300.6	0.0277	0.0267	0.0035	28.7555	15.357	-0.140433	-3.82251	29.6549	24.7339	-0.207923	-9.11528	29.6821	69.3424	-0.0588066	-7.2277	33.3135	9.74408	-0.174712	-3.01744
DIff1_Matrix_St1	43	2437.16	300.18	-0.0148	0.0264	0.0043	28.7542	14.9248	-0.146293	-3.86998	29.6538	25.7659	-0.203977	-9.31539	29.6815	69.9922	-0.0588865	-7.30534	33.3168	9.51387	-0.173454	-2.92493
DIff1_Matrix_St1	44	2440.66	300.07	-0.0089	0.0263	0.0051	28.7493	14.2951	-0.148432	-3.76087	29.656	26.4327	-0.200966	-9.4154	29.6828	69.0699	-0.057467	-7.03529	33.3209	9.36801	-0.174908	-2.90423
DIff1_Matrix_St1	45	2444.15	299.74	0.0122	0.0266	0.0025	28.7516	14.371	-0.146589	-3.73392	29.6549	26.26	-0.204334	-9.51067	29.6826	66.951	-0.0584753	-6.93912	33.312	9.37561	-0.187139	-3.10985
DIff1_Matrix_St1	46	2447.65	299.32	0.0033	0.0266	0.0032	28.7481	14.3185	-0.148996	-3.78134	29.6564	27.4206	-0.201393	-9.78804	29.6812	65.9944	-0.0576754	-6.74641	33.3148	9.02423	-0.180033	-2.87963
DIff1_Matrix_St1	47	2451.14	299.61	-0.0095	0.0271	0.0019	28.7494	14.3836	-0.145238	-3.70275	29.6579	26.4655	-0.205347	-9.63257	29.6812	68.7433	-0.0574106	-6.99515	33.3147	9.23732	-0.173125	-2.83453
DIff1_Matrix_St1	48	2454.64	299.45	0.0131	0.0265	0.0043	28.7453	14.0052	-0.151548	-3.76197	29.6545	26.348	-0.204467	-9.54874	29.6827	67.4088	-0.0589552	-7.04391	33.3105	9.34364	-0.173262	-2.86942
DIff1_Matrix_St1	49	2458.14	300.49	0.0241	0.0269	0.004	28.7474	13.6502	-0.154112	-3.72866	29.6574	27.3032	-0.200244	-9.69053	29.6824	67.302	-0.0579622	-6.9143	33.3135	9.20829	-0.172019	-2.80757
DIff1_Matrix_St1	50	2461.63	299.45	0.009	0.0266	0.0037	28.7438	13.7871	-0.15494	-3.78626	29.654	26.7502	-0.201945	-9.57493	29.6818	68.7423	-0.0572776	-6.97885	33.3106	8.59681	-0.176783	-2.69372
DIff1_Matrix_St1	51	2465.13	299.22	-0.0124	0.0269	0.0025	28.7423	13.5763	-0.148755	-3.57954	29.6559	28.1959	-0.196718	-9.83115	29.6819	67.8246	-0.0562572	-6.76301	33.3109	9.36107	-0.175348	-2.90938
DIff1_Matrix_St1	52	2468.63	299.8	0.0076	0.0271	0.0053	28.7418	13.4099	-0.154498	-3.67219	29.6591	27.2895	-0.20285	-9.8117	29.683	67.4628	-0.0576469	-6.89312	33.3096	8.58155	-0.180026	-2.73827
DIff1_Matrix_St1	53	2472.12	299.31	-0.0061	0.0271	0.0038	28.7431	13.6457	-0.151749	-3.67026	29.6578	28.4634	-0.199078	-10.0435	29.682	67.4173	-0.0562935	-6.72673	33.305	8.30564	-0.190913	-2.8105
DIff1_Matrix_St1	54	2475.62	299.84	0.0232	0.0271	0.0025	28.7395	12.6015	-0.159617	-3.56514	29.6547	27.6746	-0.200918	-9.85541	29.6823	67.9809	-0.0576612	-6.94777	33.3079	8.42918	-0.185538	-2.77199
DIff1_Matrix_St1	55	2479.12	299.79	0.0062	0.0271	0.0047	28.7431	12.8576	-0.157046	-3.579	29.6583	27.0926	-0.204886	-9.83871	29.6812	67.6796	-0.0579386	-6.95026	33.3055	8.77962	-0.17744	-2.76122
DIff1_Matrix_St1	56	2482.61	300.4	0.0266	0.0275	0.0055	28.7416	13.092	-0.152619	-3.54153	29.6574	28.884	-0.196916	-10.0812	29.6832	67.4509	-0.0565425	-6.75986	33.3009	8.36554	-0.183585	-2.72212
DIff1_Matrix_St1	57	2486.11	300.18	-0.0203	0.0273	0.0043	28.7341	12.2794	-0.160554	-3.49441	29.6573	27.544	-0.203336	-9.92694	29.6822	67.8523	-0.057914	-6.96503	33.3006	8.15187	-0.190392	-2.75094
DIff1_Matrix_St1	58	2489.61	299.95	-0.0234	0.0275	0.0041	28.7363	12.3746	-0.1595	-3.49837	29.6564	26.683	-0.20599	-9.74214	29.6821	69.0748	-0.0587601	-7.19411	33.3061	7.928	-0.195625	-2.74892
DIff1_Matrix_St1	59	2493.1	300.61	-0.0002	0.0273	0.0046	28.737	12.7097	-0.155313	-3.4988	29.6551	27.0606	-0.203534	-9.76224	29.6831	67.9126	-0.0592303	-7.12967	33.3018	7.95696	-0.195811	-2.76159
DIff1_Matrix_St1	60	2496.6	300.62	-0.0153	0.0271	0.0056	28.7386	12.6087	-0.152813	-3.41513	29.6563	28.3179	-0.199627	-10.0197	29.6826	66.899	-0.0575864	-6.82833	33.2972	7.99621	-0.194749	-2.76016
DIff1_Matrix_St1	61	2500.1	300.62	-0.0045	0.0276	0.0038	28.7341	11.9578	-0.163012	-3.45498	29.6549	26.4101	-0.20646	-9.66453	29.683	68.9845	-0.0589767	-7.21119	33.3003	7.90099	-0.18822	-2.63586
DIff1_Matrix_St1	62	2503.59	299.68	-0.0002	0.0276	0.0053	28.7306	12.0563	-0.160194	-3.42323	29.6566	29.2048	-0.197311	-10.2137	29.6826	66.3468	-0.0578282	-6.8004	33.3016	8.26191	-0.183069	-2.68084
DIff1_Matrix_St1	63	2507.09	300.02	0.0017	0.0276	0.0064	28.7346	12.0346	-0.161453	-3.4439	29.6564	27.7085	-0.201627	-9.9023	29.6827	68.8902	-0.057987	-7.08048	33.2983	7.82983	-0.187255	-2.59873
DIff1_Matrix_St1	64	2510.59	299.53	0.0304	0.0274	0.0067	28.7343	12.2619	-0.159134	-3.45857	29.6574	27.9142	-0.201558	-9.9724	29.6827	67.8678	-0.0588933	-7.08442	33.3039	7.74073	-0.184758	-2.5349
DIff1_Matrix_St1	65	2514.08	300.55	0.0243	0.0277	0.0044	28.7339	12.056	-0.160427	-3.42814	29.6567	28.8922	-0.19922	-10.2021	29.6818	67.2557	-0.0565327	-6.73913	33.3029	7.47809	-0.197564	-2.61863
DIff1_Matrix_St1	66	2517.58	300.04	-0.009	0.0278	0.0066	28.7317	12.1096	-0.161699	-3.47064	29.6578	28.8413	-0.198503	-10.1474	29.684	68.7294	-0.0565888	-6.89363	33.2958	7.42451	-0.195161	-2.56824
DIff1_Matrix_St1	67	2521.07	299.07	-0.0117	0.0276	0.0085	28.729	11.4802	-0.169798	-3.45505	29.6572	27.7628	-0.203078	-9.99314	29.6828	65.982	-0.0588716	-6.88503	33.2999	7.58527	-0.190974	-2.56756
DIff1_Matrix_St1	68	2524.57	299.79	0.0008	0.0278	0.0058	28.7292	11.3073	-0.167438	-3.35576	29.6603	29.0371	-0.200519	-10.3201	29.6822	66.3635	-0.0571812	-6.72601	33.2987	7.53946	-0.189795	-2.5363
DIff1_Matrix_St1	69	2528.07	300.99	0.0061	0.0278	0.0082	28.7282	11.2728	-0.164406	-3.28491	29.6542	26.1596	-0.210067	-9.74009	29.6834	68.7301	-0.0605514	-7.37643	33.2956	7.22667	-0.199518	-2.55562
DIff1_Matrix_St1	70	2531.56	299.83	0.0104	0.0277	0.0079	28.7239	11.4831	-0.165894	-3.37649	29.6556	27.4715	-0.205096	-9.98656	29.6836	69.2843	-0.0587843	-7.21891	33.2988	7.23488	-0.20275	-2.59996
DIff1_Matrix_St1	71	2535.06	300.64	0.0063	0.0278	0.008	28.7248	11.3372	-0.166017	-3.33605	29.6605	31.3637	-0.190515	-10.5908	29.6824	65.4075	-0.0548413	-6.35785	33.2976	7.24309	-0.1931	-2.47902
DIff1_Matrix_St1	72	2538.56	300.28	0.014	0.028	0.0071	28.725	11.1109	-0.170916	-3.36595	29.6592	28.5541	-0.198818	-10.0624	29.6824	67.0464	-0.0581671	-6.91239	33.2915	7.35808	-0.199268	-2.59883
DIff1_Matrix_St1	73	2542.05	299.66	0.011	0.0281	0.0069	28.726	11.208	-0.168951	-3.35632	29.6558	29.5738	-0.199709	-10.4684	29.6838	66.4089	-0.0563087	-6.62791	33.2935	7.05617	-0.199283	-2.49238
DIff1_Matrix_St1	74	2545.55	300.07	0.003	0.0281	0.0098	28.7219	11.2029	-0.167184	-3.3197	29.6564	28.6502	-0.199678	-10.1399	29.6827	67.0564	-0.0579208	-6.88414	33.2955	7.2002	-0.191697	-2.44645
DIff1_Matrix_St1	75	2549.05	299.49	-0.0054	0.0277	0.0092	28.7199	11.2424	-0.166469	-3.31719	29.6597	28.1743	-0.202811	-10.1279	29.6834	65.9399	-0.0592494	-6.92481	33.2944	7.06432	-0.198346	-2.48352
DIff1_Matrix_St1	76	2552.54	300.53	-0.0106	0.0281	0.0114	28.7193	10.9973	-0.165034	-3.21688	29.6569	28.3958	-0.201835	-10.1584	29.6826	66.9991	-0.0587879	-6.98124	33.2868	7.171	-0.191221	-2.43047
DIff1_Matrix_St1	77	2556.04	299.22	-0.0206	0.028	0.0098	28.7172	11.125	-0.16396	-3.23306	29.6599	29.301	-0.200998	-10.4388	29.6825	65.8851	-0.057741	-6.74289	33.2878	7.20116	-0.199157	-2.54198
DIff1_Matrix_St1	78	2559.54	300.49	-0.0272	0.0277	0.0095	28.7192	10.3165	-0.170793	-3.12306	29.6596	27.8806	-0.20447	-10.1043	29.6823	66.3089	-0.0604521	-7.10489	33.294	6.76291	-0.203074	-2.43424
DIff1_Matrix_St1	79	2563.03	299.82	0.0105	0.028	0.0103	28.7156	11.018	-0.16954	-3.31094	29.6577	29.084	-0.201034	-10.3633	29.6838	66.5813	-0.0583759	-6.88907	33.2941	6.98756	-0.198925	-2.46371
DIff1_Matrix_St1	80	2566.53	299.44	0.0194	0.0279	0.0102	28.7208	10.9334	-0.16173	-3.13416	29.6565	28.6418	-0.201697	-10.2394	29.6833	66.3281	-0.0584544	-6.87211	33.299	7.16161	-0.192706	-2.44613
DIff1_Matrix_St1	81	2570.03	300.9	-0.001	0.0278	0.0098	28.7142	10.5196	-0.169988	-3.16952	29.658	27.7159	-0.205009	-10.0711	29.6834	67.0009	-0.0596614	-7.08515	33.2848	6.80189	-0.198156	-2.38897
DIff1_Matrix_St1	82	2573.52	299.41	0.0104	0.0281	0.0118	28.7123	10.5439	-0.172875	-3.23078	29.6594	28.0602	-0.205857	-10.2384	29.6832	66.6381	-0.0600791	-7.09611	33.2872	6.59616	-0.206962	-2.41967
DIff1_Matrix_St1	83	2577.02	299.76	0.0125	0.0282	0.0091	28.7116	10.1713	-0.176416	-3.18045	29.6609	28.8393	-0.201052	-10.277	29.683	66.9312	-0.0583147	-6.91801	33.2843	6.58185	-0.206488	-2.4089
DIff1_Matrix_St1	84	2580.51	299.51	-0.0088	0.0283	0.0119	28.7111	10.4062	-0.170751	-3.14944	29.6568	29.154	-0.201867	-10.4313	29.6835	64.7242	-0.0597026	-6.84912	33.2809	6.51057	-0.200118	-2.3093
DIff1_Matrix_St1	85	2584.01	299.61	0.0076	0.0285	0.0126	28.715	10.3162	-0.173055	-3.16431	29.6591	30.1998	-0.196689	-10.5283	29.6829	66.5179	-0.0570959	-6.73159	33.2859	6.50341	-0.200139	-2.307
DIff1_Matrix_St1	86	2587.51	299.47	-0.0422	0.0281	0.0117	28.7108	10.1084	-0.171134	-3.06614	29.6587	28.7674	-0.200985	-10.248	29.6838	66.123	-0.0598242	-7.0114	33.2841	6.36482	-0.206627	-2.33103
DIff1_Matrix_St1	87	2591	300.9	-0.015	0.0281	0.0111	28.7066	10.1867	-0.171409	-3.09487	29.6581	28.2635	-0.2033	-10.1845	29.6828	66.9061	-0.058843	-6.97808	33.2834	6.44258	-0.204171	-2.33147
DIff1_Matrix_St1	88	2594.5	299.42	0.0006	0.0283	0.0134	28.7141	10.2319	-0.171343	-3.10739	29.659	28.1115	-0.203803	-10.1547	29.6828	66.0546	-0.0601402	-7.04115	33.2829	6.2453	-0.204808	-2.26713
DIff1_Matrix_St1	89	2598	301.15	-0.0304	0.0286	0.0111	28.7109	10.0952	-0.175553	-3.14121	29.6586	28.3944	-0.201707	-10.1515	29.6828	66.222	-0.0580014	-6.80795	33.2816	6.23439	-0.205582	-2.27172
DIff1_Matrix_St1	90	2601.49	300.64	0.008	0.0289	0.0151	28.7086	10.1408	-0.169372	-3.04432	29.6604	29.0078	-0.200629	-10.3153	29.6829	65.518	-0.0592527	-6.88087	33.2791	6.46788	-0.19618	-2.24901
DIff1_Matrix_St1	91	2604.99	299.46	-0.0333	0.0286	0.0134	28.7051	10.1137	-0.169317	-3.03517	29.6592	28.4392	-0.203855	-10.2757	29.6828	67.2672	-0.0594569	-7.08893	33.2792	6.10158	-0.211861	-2.29123
DIff1_Matrix_St1	92	2608.49	299.4	0.0175	0.0284	0.0149	28.7026	9.5795	-0.174395	-2.96109	29.6605	28.8586	-0.202121	-10.3386	29.6831	65.9545	-0.0587134	-6.86368	33.2782	5.92593	-0.217633	-2.28589
DIff1_Matrix_St1	93	2611.98	299.25	-0.0138	0.0285	0.0154	28.6996	9.76338	-0.180335	-3.12073	29.657	28.858	-0.203088	-10.3878	29.6828	65.7323	-0.0602454	-7.01904	33.2808	6.09101	-0.21134	-2.28163
DIff1_Matrix_St1	94	2615.48	300.59	0.012	0.0283	0.014	28.7058	9.9015	-0.174742	-3.06672	29.6587	28.5382	-0.206484	-10.4445	29.6824	64.6806	-0.0612258	-7.01914	33.284	6.33088	-0.207011	-2.32291
DIff1_Matrix_St1	95	2618.98	299.3	0.0098	0.029	0.0157	28.7057	9.49399	-0.180372	-3.03523	29.6586	28.7738	-0.203741	-10.3908	29.6836	66.7418	-0.0595475	-7.04428	33.2683	6.23168	-0.207554	-2.29251
DIff1_Matrix_St1	96	2622.47	300.34	-0.0158	0.0286	0.0176	28.7049	9.75526	-0.177931	-3.07657	29.6621	30.2939	-0.198197	-10.6421	29.6833	66.0254	-0.0578511	-6.77014	33.276	6.35969	-0.204686	-2.30727
DIff1_Matrix_St1	97	2625.97	299.99	0.0127	0.0283	0.0165	28.7017	9.24701	-0.180918	-2.96523	29.6585	28.7898	-0.202609	-10.3388	29.6827	66.8211	-0.0595165	-7.04897	33.2795	6.24209	-0.206922	-2.28935
DIff1_Matrix_St1	98	2629.47	299.32	0.0012	0.029	0.0152	28.7049	9.52688	-0.172078	-2.90571	29.6588	29.1958	-0.202359	-10.4717	29.6838	67.0316	-0.0582869	-6.92509	33.2721	6.11929	-0.206333	-2.23792
DIff1_Matrix_St1	99	2632.96	300.29	-0.0053	0.0291	0.0182	28.7005	9.56006	-0.17655	-2.9916	29.6582	30.9668	-0.197256	-10.8268	29.6835	64.6156	-0.0572217	-6.55349	33.2728	5.90481	-0.218394	-2.28571
DIff1_Matrix_St1	100	2636.46	300.46	-0.0043	0.0287	0.0164	28.698	9.36191	-0.181867	-3.01783	29.6579	29.7044	-0.201142	-10.5901	29.6833	66.6907	-0.0585679	-6.92309	33.2741	6.01065	-0.212503	-2.26392
DIff1_Matrix_St1	101	2639.95	300.64	0.0019	0.0286	0.0157	28.6979	9.44209	-0.175158	-2.93139	29.6587	30.7098	-0.197819	-10.7676	29.6839	64.528	-0.0572232	-6.54479	33.2671	6.01898	-0.209618	-2.23628
DIff1_Matrix_St1	102	2643.45	299.71	-0.018	0.029	0.0174	28.6987	9.49063	-0.17915	-3.01362	29.659	28.9486	-0.206591	-10.6002	29.6841	67.8472	-0.0583993	-7.02287	33.2674	5.66923	-0.217967	-2.19023
DIff1_Matrix_St1	103	2646.95	300.7	-0.015	0.0286	0.0159	28.6986	9.32797	-0.17333	-2.86574	29.6587	29.5976	-0.202601	-10.6285	29.6828	66.6649	-0.0580782	-6.86255	33.2709	5.96893	-0.211811	-2.24089
DIff1_Matrix_St1	104	2650.44	299.36	0.0107	0.0287	0.0191	28.6938	9.07452	-0.178967	-2.87853	29.6589	29.6819	-0.199856	-10.5144	29.6844	65.8785	-0.0587904	-6.86475	33.2637	5.6499	-0.215337	-2.15642
DIff1_Matrix_St1	105	2653.94	300.3	0.0187	0.0286	0.0148	28.6939	9.12188	-0.181128	-2.9285	29.6577	29.5062	-0.201957	-10.562	29.684	64.5344	-0.0604413	-6.91353	33.2674	5.71601	-0.217988	-2.20852
DIff1_Matrix_St1	106	2657.44	299.26	-0.0366	0.0288	0.0183	28.6944	9.66067	-0.172992	-2.96215	29.6575	29.9928	-0.200337	-10.6501	29.6844	65.3101	-0.0592332	-6.85678	33.2721	5.69547	-0.211086	-2.13091
DIff1_Matrix_St1	107	2660.93	300.41	-0.0323	0.029	0.0176	28.6981	8.99706	-0.178937	-2.85348	29.6609	29.2826	-0.203474	-10.5607	29.6825	66.4326	-0.0587797	-6.92124	33.2716	5.90293	-0.212704	-2.22545
DIff1_Matrix_St1	108	2664.43	300.18	-0.0167	0.0287	0.018	28.6921	9.09418	-0.176917	-2.85173	29.658	31.4154	-0.193533	-10.7764	29.683	65.2723	-0.0569515	-6.58884	33.2632	5.47758	-0.223483	-2.16974
DIff1_Matrix_St1	109	2667.93	300.69	-0.0066	0.029	0.0197	28.6885	9.17117	-0.176662	-2.87172	29.6605	29.7242	-0.200011	-10.5375	29.6831	65.0455	-0.0596177	-6.87332	33.2601	5.4927	-0.21661	-2.10882
DIff1_Matrix_St1	110	2671.42	300.25	0.0045	0.029	0.0181	28.6927	9.32694	-0.17551	-2.90145	29.6588	31.0852	-0.198771	-10.9517	29.6844	65.4138	-0.0575268	-6.66982	33.2569	5.81053	-0.216358	-2.22825
DIff1_Matrix_St1	111	2674.92	299.67	0.0056	0.029	0.0183	28.6915	9.13943	-0.177243	-2.8712	29.6574	29.2262	-0.202445	-10.4871	29.6842	67.2449	-0.0604771	-7.20818	33.2698	5.61016	-0.212247	-2.11053
DIff1_Matrix_St1	112	2678.42	300.86	0.0081	0.0291	0.0186	28.6934	8.98248	-0.181436	-2.88864	29.6602	30.086	-0.199876	-10.6586	29.6838	65.9916	-0.0592252	-6.9274	33.2588	5.41627	-0.229493	-2.20315
DIff1_Matrix_St1	113	2681.91	299.81	0.014	0.029	0.0201	28.6866	8.94936	-0.182953	-2.90205	29.6594	30.5325	-0.199978	-10.8223	29.6835	66.3863	-0.0580725	-6.8332	33.2673	5.84277	-0.22091	-2.28776
DIff1_Matrix_St1	114	2685.41	300.66	-0.0304	0.0291	0.0215	28.6881	9.01632	-0.181098	-2.89413	29.6619	30.0708	-0.202309	-10.7829	29.6826	67.7082	-0.0572146	-6.8663	33.2541	5.55735	-0.220194	-2.16894
DIff1_Matrix_St1	115	2688.91	300.45	-0.0043	0.029	0.0205	28.6856	8.88887	-0.183464	-2.89049	29.6605	30.1773	-0.201423	-10.7737	29.6821	65.9776	-0.058112	-6.79575	33.2629	5.75117	-0.223027	-2.27346
DIff1_Matrix_St1	116	2692.4	299.58	-0.0128	0.0291	0.022	28.689	8.69245	-0.187302	-2.88575	29.6624	29.259	-0.20316	-10.5359	29.6835	66.1574	-0.0601529	-7.05359	33.259	5.66462	-0.219395	-2.20279
DIff1_Matrix_St1	117	2695.9	299.61	-0.0216	0.0296	0.0226	28.6876	8.65884	-0.177123	-2.71838	29.6615	28.8943	-0.204051	-10.4502	29.6831	67.5955	-0.0599727	-7.18531	33.259	5.41736	-0.218654	-2.09952
DIff1_Matrix_St1	118	2699.4	299.85	0.022	0.0292	0.0227	28.6883	9.03449	-0.174154	-2.78877	29.6605	31.1509	-0.199831	-11.0334	29.6837	66.2226	-0.0574354	-6.74156	33.2588	5.38367	-0.222358	-2.1218
DIff1_Matrix_St1	119	2702.89	300.78	0.0018	0.0291	0.0217	28.6852	8.67075	-0.180382	-2.7722	29.6613	30.3447	-0.202802	-10.9076	29.6826	66.6259	-0.0581473	-6.86669	33.2544	5.59521	-0.217141	-2.15344
DIff1_Matrix_St1	120	2706.39	300.4	0.0153	0.0291	0.0243	28.6852	8.54158	-0.183823	-2.783	29.6614	31.0558	-0.198551	-10.9292	29.6841	66.6484	-0.058177	-6.87252	33.256	5.51217	-0.220019	-2.1496
DIff1_Matrix_St1	121	2709.88	299.99	0.0177	0.0291	0.0219	28.6911	8.54803	-0.175189	-2.65429	29.6609	30.0758	-0.202469	-10.7932	29.6835	66.1264	-0.0579889	-6.79665	33.2496	5.33128	-0.224109	-2.11771
DIff1_Matrix_St1	122	2713.38	300.89	0.0031	0.0294	0.0232	28.6826	8.83032	-0.178716	-2.79715	29.6602	29.3914	-0.206067	-10.735	29.6846	66.9462	-0.0595003	-7.06024	33.2537	5.3233	-0.228022	-2.15146
DIff1_Matrix_St1	123	2716.88	300.39	-0.0039	0.0294	0.0245	28.6848	8.62059	-0.183136	-2.79825	29.6619	30.8047	-0.1997	-10.9036	29.6844	66.1415	-0.0566431	-6.64043	33.2542	5.5272	-0.214622	-2.10259
DIff1_Matrix_St1	124	2720.37	299.87	0.0117	0.0294	0.0215	28.6769	8.47045	-0.183809	-2.75961	29.6609	28.7987	-0.208737	-10.6548	29.6834	65.1766	-0.0606305	-7.00419	33.2523	5.52325	-0.217765	-2.13185
DIff1_Matrix_St1	125	2723.87	299.58	-0.0345	0.0293	0.0225	28.6846	8.69532	-0.176874	-2.72599	29.6616	30.2547	-0.198982	-10.6704	29.684	66.2015	-0.0593391	-6.96279	33.259	5.3285	-0.214934	-2.02995
DIff1_Matrix_St1	126	2727.37	299.41	-0.0079	0.0293	0.0256	28.6868	8.53973	-0.184853	-2.79799	29.6623	32.8774	-0.193628	-11.2834	29.6837	63.7656	-0.0559943	-6.32856	33.2534	5.23958	-0.222373	-2.06516
DIff1_Matrix_St1	127	2730.86	300.71	-0.0046	0.0295	0.0244	28.6794	8.28887	-0.185614	-2.72698	29.6606	29.6433	-0.203312	-10.6823	29.6842	65.8604	-0.0600503	-7.00994	33.2531	4.87789	-0.234531	-2.02772
DIff1_Matrix_St1	128	2734.36	300.3	-0.0112	0.0297	0.0239	28.6813	8.65599	-0.178916	-2.74499	29.6607	30.797	-0.19965	-10.8982	29.6842	63.8571	-0.0601873	-6.81223	33.247	5.33234	-0.22769	-2.15197
DIff1_Matrix_St1	129	2737.86	299.45	0.024	0.0295	0.0247	28.6818	8.84652	-0.173218	-2.71607	29.6629	30.6035	-0.199928	-10.8448	29.6843	66.7685	-0.0580392	-6.8686	33.2503	5.03659	-0.218039	-1.94646
DIff1_Matrix_St1	130	2741.35	299.83	-0.0185	0.0291	0.0232	28.6741	8.30641	-0.182328	-2.68436	29.66	30.7573	-0.200754	-10.9443	29.6833	67.129	-0.0568685	-6.76639	33.2509	5.11753	-0.22017	-1.99707
DIff1_Matrix_St1	131	2744.85	300.4	-0.0124	0.0295	0.0264	28.6815	8.42816	-0.178873	-2.6721	29.6608	31.3601	-0.196752	-10.9363	29.6847	64.589	-0.0584086	-6.68667	33.2544	5.17314	-0.220976	-2.02617
DIff1_Matrix_St1	132	2748.35	299.09	0.0125	0.0295	0.0251	28.6757	8.49609	-0.180623	-2.72	29.6615	30.0753	-0.201264	-10.7288	29.6836	65.4744	-0.0591204	-6.86094	33.2499	5.36446	-0.212501	-2.02051
DIff1_Matrix_St1	133	2751.84	299.99	0.0067	0.0295	0.0267	28.6788	8.12784	-0.18546	-2.67177	29.6619	30.8287	-0.199956	-10.9261	29.6841	65.0195	-0.0588561	-6.78282	33.2479	5.10281	-0.225377	-2.03842
DIff1_Matrix_St1	134	2755.34	299.96	-0.0017	0.0294	0.027	28.6757	8.61913	-0.179865	-2.7478	29.6615	30.1604	-0.199375	-10.6582	29.6838	64.9935	-0.0597497	-6.88304	33.2384	5.15824	-0.223812	-2.04626
DIff1_Matrix_St1	135	2758.84	299.71	-0.017	0.0294	0.0252	28.6738	8.52667	-0.178385	-2.69596	29.6632	32.021	-0.194152	-11.0193	29.6829	64.9184	-0.0574525	-6.61076	33.2579	5.34599	-0.219616	-2.08097
DIff1_Matrix_St1	136	2762.33	300.13	0.0005	0.0295	0.0281	28.6716	8.27566	-0.184863	-2.71162	29.6596	30.2152	-0.201089	-10.7693	29.6845	66.0275	-0.059311	-6.94122	33.2477	5.28012	-0.22625	-2.11742
DIff1_Matrix_St1	137	2765.83	300.25	-0.018	0.0296	0.0274	28.6708	7.96334	-0.189118	-2.66934	29.6643	31.5469	-0.19735	-11.0349	29.6829	64.5303	-0.0576521	-6.59407	33.2477	5.0559	-0.230315	-2.06393
DIff1_Matrix_St1	138	2769.32	299.81	0.0189	0.0295	0.0288	28.6767	8.14599	-0.183103	-2.64371	29.6619	31.1109	-0.197847	-10.9098	29.685	64.7457	-0.0579932	-6.65522	33.2416	5.20793	-0.222016	-2.04939
DIff1_Matrix_St1	139	2772.82	300.09	-0.0153	0.0298	0.0283	28.6699	8.10397	-0.181558	-2.60788	29.6605	30.932	-0.197648	-10.8361	29.684	65.1425	-0.0582014	-6.72005	33.2489	5.07915	-0.219899	-1.97966
DIff1_Matrix_St1	140	2776.32	300.37	-0.0151	0.0296	0.0293	28.6755	8.06444	-0.183838	-2.62776	29.6594	30.0862	-0.200694	-10.7023	29.6839	63.728	-0.0605319	-6.83737	33.2496	5.15031	-0.220935	-2.01685
DIff1_Matrix_St1	141	2779.81	301.18	-0.0136	0.0296	0.0288	28.6717	8.09029	-0.182564	-2.61791	29.6602	31.3452	-0.197549	-10.9754	29.6842	64.957	-0.058672	-6.7551	33.2404	4.77492	-0.232446	-1.96727
DIff1_Matrix_St1	142	2783.31	301.09	-0.0039	0.0296	0.0277	28.6706	8.61291	-0.174032	-2.65677	29.6617	32.0068	-0.195254	-11.0768	29.6832	63.602	-0.0581437	-6.55463	33.2381	5.1038	-0.228979	-2.0714
DIff1_Matrix_St1	143	2786.81	299.21	0.0031	0.0299	0.03	28.6724	8.55555	-0.177821	-2.69653	29.6613	31.5104	-0.198381	-11.0797	29.684	64.7512	-0.0575603	-6.60611	33.2453	5.06152	-0.223228	-2.00265
DIff1_Matrix_St1	144	2790.3	299.65	-0.0022	0.0296	0.0284	28.6631	7.94149	-0.181755	-2.55837	29.6619	32.3296	-0.196998	-11.2885	29.6841	64.6583	-0.0575372	-6.59399	33.2454	5.14538	-0.220398	-2.01002
DIff1_Matrix_St1	145	2793.8	300.41	-0.0031	0.0296	0.0319	28.6695	8.23549	-0.181896	-2.65515	29.6627	31.8068	-0.196218	-11.062	29.6843	63.6507	-0.0591091	-6.66856	33.2355	4.76884	-0.229179	-1.93715
DIff1_Matrix_St1	146	2797.3	299.81	-0.006	0.0295	0.03	28.6669	8.31148	-0.18334	-2.70092	29.6605	30.1844	-0.202066	-10.8106	29.6836	65.5268	-0.0591977	-6.87541	33.2352	4.67582	-0.231035	-1.91474
DIff1_Matrix_St1	147	2800.79	299.64	-0.012	0.0297	0.0301	28.6688	8.26369	-0.182917	-2.67919	29.6599	31.1509	-0.199865	-11.0353	29.6845	64.3878	-0.0591736	-6.75315	33.2435	4.86502	-0.226613	-1.95409
DIff1_Matrix_St1	148	2804.29	300.62	-0.0083	0.0295	0.0304	28.6694	7.97494	-0.187194	-2.64602	29.6608	30.7946	-0.200837	-10.9621	29.6844	65.8802	-0.0585203	-6.83339	33.2339	5.08857	-0.220736	-1.99087
DIff1_Matrix_St1	149	2807.79	299.67	0.0069	0.03	0.0317	28.6702	8.02874	-0.176597	-2.51307	29.6608	30.9906	-0.199282	-10.9465	29.6848	63.528	-0.059426	-6.69139	33.239	4.88465	-0.225651	-1.95365
DIff1_Matrix_St1	150	2811.28	299.87	-0.0047	0.0296	0.0321	28.6617	7.98971	-0.185065	-2.62078	29.6611	31.1282	-0.200297	-11.0511	29.6841	67.625	-0.0568636	-6.8158	33.2319	4.84196	-0.234448	-2.01207
DIff1_Matrix_St1	151	2814.78	300.85	-0.0169	0.0297	0.0331	28.6632	8.03028	-0.184173	-2.62139	29.6619	32.9029	-0.195643	-11.4097	29.6834	64.7476	-0.0566912	-6.506	33.2333	4.96164	-0.226355	-1.99063
DIff1_Matrix_St1	152	2818.28	299.41	0.0169	0.0298	0.0297	28.6661	8.20739	-0.177019	-2.57513	29.6627	32.2792	-0.195838	-11.2045	29.6835	64.5143	-0.0584732	-6.68633	33.2344	5.02864	-0.219451	-1.95597
DIff1_Matrix_St1	153	2821.77	300.25	0.0011	0.0298	0.0316	28.6697	8.38284	-0.178441	-2.65131	29.6623	31.5559	-0.198426	-11.0982	29.6835	65.5413	-0.0581337	-6.75333	33.2312	4.51595	-0.240564	-1.92555
DIff1_Matrix_St1	154	2825.27	299.63	0.0049	0.0296	0.0335	28.6694	8.25088	-0.176613	-2.58285	29.6567	28.1554	-0.209705	-10.4651	29.6837	67.5614	-0.0621931	-7.44758	33.231	4.90439	-0.231679	-2.01394
DIff1_Matrix_St1	155	2828.77	300.31	0.0098	0.0298	0.0329	28.6657	8.0816	-0.181884	-2.60536	29.6607	29.8326	-0.204654	-10.8215	29.6841	66.9521	-0.0590544	-7.00797	33.2402	4.72269	-0.237625	-1.9891
DIff1_Matrix_St1	156	2832.26	299.71	-0.0084	0.03	0.034	28.66	8.12692	-0.178599	-2.57264	29.6592	29.6302	-0.205151	-10.7741	29.6842	66.0771	-0.0601648	-7.04642	33.2379	4.89283	-0.214308	-1.85855
DIff1_Matrix_St1	157	2835.76	300.08	-0.0269	0.0298	0.0331	28.6638	8.10563	-0.176395	-2.53424	29.6612	30.244	-0.204961	-10.9872	29.6833	66.2093	-0.0594291	-6.97418	33.2354	4.9174	-0.230202	-2.00641
DIff1_Matrix_St1	158	2839.25	299.56	0.0023	0.03	0.0338	28.668	8.17073	-0.18072	-2.61723	29.6614	30.297	-0.201748	-10.8339	29.6837	67.3859	-0.0593996	-7.09459	33.2303	4.88642	-0.224438	-1.94385
DIff1_Matrix_St1	159	2842.75	300.62	0.022	0.0297	0.0332	28.6632	7.69423	-0.183395	-2.50108	29.6616	32.9876	-0.194259	-11.3582	29.6848	63.6411	-0.0579103	-6.53233	33.2284	4.752	-0.225185	-1.89666
DIff1_Matrix_St1	160	2846.25	300.2	-0.0069	0.0298	0.0357	28.6612	7.93683	-0.184535	-2.59597	29.6609	30.2325	-0.202024	-10.8256	29.6841	67.5886	-0.060434	-7.23985	33.235	4.63209	-0.237355	-1.94872
DIff1_Matrix_St1	161	2849.74	300.14	-0.0179	0.03	0.0332	28.6657	7.99343	-0.180542	-2.55792	29.6611	31.5565	-0.199052	-11.1335	29.6841	63.8173	-0.0591338	-6.68881	33.2433	4.60631	-0.229764	-1.8759
DIff1_Matrix_St1	162	2853.24	300.55	0.0651	0.0297	0.0339	28.6583	8.06734	-0.179217	-2.56262	29.6622	32.5181	-0.195758	-11.2828	29.6845	65.8906	-0.0571471	-6.6741	33.2369	4.50324	-0.231435	-1.84726
DIff1_Matrix_St1	163	2856.74	300.15	0.0166	0.03	0.0352	28.6572	8.16764	-0.175843	-2.54564	29.6595	29.5403	-0.206183	-10.7955	29.6842	65.8318	-0.0605304	-7.06292	33.2359	4.72678	-0.233918	-1.95977
DIff1_Matrix_St1	164	2860.23	300.44	0.0062	0.03	0.0348	28.6601	8.03722	-0.177862	-2.53375	29.662	30.6961	-0.203717	-11.0837	29.683	66.5684	-0.0587054	-6.92662	33.2275	4.87435	-0.224587	-1.94033
DIff1_Matrix_St1	165	2863.73	300.55	0.0051	0.03	0.0391	28.6616	8.14551	-0.175699	-2.53666	29.6618	32.8705	-0.195729	-11.4034	29.6836	63.1976	-0.0571313	-6.39955	33.2278	4.55749	-0.236527	-1.91065
DIff1_Matrix_St1	166	2867.23	299.27	-0.0016	0.0298	0.0371	28.6616	7.66889	-0.185143	-2.5166	29.6606	30.0312	-0.204315	-10.8755	29.6837	66.1966	-0.0600121	-7.04124	33.2217	4.7306	-0.232592	-1.95023
DIff1_Matrix_St1	167	2870.72	299.31	0.0038	0.03	0.036	28.6541	7.92405	-0.178653	-2.50918	29.6623	32.681	-0.194213	-11.2499	29.6844	64.8282	-0.0574822	-6.60499	33.231	4.75983	-0.228223	-1.92542
DIff1_Matrix_St1	168	2874.22	300.49	0.0062	0.0301	0.0368	28.6608	8.36105	-0.175018	-2.59369	29.6629	31.2139	-0.199833	-11.0558	29.6842	64.5082	-0.059673	-6.82288	33.2217	4.72994	-0.233596	-1.95837
DIff1_Matrix_St1	169	2877.72	299.77	-0.0106	0.03	0.0368	28.6567	8.20095	-0.169801	-2.46819	29.66	30.2759	-0.203468	-10.9186	29.6839	65.7716	-0.0596383	-6.95246	33.2309	4.64663	-0.232158	-1.91204
DIff1_Matrix_St1	170	2881.21	300.74	0.0171	0.03	0.0365	28.6552	7.81657	-0.178336	-2.47076	29.6599	29.3253	-0.206722	-10.745	29.6835	66.5493	-0.0622092	-7.33792	33.2295	4.6334	-0.226558	-1.8606
DIff1_Matrix_St1	171	2884.71	299.54	0.0006	0.03	0.039	28.6565	8.18963	-0.181188	-2.63007	29.6611	30.771	-0.202484	-11.0435	29.6851	64.1547	-0.0603696	-6.8647	33.233	4.77844	-0.22719	-1.9242
DIff1_Matrix_St1	172	2888.21	299.92	0.0017	0.0299	0.0357	28.6543	8.10552	-0.175861	-2.52653	29.6616	32.0432	-0.197365	-11.2094	29.6829	65.2495	-0.0585793	-6.7748	33.2313	4.68877	-0.219299	-1.82251
DIff1_Matrix_St1	173	2891.7	299.32	-0.0146	0.0303	0.0383	28.6552	7.55899	-0.181203	-2.42775	29.6616	31.8432	-0.197632	-11.1544	29.684	65.3129	-0.0579054	-6.70336	33.23	4.78921	-0.215898	-1.83268
DIff1_Matrix_St1	174	2895.2	299.74	-0.0019	0.03	0.0396	28.6539	7.79832	-0.177841	-2.45815	29.6609	30.5257	-0.201781	-10.9174	29.6839	65.1448	-0.0599968	-6.9276	33.2224	4.8188	-0.232013	-1.98165
DIff1_Matrix_St1	175	2898.69	300.42	-0.0245	0.03	0.039	28.6524	8.15589	-0.174433	-2.52159	29.6631	32.9895	-0.197922	-11.573	29.6844	64.309	-0.0562647	-6.41332	33.2313	4.60249	-0.231547	-1.88889
DIff1_Matrix_St1	176	2902.19	300.7	-0.0244	0.03	0.0396	28.6544	7.87105	-0.175877	-2.45367	29.6616	31.5476	-0.198343	-11.0907	29.6836	64.4297	-0.0597547	-6.82391	33.2243	4.663	-0.233766	-1.93206
DIff1_Matrix_St1	177	2905.69	301.02	0.0127	0.0302	0.0389	28.6537	8.17476	-0.174866	-2.53369	29.6626	31.4286	-0.198083	-11.0344	29.6837	65.6078	-0.0582005	-6.76795	33.2295	4.68501	-0.226353	-1.87963
DIff1_Matrix_St1	178	2909.18	300.27	0.008	0.0301	0.0397	28.6549	7.74409	-0.178285	-2.44715	29.6629	31.6831	-0.199856	-11.2233	29.6833	63.3152	-0.0599352	-6.72612	33.2205	4.41499	-0.233275	-1.82546
DIff1_Matrix_St1	179	2912.68	300.16	-0.0105	0.03	0.0392	28.6538	7.74018	-0.185515	-2.5451	29.6619	29.3282	-0.207756	-10.7998	29.684	66.8726	-0.0614395	-7.28233	33.2233	4.54748	-0.231431	-1.86538
DIff1_Matrix_St1	180	2916.18	300.44	0.0072	0.0301	0.0383	28.6582	7.92699	-0.17405	-2.44545	29.6642	31.4291	-0.198415	-11.053	29.6835	64.4043	-0.0591604	-6.75338	33.2212	4.64584	-0.231033	-1.90245
DIff1_Matrix_St1	181	2919.67	300.12	-0.0298	0.03	0.0419	28.652	7.53684	-0.181378	-2.42298	29.661	30.1706	-0.204628	-10.9427	29.6846	64.6794	-0.0601381	-6.89431	33.2225	4.51306	-0.231807	-1.85427
DIff1_Matrix_St1	182	2923.17	299.81	0.0137	0.03	0.0421	28.6535	7.68596	-0.177648	-2.4201	29.6606	30.1719	-0.203438	-10.8795	29.684	66.2212	-0.0594539	-6.97834	33.2227	4.45851	-0.227617	-1.79874
DIff1_Matrix_St1	183	2926.67	300.83	0.036	0.0301	0.0398	28.6502	7.70201	-0.176859	-2.41438	29.6612	32.1558	-0.197594	-11.2618	29.6844	64.6014	-0.0581013	-6.65277	33.2202	4.40656	-0.229114	-1.78948
DIff1_Matrix_St1	184	2930.16	300.67	0.0035	0.0299	0.0394	28.6483	7.67007	-0.175263	-2.38268	29.6619	29.578	-0.20496	-10.7452	29.6835	66.564	-0.0611792	-7.21803	33.2256	4.39107	-0.244895	-1.90601
DIff1_Matrix_St1	185	2933.66	300.03	-0.0056	0.0301	0.0436	28.6542	8.07962	-0.171663	-2.45834	29.6633	31.4362	-0.199831	-11.1345	29.6846	66.1568	-0.057709	-6.76695	33.2241	4.58786	-0.229695	-1.86783
DIff1_Matrix_St1	186	2937.16	299.72	-0.0198	0.03	0.0411	28.6533	7.67345	-0.177689	-2.41672	29.6613	31.9351	-0.198798	-11.2527	29.6836	63.8091	-0.0586976	-6.63862	33.2164	4.26761	-0.236775	-1.791
DIff1_Matrix_St1	187	2940.65	299.29	0.0281	0.0303	0.0435	28.6513	7.82159	-0.181171	-2.51165	29.6623	29.9457	-0.204019	-10.8288	29.6848	66.283	-0.0604195	-7.09829	33.2247	4.54354	-0.217975	-1.7554
DIff1_Matrix_St1	188	2944.15	299.32	-0.0054	0.0301	0.0409	28.6512	8.01905	-0.17198	-2.44442	29.6623	32.8167	-0.197881	-11.51	29.685	65.7146	-0.0571027	-6.6511	33.213	4.5478	-0.232591	-1.87486
DIff1_Matrix_St1	189	2947.65	300.32	0.0236	0.0301	0.0431	28.6509	7.83664	-0.171508	-2.38226	29.6623	30.8435	-0.20278	-11.0857	29.683	64.9164	-0.0602266	-6.92976	33.2254	4.64915	-0.229865	-1.89418
DIff1_Matrix_St1	190	2951.14	299.86	0.0055	0.0301	0.0423	28.6527	7.78573	-0.175769	-2.42558	29.6615	31.538	-0.19832	-11.086	29.6841	65.4033	-0.0600071	-6.95628	33.2191	4.47613	-0.23394	-1.85602
DIff1_Matrix_St1	191	2954.64	299.24	0.0265	0.0301	0.0438	28.6473	7.5097	-0.176181	-2.34508	29.6604	32.2859	-0.197854	-11.3222	29.6846	66.0522	-0.0591616	-6.92631	33.2176	4.4363	-0.233459	-1.83572
DIff1_Matrix_St1	192	2958.13	299.12	-0.0316	0.0301	0.0448	28.6453	7.93045	-0.176122	-2.47563	29.6623	31.0627	-0.199957	-11.0091	29.6846	64.9706	-0.0599447	-6.90308	33.2179	4.39898	-0.230604	-1.79801
DIff1_Matrix_St1	193	2961.63	299.11	0.0051	0.0302	0.0442	28.6453	7.86806	-0.170297	-2.37492	29.6621	31.0319	-0.200185	-11.0107	29.684	65.6132	-0.0596346	-6.93529	33.2204	4.3098	-0.252498	-1.92882
DIff1_Matrix_St1	194	2965.13	300.11	0.01	0.0301	0.0448	28.6507	7.29406	-0.183081	-2.36694	29.6591	30.5525	-0.201569	-10.9155	29.6848	65.4407	-0.0615457	-7.13872	33.2126	4.48556	-0.228109	-1.81357
DIff1_Matrix_St1	195	2968.62	300.29	-0.0241	0.0303	0.0456	28.6472	7.87017	-0.173791	-2.42429	29.6618	32.0957	-0.197276	-11.2227	29.683	65.3617	-0.0586138	-6.79044	33.2168	4.41766	-0.241184	-1.88849
DIff1_Matrix_St1	196	2972.12	299.16	0.0003	0.0305	0.0454	28.644	7.69002	-0.179545	-2.44723	29.6617	31.3728	-0.200183	-11.1315	29.6831	65.9196	-0.0589636	-6.88927	33.2113	4.37376	-0.227511	-1.76373
DIff1_Matrix_St1	197	2975.62	299.38	-0.0141	0.0301	0.0462	28.6426	7.64524	-0.180025	-2.43949	29.664	32.8927	-0.196095	-11.4325	29.6848	63.4201	-0.0577025	-6.4863	33.2138	4.4908	-0.235635	-1.87559
DIff1_Matrix_St1	198	2979.11	300.39	0.0135	0.0304	0.0441	28.6456	7.66288	-0.177043	-2.40462	29.6582	29.2077	-0.206057	-10.6674	29.6841	67.8379	-0.0614303	-7.38635	33.2106	4.36781	-0.247044	-1.91255
DIff1_Matrix_St1	199	2982.61	299.72	0.0258	0.0301	0.0434	28.6428	7.4819	-0.180671	-2.39593	29.6641	32.7051	-0.194911	-11.2986	29.6835	64.6857	-0.0574086	-6.58203	33.2088	4.20956	-0.241707	-1.80344
DIff1_Matrix_St1	200	2986.11	299.06	-0.0017	0.0301	0.0467	28.6449	7.79802	-0.168767	-2.33264	29.6602	31.0939	-0.199127	-10.9744	29.6847	65.6009	-0.0597389	-6.94611	33.2108	4.41415	-0.228888	-1.7908
DIff1_Matrix_St1	201	2989.6	300.87	-0.0168	0.0302	0.0496	28.6492	7.80104	-0.176739	-2.44377	29.6629	30.8671	-0.201465	-11.0223	29.6843	64.8727	-0.0603804	-6.94277	33.2143	4.48769	-0.222497	-1.76979
DIff1_Matrix_St1	202	2993.1	300.86	-0.0172	0.0304	0.048	28.64	7.53158	-0.178509	-2.38298	29.6609	30.8603	-0.20094	-10.9911	29.6848	66.6616	-0.0606578	-7.167	33.2024	4.07305	-0.252701	-1.82432
DIff1_Matrix_St1	203	2996.6	300.69	-0.0091	0.0302	0.0464	28.6513	7.57895	-0.174995	-2.35077	29.6601	30.347	-0.204252	-10.9864	29.6848	65.8352	-0.0600918	-7.0121	33.212	4.4847	-0.228385	-1.81541
DIff1_Matrix_St1	204	3000.09	300.04	-0.0217	0.0301	0.0467	28.644	7.84293	-0.168146	-2.33743	29.6609	31.2821	-0.201044	-11.1471	29.684	64.9069	-0.0609916	-7.01675	33.2061	4.21795	-0.231899	-1.73371
DIff1_Matrix_St1	205	3003.59	300.32	0.0268	0.0304	0.0477	28.6389	7.66375	-0.179302	-2.43558	29.6609	32.844	-0.195551	-11.3839	29.684	65.1153	-0.0578477	-6.67642	33.2173	4.16881	-0.235572	-1.74065
DIff1_Matrix_St1	206	3007.09	299.85	0.0167	0.0301	0.05	28.6436	7.86711	-0.169542	-2.36411	29.6637	32.9044	-0.195103	-11.3787	29.6846	62.8034	-0.0587103	-6.53541	33.211	4.50681	-0.236182	-1.88665
DIff1_Matrix_St1	207	3010.58	299.24	-0.0135	0.0304	0.0483	28.6443	7.432	-0.17086	-2.25072	29.6618	30.1128	-0.203992	-10.8878	29.6831	65.2655	-0.0623816	-7.21631	33.2086	4.31583	-0.23742	-1.81617
DIff1_Matrix_St1	208	3014.08	299.99	-0.0108	0.0305	0.0498	28.6473	7.48601	-0.175911	-2.33409	29.6606	30.7977	-0.201959	-11.0244	29.6842	66.2707	-0.060154	-7.06579	33.2087	4.23051	-0.230351	-1.72726
DIff1_Matrix_St1	209	3017.58	300.6	-0.0031	0.0304	0.0477	28.6467	7.53593	-0.174221	-2.32708	29.6592	30.6088	-0.203544	-11.0428	29.6851	66.0528	-0.0599116	-7.01419	33.2138	4.27313	-0.232834	-1.76347
DIff1_Matrix_St1	210	3021.07	300.98	0.0086	0.0303	0.0517	28.6407	7.73124	-0.172748	-2.36721	29.6625	31.753	-0.200041	-11.2584	29.6833	65.7373	-0.0595928	-6.94354	33.2158	4.40639	-0.232623	-1.81681
DIff1_Matrix_St1	211	3024.57	299.64	0.0189	0.0305	0.0496	28.6431	7.41269	-0.176628	-2.32065	29.6622	31.0546	-0.202349	-11.1379	29.6846	64.8059	-0.0598523	-6.87496	33.2043	4.13513	-0.246273	-1.80501
DIff1_Matrix_St1	212	3028.06	299.71	0.0027	0.0303	0.05	28.6418	7.54667	-0.171675	-2.29635	29.6618	33.2016	-0.195308	-11.4935	29.6851	65.1459	-0.0561606	-6.48475	33.2094	4.48394	-0.22264	-1.76945
DIff1_Matrix_St1	213	3031.56	299.47	0.001	0.0304	0.0515	28.6382	7.72822	-0.170847	-2.34025	29.6625	30.2431	-0.205634	-11.0229	29.6829	64.3614	-0.062046	-7.07805	33.2083	4.13715	-0.239776	-1.75825
DIff1_Matrix_St1	214	3035.06	300.03	-0.0183	0.0305	0.051	28.6441	7.62042	-0.17747	-2.39706	29.6638	33.4303	-0.194414	-11.5197	29.6852	63.1803	-0.0576139	-6.45184	33.2117	4.21281	-0.238986	-1.78452
DIff1_Matrix_St1	215	3038.55	300.7	-0.0167	0.03	0.0492	28.6407	7.39752	-0.168576	-2.21033	29.6608	31.0259	-0.202055	-11.1114	29.6841	65.506	-0.0589606	-6.84569	33.2122	4.15962	-0.240011	-1.76954
DIff1_Matrix_St1	216	3042.05	300.09	-0.0072	0.03	0.0528	28.6436	8.04657	-0.16365	-2.334	29.6611	32.4422	-0.196636	-11.307	29.685	65.067	-0.0587962	-6.78086	33.2059	4.24275	-0.235959	-1.77443
DIff1_Matrix_St1	217	3045.55	300.73	0.0276	0.0304	0.0552	28.6443	7.45871	-0.175677	-2.3225	29.6619	32.6944	-0.194675	-11.2813	29.6846	65.6384	-0.057023	-6.63412	33.2139	4.1547	-0.24743	-1.82208
DIff1_Matrix_St1	218	3049.04	299.33	0.0186	0.0304	0.0542	28.644	7.58478	-0.177057	-2.3803	29.6605	31.911	-0.197894	-11.1931	29.6848	64.6482	-0.0609421	-6.98311	33.1999	4.29339	-0.2371	-1.8043
DIff1_Matrix_St1	219	3052.54	300.57	-0.0069	0.0305	0.051	28.6449	7.87747	-0.165915	-2.31658	29.6609	31.1495	-0.200287	-11.058	29.6843	65.5247	-0.0600094	-6.96946	33.2118	4.30854	-0.229203	-1.75035
DIff1_Matrix_St1	220	3056.04	299.33	-0.005	0.0305	0.055	28.6419	7.32901	-0.175154	-2.27531	29.6622	31.4321	-0.19751	-11.0037	29.6838	66.6415	-0.0590701	-6.9773	33.2131	4.17788	-0.236987	-1.75491
DIff1_Matrix_St1	221	3059.53	300.96	-0.0048	0.0304	0.0549	28.6376	7.57218	-0.173924	-2.33429	29.6618	31.6793	-0.199151	-11.1824	29.6847	64.37	-0.0602565	-6.87484	33.2115	4.23735	-0.230831	-1.73366
DIff1_Matrix_St1	222	3063.03	299.12	-0.0279	0.0304	0.0528	28.6446	7.65544	-0.167935	-2.2787	29.6626	31.8945	-0.199737	-11.2915	29.6841	65.1687	-0.0590114	-6.81633	33.2089	4.17174	-0.231097	-1.70878
DIff1_Matrix_St1	223	3066.53	299.6	0.0306	0.0303	0.0566	28.6426	7.48492	-0.174098	-2.3097	29.6618	30.8089	-0.201212	-10.9877	29.6833	64.926	-0.060725	-6.98813	33.2132	4.22618	-0.243996	-1.8277
DIff1_Matrix_St1	224	3070.02	300.47	-0.0228	0.0306	0.0544	28.6392	7.50074	-0.177585	-2.36095	29.6616	30.948	-0.200718	-11.0102	29.6839	65.6617	-0.0597257	-6.95102	33.2079	4.25969	-0.234903	-1.77354
DIff1_Matrix_St1	225	3073.52	299.69	-0.0295	0.0304	0.0549	28.6378	7.64759	-0.168292	-2.2812	29.6628	31.3041	-0.200863	-11.1449	29.6841	65.9543	-0.0595981	-6.96707	33.204	4.20044	-0.239591	-1.78377
DIff1_Matrix_St1	226	3077.02	300.18	0.0026	0.0305	0.0563	28.6393	7.62226	-0.173924	-2.34974	29.6623	32.7704	-0.196718	-11.4261	29.6855	62.451	-0.0593154	-6.56571	33.2093	4.21139	-0.236886	-1.76824
DIff1_Matrix_St1	227	3080.51	299.34	0.0148	0.0305	0.0547	28.638	7.37423	-0.175663	-2.296	29.6625	30.953	-0.19931	-10.9347	29.6841	65.9886	-0.0602812	-7.0506	33.2121	4.48063	-0.226227	-1.79663
DIff1_Matrix_St1	228	3084.01	299.41	-0.0003	0.0301	0.0546	28.6373	7.10803	-0.18228	-2.29648	29.6612	31.3755	-0.198929	-11.0628	29.6846	63.6757	-0.0614386	-6.9341	33.2101	4.0459	-0.235217	-1.68679
DIff1_Matrix_St1	229	3087.5	299.49	-0.0237	0.0305	0.0545	28.6439	7.51846	-0.174377	-2.32377	29.6633	31.164	-0.200504	-11.0752	29.6847	65.3747	-0.0603622	-6.99438	33.2082	3.95629	-0.242991	-1.70393
DIff1_Matrix_St1	230	3091	300.13	-0.0133	0.0305	0.0555	28.6395	7.4783	-0.173028	-2.29347	29.6616	30.1431	-0.20373	-10.8847	29.6847	64.5814	-0.0615881	-7.04984	33.205	3.99587	-0.234652	-1.66192
DIff1_Matrix_St1	231	3094.5	300.05	0.0027	0.0305	0.0566	28.6391	7.71027	-0.168616	-2.30432	29.6624	32.7895	-0.194626	-11.3113	29.6857	64.9686	-0.057825	-6.65877	33.2161	4.20494	-0.233237	-1.73833
DIff1_Matrix_St1	232	3097.99	299.48	0.0106	0.0303	0.0569	28.6356	7.3769	-0.173461	-2.26804	29.6616	33.0107	-0.195502	-11.4388	29.6848	64.7526	-0.0571468	-6.55879	33.1992	4.17512	-0.229122	-1.69555
DIff1_Matrix_St1	233	3101.49	299.14	0.035	0.0305	0.0581	28.635	7.4484	-0.16859	-2.22572	29.6625	32.5057	-0.194611	-11.2125	29.6852	63.3346	-0.060017	-6.73737	33.2011	4.09594	-0.244366	-1.77407
DIff1_Matrix_St1	234	3104.99	299.64	-0.0245	0.0305	0.058	28.6373	7.59452	-0.177293	-2.38654	29.6627	31.7848	-0.199633	-11.2468	29.6837	63.8177	-0.0588421	-6.65586	33.2046	4.10309	-0.234154	-1.7029
DIff1_Matrix_St1	235	3108.48	299.37	0.0157	0.0305	0.0601	28.6341	7.35852	-0.17016	-2.21933	29.6657	31.8692	-0.199172	-11.2506	29.6849	63.6156	-0.0592664	-6.68263	33.2043	3.93059	-0.236626	-1.64852
DIff1_Matrix_St1	236	3111.98	300.38	-0.0172	0.0305	0.059	28.64	7.22216	-0.174396	-2.23243	29.6614	30.1908	-0.204001	-10.9165	29.6844	65.1499	-0.0612599	-7.074	33.2112	4.14211	-0.230218	-1.69019
DIff1_Matrix_St1	237	3115.48	299.84	-0.0239	0.0304	0.0589	28.6365	7.60547	-0.167998	-2.26467	29.6665	32.1798	-0.197518	-11.2659	29.6854	64.0922	-0.0593031	-6.73686	33.2066	4.25998	-0.220888	-1.66784
DIff1_Matrix_St1	238	3118.97	300.57	0.0258	0.0305	0.0611	28.6362	7.22281	-0.174362	-2.2322	29.6619	32.4019	-0.19641	-11.28	29.6853	63.2696	-0.0593031	-6.6504	33.2042	4.12879	-0.233312	-1.7074
DIff1_Matrix_St1	239	3122.47	300.15	-0.0044	0.0306	0.0588	28.6341	7.25859	-0.178386	-2.29503	29.6632	31.0247	-0.198322	-10.9057	29.6833	64.2804	-0.060733	-6.91956	33.2062	4.32488	-0.229142	-1.75652
DIff1_Matrix_St1	240	3125.97	300.48	0.0188	0.0305	0.0588	28.6395	7.45576	-0.17526	-2.31606	29.6629	32.0571	-0.198103	-11.2562	29.685	64.0736	-0.0592688	-6.731	33.2077	4.05051	-0.246106	-1.76688
DIff1_Matrix_St1	241	3129.46	301.04	0.0031	0.0305	0.0586	28.6388	7.53748	-0.172723	-2.30755	29.6627	32.6216	-0.196258	-11.3477	29.685	62.7304	-0.0591378	-6.57534	33.1921	4.25861	-0.235296	-1.77606
DIff1_Matrix_St1	242	3132.96	299.75	0.0167	0.0305	0.0597	28.6316	7.34019	-0.167381	-2.17765	29.6644	32.2836	-0.198021	-11.331	29.6836	62.9453	-0.0582907	-6.50336	33.2077	4.24194	-0.230705	-1.73459
DIff1_Matrix_St1	243	3136.46	299.39	0.0002	0.0309	0.0604	28.6349	7.50716	-0.172923	-2.30093	29.6621	30.2299	-0.20381	-10.9204	29.6846	66.6741	-0.0613039	-7.2447	33.212	4.20343	-0.242493	-1.80666
DIff1_Matrix_St1	244	3139.95	299.82	-0.0201	0.0305	0.0603	28.6284	7.45274	-0.171257	-2.26225	29.66	31.3818	-0.199385	-11.0904	29.6848	65.5155	-0.0598616	-6.95133	33.1992	3.93011	-0.25413	-1.77025
DIff1_Matrix_St1	245	3143.45	299.89	0.0103	0.0305	0.0614	28.635	7.58469	-0.169817	-2.28294	29.6632	31.0834	-0.201835	-11.1199	29.6845	64.6126	-0.0614447	-7.03682	33.2111	4.04903	-0.23824	-1.70978
DIff1_Matrix_St1	246	3146.95	300.75	0.0151	0.0305	0.0615	28.6405	7.24583	-0.174287	-2.23835	29.6629	31.0047	-0.20181	-11.0904	29.685	65.6753	-0.0593467	-6.90833	33.1963	4.17258	-0.246523	-1.82321
DIff1_Matrix_St1	247	3150.44	299.75	0.0436	0.0306	0.0631	28.6356	7.3357	-0.173002	-2.24941	29.664	31.9342	-0.196222	-11.1065	29.6846	64.4178	-0.0594197	-6.78441	33.2032	3.95988	-0.250803	-1.76031
DIff1_Matrix_St1	248	3153.94	300.04	0.0272	0.0309	0.0637	28.6286	7.38041	-0.168659	-2.2063	29.6626	32.4892	-0.19781	-11.391	29.6845	64.4618	-0.0591288	-6.75579	33.191	4.00467	-0.246195	-1.74752
DIff1_Matrix_St1	249	3157.43	299.97	0.0071	0.0305	0.0649	28.6362	7.27113	-0.17122	-2.20663	29.6607	32.1738	-0.200503	-11.434	29.6841	65.3751	-0.0585273	-6.78182	33.1887	4.21559	-0.233026	-1.74115
DIff1_Matrix_St1	250	3160.93	299.64	0.003	0.0306	0.0632	28.6354	7.44081	-0.171394	-2.26043	29.6631	30.703	-0.203242	-11.0604	29.6839	65.0759	-0.0614401	-7.08676	33.1985	4.16164	-0.227052	-1.67481
DIff1_Matrix_St1	251	3164.43	299.39	-0.0055	0.0307	0.0629	28.6365	7.46557	-0.171086	-2.26387	29.6633	29.8433	-0.204879	-10.8373	29.6842	66.837	-0.0612165	-7.25204	33.1944	4.12151	-0.239546	-1.74993
DIff1_Matrix_St1	252	3167.92	299.61	0.0089	0.0305	0.064	28.6333	7.12915	-0.176226	-2.22681	29.6592	31.0288	-0.201276	-11.0696	29.6851	65.8323	-0.060193	-7.0236	33.1978	4.18711	-0.237836	-1.76509
DIff1_Matrix_St1	253	3171.42	299.87	0.0478	0.0307	0.0643	28.6318	7.42245	-0.173273	-2.27958	29.6619	31.2677	-0.200105	-11.0899	29.6843	66.5408	-0.0594792	-7.01501	33.1905	4.0613	-0.234716	-1.6896
DIff1_Matrix_St1	254	3174.92	300.58	-0.0212	0.0305	0.0641	28.6305	7.03568	-0.179609	-2.2398	29.6649	32.4059	-0.197558	-11.3473	29.6839	62.7253	-0.0594819	-6.61307	33.1941	4.1805	-0.231352	-1.71426
DIff1_Matrix_St1	255	3178.41	299.5	-0.0218	0.0305	0.0651	28.6371	7.51777	-0.162584	-2.16642	29.6631	31.5482	-0.199655	-11.1642	29.6846	63.8647	-0.0604292	-6.84042	33.2056	3.94257	-0.237083	-1.65674
DIff1_Matrix_St1	256	3181.91	300.65	-0.0103	0.0306	0.0631	28.6326	7.25715	-0.174975	-2.2507	29.6633	33.814	-0.19434	-11.6475	29.684	63.0605	-0.0580113	-6.48403	33.1955	4.1847	-0.232999	-1.7282
DIff1_Matrix_St1	257	3185.41	300.38	0.0077	0.0305	0.0663	28.6327	7.2545	-0.175038	-2.25068	29.6634	33.9896	-0.193779	-11.6742	29.6841	62.9346	-0.0578209	-6.44984	33.1955	4.18444	-0.232876	-1.72718
