DIff1_Matrix_St1	1	2272.57	249.98	0.0004	0.008	-0.0011	28.7429	335.206	0.0166587	9.89751	29.5671	15.6229	0.204695	5.66819	29.5922	63.8312	0.0575125	6.50684	33.3213	36.749	0.0850431	5.53936
DIff1_Matrix_St1	2	2276.07	249.99	-0.005	0.008	-0.0007	28.7427	338.457	0.0165614	9.93517	29.5649	16.8508	0.198037	5.91482	29.5928	62.9493	0.0575921	6.42582	33.32	35.6723	0.0867043	5.4821
DIff1_Matrix_St1	3	2279.57	250	0.0019	0.0084	-0.0004	28.7428	335.345	0.016378	9.73484	29.567	16.7404	0.196088	5.81825	29.5922	63.7188	0.0576615	6.51222	33.3197	34.685	0.0912095	5.60734
DIff1_Matrix_St1	4	2283.07	250.05	0.0181	0.008	-0.0012	28.7429	326.225	0.0169297	9.78908	29.5715	17.4511	0.196835	6.08836	29.5913	63.7662	0.0562375	6.35611	33.3208	33.7959	0.0942461	5.64549
DIff1_Matrix_St1	5	2286.57	249.87	0.0375	0.0084	-0.0016	28.7429	330.658	0.0165918	9.72409	29.569	17.275	0.19492	5.96826	29.5922	63.9796	0.0570191	6.46601	33.3203	34.1269	0.0903884	5.46745
DIff1_Matrix_St1	6	2290.07	249.95	-0.0198	0.0086	-0.0024	28.7429	325.571	0.0166261	9.59426	29.5674	17.6955	0.190206	5.96572	29.5922	63.4295	0.056411	6.34205	33.3191	34.9825	0.0881304	5.46451
DIff1_Matrix_St1	7	2293.57	250	0.0105	0.0079	-0.0032	28.743	319.832	0.016765	9.50387	29.5689	18.1742	0.186042	5.99295	29.5921	63.2357	0.0556672	6.23931	33.3195	34.1769	0.090934	5.5085
DIff1_Matrix_St1	8	2297.07	249.96	-0.004	0.0084	-0.0019	28.7429	317.63	0.017041	9.59381	29.5695	18.7292	0.186508	6.19143	29.5917	63.3474	0.0550531	6.18138	33.3185	33.7375	0.0919532	5.49864
DIff1_Matrix_St1	9	2300.57	249.88	0.0121	0.0085	-0.0018	28.7429	315.385	0.0169295	9.46369	29.5702	18.5843	0.186281	6.13606	29.5917	63.5278	0.0555903	6.25947	33.3196	33.3917	0.0934976	5.53369
DIff1_Matrix_St1	10	2304.07	249.86	-0.002	0.0084	-0.0017	28.7428	316.039	0.0169508	9.49523	29.5682	18.1336	0.187813	6.0365	29.5921	64.3902	0.056197	6.41369	33.3193	33.1175	0.094602	5.55308
DIff1_Matrix_St1	11	2307.57	249.97	-0.0322	0.0084	-0.0023	28.7426	313.473	0.0168171	9.34389	29.5714	18.9847	0.184207	6.19848	29.5926	64.4264	0.0555826	6.34713	33.3186	32.8968	0.094875	5.53198
DIff1_Matrix_St1	12	2311.07	250.03	0.0124	0.0084	-0.0023	28.7429	307.238	0.0171234	9.3248	29.5672	18.1728	0.186464	6.00609	29.5931	64.7385	0.0563827	6.46969	33.3188	32.62	0.0953995	5.51576
DIff1_Matrix_St1	13	2314.58	249.93	0.0102	0.008	-0.0017	28.7427	310.094	0.016964	9.32388	29.5692	19.2168	0.183887	6.26338	29.5923	63.3596	0.0550465	6.18184	33.3187	31.3793	0.0964833	5.36624
DIff1_Matrix_St1	14	2318.08	250.16	0.0012	0.0085	-0.0024	28.7426	315.069	0.016545	9.23947	29.5697	19.6486	0.181399	6.31743	29.5929	63.1639	0.0553928	6.2015	33.3171	31.5655	0.0978458	5.47431
DIff1_Matrix_St1	15	2321.58	250.06	-0.0227	0.0085	-0.0028	28.7429	318.842	0.0165436	9.34933	29.5681	19.0459	0.184685	6.23458	29.5929	63.8485	0.0554016	6.26971	33.3162	31.3495	0.0980547	5.44846
DIff1_Matrix_St1	16	2325.08	249.92	-0.0139	0.0089	-0.0027	28.7428	319.439	0.0163215	9.24108	29.57	18.5145	0.186376	6.11616	29.592	63.7127	0.0562033	6.34692	33.3181	31.9388	0.0963611	5.45501
DIff1_Matrix_St1	17	2328.58	249.93	0.0282	0.0092	-0.0011	28.7428	323.817	0.0161367	9.26167	29.5664	17.1981	0.195564	5.96134	29.5912	66.7321	0.0566904	6.70531	33.3161	31.1687	0.100668	5.56139
DIff1_Matrix_St1	18	2332.08	249.91	0.0245	0.0088	-0.003	28.7428	323.24	0.016167	9.26251	29.5672	18.2672	0.186621	6.04238	29.5928	65.9907	0.0559893	6.54882	33.3167	30.2887	0.100908	5.41727
DIff1_Matrix_St1	19	2335.58	249.94	0.0226	0.0089	-0.0003	28.7428	321.693	0.0163005	9.2943	29.5664	17.88	0.188645	5.97846	29.5926	64.825	0.0578069	6.64198	33.3179	31.4809	0.0983414	5.4873
DIff1_Matrix_St1	20	2339.08	250.03	0.0011	0.009	-0.0001	28.7431	324.262	0.0160883	9.2466	29.5729	19.4081	0.184619	6.35087	29.5915	63.3463	0.0568187	6.37952	33.318	30.058	0.101156	5.38925
DIff1_Matrix_St1	21	2342.58	249.99	0.0279	0.0088	-0.0008	28.743	326.217	0.016034	9.27092	29.5684	19.9141	0.181842	6.41844	29.5919	64.2574	0.0555198	6.32334	33.3162	29.4143	0.103663	5.40453
DIff1_Matrix_St1	22	2346.08	249.93	0.0089	0.0089	-0.0006	28.7433	326.21	0.0158639	9.17239	29.5681	17.7661	0.18957	5.96948	29.5917	65.4859	0.0569228	6.60707	33.3189	30.1501	0.100298	5.35991
DIff1_Matrix_St1	23	2349.58	250.03	-0.0139	0.0088	-0.0007	28.7432	308.534	0.0166277	9.09307	29.5654	18.5541	0.187198	6.15624	29.5921	63.1105	0.0574791	6.42964	33.3169	29.8134	0.102449	5.41373
DIff1_Matrix_St1	24	2353.08	250.06	-0.0118	0.0089	0.0006	28.743	280.253	0.0180462	8.96416	29.5704	19.455	0.181796	6.26891	29.5925	63.7947	0.0562718	6.36282	33.3168	29.978	0.102584	5.45077
DIff1_Matrix_St1	25	2356.58	250	-0.0044	0.0093	-0.003	28.7429	283.785	0.0179394	9.02347	29.5711	19.6697	0.18148	6.32705	29.5915	62.351	0.0560821	6.19787	33.3161	29.5362	0.102777	5.38055
DIff1_Matrix_St1	26	2360.08	250.06	0.0109	0.0089	-0.001	28.7431	297.223	0.0174698	9.20336	29.5677	18.9499	0.185677	6.23649	29.5928	64.9221	0.0565606	6.50851	33.3164	28.8801	0.106334	5.44311
DIff1_Matrix_St1	27	2363.58	250.02	-0.0089	0.0089	-0.0014	28.7432	274.476	0.0183131	8.90925	29.5688	19.0774	0.18488	6.25149	29.5931	64.6421	0.0565055	6.47413	33.3168	29.6012	0.10487	5.5022
DIff1_Matrix_St1	28	2367.08	250.09	-0.0072	0.0089	-0.0016	28.7431	283.865	0.0182796	9.19717	29.57	19.661	0.183289	6.38732	29.5924	64.8302	0.0539673	6.20131	33.3186	30.5131	0.0998109	5.39808
DIff1_Matrix_St1	29	2370.58	250.03	0.0058	0.0094	-0.0029	28.7431	288.621	0.0180238	9.22035	29.5686	18.2429	0.187295	6.0561	29.5925	63.836	0.0581647	6.58113	33.317	29.5877	0.101104	5.30219
DIff1_Matrix_St1	30	2374.08	249.97	-0.0143	0.0094	-0.0005	28.7432	298.639	0.0176327	9.33339	29.5673	18.7827	0.183716	6.11618	29.5931	64.676	0.0564849	6.47515	33.3172	29.435	0.102901	5.36859
DIff1_Matrix_St1	31	2377.58	250.02	-0.0125	0.0094	-0.0005	28.7433	300.375	0.0174269	9.27808	29.5687	19.3539	0.183341	6.28931	29.5921	64.7982	0.0569746	6.54364	33.3175	29.1107	0.10316	5.32281
DIff1_Matrix_St1	32	2381.08	250	-0.0023	0.0096	-0.0016	28.7432	297.245	0.0174827	9.21085	29.5712	20.4544	0.180541	6.54541	29.5923	64.1364	0.055524	6.31189	33.3187	29.6702	0.100182	5.26847
DIff1_Matrix_St1	33	2384.58	249.92	-0.0145	0.0097	-0.0002	28.7436	302.395	0.0175098	9.38494	29.57	21.3021	0.175416	6.62317	29.5928	64.6389	0.0537918	6.1629	33.3188	29.3151	0.103644	5.38528
DIff1_Matrix_St1	34	2388.08	249.88	-0.0086	0.0094	-0.0011	28.744	310.411	0.017375	9.55957	29.5715	20.9528	0.176526	6.55579	29.5927	64.235	0.053713	6.11541	33.3187	29.2781	0.10218	5.30255
DIff1_Matrix_St1	35	2391.58	249.93	0.0286	0.0098	-0.0015	28.744	310.411	0.017375	9.55957	29.5715	20.9528	0.176526	6.55579	29.5927	64.235	0.053713	6.11541	33.3187	29.2781	0.10218	5.30255
DIff1_Matrix_St1	36	2395.08	250	-0.0223	0.0095	-0.0014	28.7442	307.956	0.0175283	9.5676	29.5715	20.3988	0.179053	6.47382	29.594	65.5015	0.0545557	6.33383	33.3174	29.3683	0.100744	5.2441
DIff1_Matrix_St1	37	2398.58	250.05	0.0099	0.0095	-0.0021	28.7443	313.586	0.0175048	9.72944	29.5681	20.2357	0.18188	6.52347	29.5924	66.7695	0.0543846	6.43619	33.319	29.1057	0.102741	5.30027
DIff1_Matrix_St1	38	2402.08	250	0.0091	0.0097	-0.0007	28.7443	316.801	0.0176087	9.88752	29.5713	20.0475	0.180385	6.40965	29.5923	64.4221	0.0556492	6.35431	33.3176	28.5096	0.102358	5.17236
DIff1_Matrix_St1	39	2405.59	249.98	-0.0521	0.0094	-0.0037	28.7442	321.253	0.0177881	10.1286	29.5656	19.0983	0.186804	6.32347	29.5936	65.2027	0.0565426	6.53456	33.3174	28.1662	0.102069	5.09564
DIff1_Matrix_St1	40	2409.09	249.94	0.0018	0.0096	-0.001	28.7439	311.945	0.0180816	9.99744	29.5685	18.8715	0.186966	6.2538	29.5926	66.1283	0.0568561	6.66407	33.3176	29.319	0.10136	5.26735
DIff1_Matrix_St1	41	2412.59	249.8	-0.0092	0.0096	-0.0019	28.7441	315.999	0.0177394	9.93573	29.5676	17.8687	0.189633	6.00594	29.5922	66.4835	0.0576308	6.79115	33.3188	28.6358	0.102368	5.19574
DIff1_Matrix_St1	42	2416.09	250.08	0.0014	0.0094	-0.0015	28.7441	306.234	0.0180013	9.77086	29.5724	21.4666	0.180064	6.85118	29.5922	64.4759	0.0534138	6.10416	33.318	28.3689	0.103738	5.21622
DIff1_Matrix_St1	43	2419.59	250.01	0.0105	0.0095	-0.0015	28.7441	298.183	0.0183725	9.71016	29.5698	19.7766	0.18268	6.4035	29.594	65.3533	0.055847	6.46907	33.3175	28.7075	0.104677	5.32627
DIff1_Matrix_St1	44	2423.09	250.02	-0.0073	0.0096	-0.0015	28.7441	298.183	0.0183725	9.71016	29.5698	19.7766	0.18268	6.4035	29.594	65.3533	0.055847	6.46907	33.3175	28.7075	0.104677	5.32627
DIff1_Matrix_St1	45	2426.59	249.87	0.0235	0.0097	-0.001	28.7434	281.52	0.0191474	9.55417	29.5659	19.0949	0.186984	6.32845	29.5933	66.3218	0.0563562	6.62481	33.319	27.8128	0.106465	5.24837
DIff1_Matrix_St1	46	2430.09	250.08	0.0334	0.0096	-0.0037	28.7435	274.058	0.0195522	9.49757	29.5694	20.2065	0.181685	6.50706	29.593	65.6005	0.0543816	6.32316	33.3188	27.4035	0.106657	5.18048
DIff1_Matrix_St1	47	2433.59	249.99	-0.0191	0.0099	-0.0006	28.7433	276.749	0.0194012	9.51678	29.5701	20.2598	0.181858	6.53043	29.5931	65.6599	0.0562896	6.55093	33.3193	28.4343	0.102658	5.17383
DIff1_Matrix_St1	48	2437.09	249.98	-0.0339	0.0099	0.0001	28.7429	276.308	0.0192624	9.43363	29.5675	18.9105	0.189246	6.34316	29.5935	65.0427	0.0574481	6.62292	33.3169	27.1713	0.108109	5.20653
DIff1_Matrix_St1	49	2440.59	250.18	-0.0234	0.0099	-0.0018	28.7427	262.48	0.0196791	9.15536	29.5711	20.5594	0.178413	6.50148	29.5935	64.5547	0.0554002	6.3389	33.3168	26.9524	0.108093	5.1638
DIff1_Matrix_St1	50	2444.09	249.91	-0.0329	0.0104	-0.0006	28.7426	247.829	0.0206272	9.0608	29.5698	21.6766	0.178315	6.85101	29.5932	64.5333	0.0533664	6.10417	33.3187	27.5846	0.105965	5.18088
DIff1_Matrix_St1	51	2447.59	249.96	0.0228	0.0104	-0.0021	28.7423	247.005	0.0208472	9.127	29.5681	20.6769	0.180205	6.60429	29.5928	63.7442	0.0554974	6.2703	33.3174	27.0892	0.106764	5.12622
DIff1_Matrix_St1	52	2451.09	249.91	-0.0062	0.0104	0.0002	28.7425	246.113	0.0208481	9.09442	29.5742	20.7253	0.180472	6.62958	29.5921	65.9107	0.0544849	6.36513	33.3175	27.4315	0.107114	5.20798
DIff1_Matrix_St1	53	2454.59	250.08	0.0069	0.0099	-0.0014	28.7426	243.067	0.0209325	9.01825	29.5709	21.6307	0.175182	6.71637	29.593	63.0797	0.0547943	6.12633	33.318	26.7541	0.108308	5.13602
DIff1_Matrix_St1	54	2458.09	250.07	-0.013	0.0099	-0.0024	28.7423	251.554	0.0205017	9.14107	29.5701	20.7252	0.181425	6.66455	29.5934	64.3366	0.0555021	6.32911	33.3166	26.3399	0.111745	5.21695
DIff1_Matrix_St1	55	2461.59	250.06	0.0077	0.0102	-0.0033	28.7427	249.429	0.0204514	9.04156	29.5707	20.3454	0.180501	6.5091	29.5933	65.7549	0.0564639	6.58073	33.3162	26.1076	0.111792	5.17313
DIff1_Matrix_St1	56	2465.09	250.09	0.0182	0.0097	-0.0025	28.7424	253.561	0.020226	9.0901	29.5699	21.1286	0.17865	6.69033	29.5932	66.3786	0.0546654	6.43155	33.316	26.529	0.110917	5.21547
DIff1_Matrix_St1	57	2468.59	250.09	-0.0316	0.0104	-0.0015	28.7428	253.612	0.0199649	8.97455	29.5718	20.8203	0.18038	6.6566	29.5933	63.9016	0.0566076	6.41153	33.3164	26.2283	0.111088	5.16431
DIff1_Matrix_St1	58	2472.09	250.01	0.0193	0.0103	0	28.7428	253.767	0.0198315	8.92	29.5735	21.5626	0.180242	6.8886	29.5934	64.9234	0.0542561	6.24346	33.3156	25.6037	0.112848	5.12119
DIff1_Matrix_St1	59	2475.59	250.09	0.0285	0.0114	-0.0015	28.7426	252.639	0.0198549	8.89084	29.5691	20.9538	0.183661	6.8211	29.5942	65.538	0.0540593	6.2797	33.3151	26.1348	0.111215	5.1518
DIff1_Matrix_St1	60	2479.09	250.01	0.0071	0.0105	-0.0012	28.7428	250.117	0.0200482	8.88777	29.5676	20.3908	0.184153	6.6556	29.5938	64.4038	0.05566	6.35374	33.3136	25.4764	0.114077	5.1512
DIff1_Matrix_St1	61	2482.59	250.06	0.0032	0.011	0.0006	28.7428	256.987	0.0196559	8.95324	29.569	20.2067	0.186056	6.66366	29.5938	65.2083	0.0569117	6.57778	33.3172	25.2263	0.114279	5.10968
DIff1_Matrix_St1	62	2486.09	250.02	-0.0162	0.0114	-0.0003	28.7429	259.753	0.0192788	8.87599	29.5676	20.5153	0.181813	6.61116	29.5937	64.8066	0.056275	6.46412	33.3144	25.7243	0.111674	5.09179
DIff1_Matrix_St1	63	2489.59	249.96	0.0025	0.0114	-0.003	28.7429	256.41	0.0188792	8.58013	29.5734	22.1349	0.178581	7.0063	29.5943	64.3757	0.0545359	6.2227	33.3164	25.3118	0.11167	5.00998
DIff1_Matrix_St1	64	2493.1	250.04	0.0147	0.0113	-0.0003	28.7428	240.964	0.0197616	8.44015	29.572	20.9916	0.182141	6.77688	29.5937	63.9352	0.0549353	6.22539	33.3158	25.2946	0.1121	5.02583
DIff1_Matrix_St1	65	2496.6	249.98	0.0076	0.0116	0.0016	28.7429	241.263	0.0202594	8.66345	29.5701	22.68	0.176892	7.11091	29.5952	64.2841	0.0538692	6.13789	33.3173	25.2675	0.11329	5.07374
DIff1_Matrix_St1	66	2500.1	249.95	-0.0169	0.0115	0.0002	28.7428	237.882	0.0202721	8.54742	29.5719	22.1855	0.177429	6.977	29.5937	64.0177	0.0540654	6.13472	33.3155	24.5033	0.115385	5.0113
DIff1_Matrix_St1	67	2503.6	250.02	-0.0221	0.0114	0.0011	28.7423	223.557	0.0214932	8.51655	29.5713	21.5703	0.18149	6.93879	29.5932	64.6388	0.0545964	6.25507	33.3165	24.4482	0.115849	5.02011
DIff1_Matrix_St1	68	2507.1	250.1	-0.022	0.0114	0.0021	28.7421	214.534	0.0221133	8.40861	29.5679	20.848	0.185543	6.85623	29.5944	65.0419	0.0557992	6.43274	33.3138	24.48	0.115327	5.00399
DIff1_Matrix_St1	69	2510.6	249.98	-0.0005	0.0114	0.0009	28.7422	203.198	0.0232615	8.37784	29.572	22.4162	0.178939	7.10957	29.5944	64.6382	0.0533389	6.11094	33.3157	24.5273	0.114123	4.96132
DIff1_Matrix_St1	70	2514.1	250	0.0066	0.0117	0.0033	28.7422	202.899	0.0234115	8.41945	29.5724	20.3537	0.190642	6.8776	29.5928	66.4661	0.0558949	6.58487	33.3153	23.7583	0.119173	5.01845
DIff1_Matrix_St1	71	2517.6	250.08	0.0148	0.0116	0.0024	28.7419	195.651	0.0243576	8.44679	29.5694	21.0521	0.182493	6.80952	29.5945	65.033	0.0565081	6.51357	33.3165	23.7666	0.117208	4.93742
DIff1_Matrix_St1	72	2521.1	249.91	0.0093	0.0115	0.0048	28.7418	197.192	0.0239551	8.37265	29.5687	19.5609	0.192783	6.68395	29.5945	67.624	0.0561858	6.73445	33.3154	23.7419	0.116013	4.882
DIff1_Matrix_St1	73	2524.6	250.07	-0.0158	0.0117	0.0017	28.742	199.888	0.0234468	8.30701	29.5714	21.346	0.181985	6.88538	29.5941	66.7227	0.0547416	6.4739	33.3157	23.5115	0.117971	4.9162
DIff1_Matrix_St1	74	2528.1	249.97	0.0176	0.0116	0.0021	28.742	196.058	0.0237965	8.26938	29.5718	22.3395	0.179382	7.10279	29.5942	64.8424	0.0546883	6.28533	33.3163	23.3816	0.119733	4.96209
DIff1_Matrix_St1	75	2531.6	250.01	0.0086	0.0116	0.004	28.7419	192.995	0.0240105	8.21338	29.5719	21.8236	0.181929	7.03727	29.5944	65.1541	0.0545626	6.30103	33.3133	23.5513	0.121673	5.07907
DIff1_Matrix_St1	76	2535.1	250.01	-0.0148	0.0114	0.0038	28.7416	191.305	0.0241777	8.19814	29.5675	20.9403	0.183615	6.81502	29.5947	65.6822	0.0555566	6.46782	33.3148	23.2084	0.119361	4.91001
DIff1_Matrix_St1	77	2538.6	249.97	0.0013	0.0117	0.0053	28.7411	174.888	0.0257708	7.98846	29.5696	21.4171	0.182937	6.94443	29.5943	64.8253	0.0560747	6.44298	33.3124	23.2672	0.120058	4.95117
DIff1_Matrix_St1	78	2542.1	249.98	0.0122	0.0118	0.004	28.7411	175.468	0.0257191	7.9989	29.5697	22.2757	0.18037	7.12147	29.5945	63.6117	0.0555088	6.25855	33.3141	23.1996	0.119513	4.91442
DIff1_Matrix_St1	79	2545.6	249.94	-0.014	0.0115	0.0041	28.7408	173.353	0.0258694	7.94863	29.5713	21.7645	0.183955	7.09637	29.5952	64.6126	0.0551729	6.31856	33.3134	22.5882	0.123707	4.95281
DIff1_Matrix_St1	80	2549.1	249.97	-0.0146	0.0115	0.0041	28.7407	167.425	0.0261779	7.76837	29.5713	21.9942	0.184056	7.1752	29.5947	65.8585	0.0541566	6.32177	33.3128	21.9241	0.123876	4.81375
DIff1_Matrix_St1	81	2552.6	250.04	0.0169	0.0116	0.0053	28.7406	167.286	0.0261749	7.76104	29.5718	22.4097	0.181801	7.22119	29.5938	65.2562	0.0546468	6.32064	33.3142	23.0669	0.120951	4.94508
DIff1_Matrix_St1	82	2556.1	249.97	-0.0306	0.0117	0.0072	28.7406	167.286	0.0261749	7.76104	29.5718	22.4097	0.181801	7.22119	29.5938	65.2562	0.0546468	6.32064	33.3142	23.0669	0.120951	4.94508
DIff1_Matrix_St1	83	2559.6	250.05	-0.0051	0.0116	0.0055	28.7401	162.572	0.0265857	7.66071	29.574	24.2606	0.174847	7.51855	29.5949	63.5324	0.0525426	5.91672	33.3121	22.6581	0.123219	4.94853
DIff1_Matrix_St1	84	2563.1	250.14	-0.0049	0.0118	0.0048	28.7397	159.765	0.0268547	7.6046	29.5702	21.5397	0.186333	7.11383	29.5956	66.0409	0.0555026	6.49682	33.3128	22.4032	0.125078	4.96667
DIff1_Matrix_St1	85	2566.6	250.12	0.0083	0.0119	0.0073	28.74	159.878	0.0269877	7.64766	29.5699	21.886	0.182247	7.0697	29.595	63.6146	0.0559053	6.30355	33.3123	22.2044	0.124513	4.90035
DIff1_Matrix_St1	86	2570.1	250.13	-0.0272	0.0118	0.0069	28.7399	153.795	0.0276152	7.52774	29.5716	21.6228	0.186512	7.14815	29.5951	63.7175	0.0554665	6.26419	33.3147	21.9486	0.123619	4.80914
DIff1_Matrix_St1	87	2573.6	250.03	-0.0099	0.0117	0.0085	28.7399	157.463	0.0270648	7.55366	29.5725	23.9516	0.177352	7.52913	29.5961	65.6289	0.0526086	6.11965	33.3128	22.5807	0.121053	4.84493
DIff1_Matrix_St1	88	2577.1	249.94	0.0065	0.0118	0.0079	28.7396	161.044	0.0259664	7.41191	29.5714	22.3695	0.183271	7.26651	29.5956	66.8998	0.0535239	6.34669	33.3144	22.4944	0.123728	4.93305
DIff1_Matrix_St1	89	2580.6	249.93	0.024	0.0119	0.0075	28.7396	158.145	0.0262701	7.36363	29.5695	22.3342	0.18532	7.33614	29.5957	65.1408	0.0554544	6.40271	33.3125	22.437	0.123383	4.90675
DIff1_Matrix_St1	90	2584.11	249.96	-0.0297	0.0117	0.0083	28.7396	157.189	0.0261841	7.29516	29.5706	22.534	0.183421	7.3259	29.5962	65.3595	0.0532103	6.16424	33.3108	21.7648	0.124807	4.8147
DIff1_Matrix_St1	91	2587.61	250.06	-0.0316	0.0119	0.0069	28.7394	159.462	0.0257259	7.27112	29.5725	23.434	0.180886	7.51323	29.5961	65.9881	0.0533982	6.2455	33.3113	21.3741	0.127836	4.84301
DIff1_Matrix_St1	92	2591.11	249.9	-0.0164	0.0124	0.0078	28.739	154.161	0.0261882	7.15575	29.5717	22.5686	0.182709	7.30868	29.5951	64.1825	0.055093	6.26741	33.313	22.0353	0.124674	4.86935
DIff1_Matrix_St1	93	2594.61	250.03	0.026	0.0121	0.0081	28.7387	153.533	0.026699	7.2656	29.5719	21.0658	0.188727	7.04673	29.5952	66.6454	0.0554901	6.55482	33.3117	21.7919	0.125447	4.84542
DIff1_Matrix_St1	94	2598.11	250.01	-0.0037	0.0124	0.0087	28.7387	150.821	0.0269139	7.1947	29.5719	23.3843	0.179251	7.42951	29.596	63.9816	0.0545979	6.19164	33.3137	21.7176	0.12503	4.81286
DIff1_Matrix_St1	95	2601.61	250.03	-0.0059	0.0125	0.0095	28.7391	149.463	0.0274268	7.26579	29.5694	21.0291	0.190783	7.11107	29.5963	66.3716	0.0566383	6.66296	33.3126	21.3173	0.12696	4.79706
DIff1_Matrix_St1	96	2605.11	249.9	0.0074	0.0124	0.0092	28.7386	148.737	0.0274215	7.2291	29.5727	22.158	0.184707	7.2542	29.5956	65.6533	0.0544365	6.33464	33.313	21.4203	0.124219	4.71617
DIff1_Matrix_St1	97	2608.61	250	-0.0032	0.0123	0.0083	28.7386	153.801	0.0261221	7.12102	29.5701	22.6056	0.183323	7.34527	29.5961	64.7634	0.0544891	6.25481	33.3119	21.5099	0.127372	4.85609
DIff1_Matrix_St1	98	2612.11	249.96	0.0178	0.0123	0.01	28.7381	151.429	0.026615	7.1435	29.5715	23.1834	0.181406	7.45424	29.5954	62.7123	0.0553063	6.14755	33.3116	21.2157	0.127892	4.80922
DIff1_Matrix_St1	99	2615.61	250.05	0.0101	0.0124	0.0076	28.7385	149.993	0.0270146	7.18201	29.5692	21.109	0.189521	7.09088	29.5953	64.5904	0.0569699	6.52211	33.3132	21.6118	0.122625	4.69725
DIff1_Matrix_St1	100	2619.11	250.14	-0.0124	0.0126	0.0089	28.7384	148.736	0.0270231	7.12404	29.5735	25.4456	0.177599	8.00992	29.5959	63.028	0.0521772	5.82894	33.3127	21.7496	0.124728	4.8083
DIff1_Matrix_St1	101	2622.61	249.96	0.016	0.0124	0.0095	28.738	147.7	0.0273058	7.14843	29.5716	25.0874	0.174705	7.76846	29.5969	65.7179	0.0527258	6.1416	33.3115	21.0937	0.1271	4.75195
DIff1_Matrix_St1	102	2626.11	250.07	0.0223	0.0126	0.0103	28.7383	151.466	0.0259358	6.9629	29.5725	23.9581	0.180214	7.6527	29.597	63.4427	0.0534262	6.00773	33.3115	21.2051	0.125165	4.70432
DIff1_Matrix_St1	103	2629.61	250.07	0.0167	0.0128	0.0105	28.738	147.521	0.0270278	7.06706	29.5703	21.58	0.19034	7.28044	29.596	66.3346	0.0549123	6.45632	33.3096	20.4489	0.127946	4.63738
DIff1_Matrix_St1	104	2633.11	250.05	0.0144	0.0128	0.0097	28.7382	146.93	0.0271189	7.06248	29.5723	23.6493	0.183756	7.70252	29.5961	67.2977	0.0528397	6.30283	33.3118	20.8468	0.128464	4.74675
DIff1_Matrix_St1	105	2636.61	250.04	0.0055	0.0126	0.0114	28.7379	145.12	0.027721	7.13039	29.5725	22.8397	0.185203	7.49743	29.5958	67.2175	0.0542783	6.46671	33.312	21.0238	0.125599	4.68029
DIff1_Matrix_St1	106	2640.11	249.94	-0.0151	0.0129	0.0115	28.7378	147.501	0.0269819	7.05411	29.5701	21.9674	0.19005	7.39983	29.5963	65.3716	0.0559562	6.48354	33.311	21.0167	0.126127	4.69838
DIff1_Matrix_St1	107	2643.61	250.11	-0.0003	0.0133	0.0127	28.7378	148.469	0.0272724	7.17686	29.5736	23.2655	0.182086	7.50868	29.596	64.4005	0.0544888	6.21972	33.3084	20.5126	0.127279	4.62758
DIff1_Matrix_St1	108	2647.11	250.07	0.0239	0.0129	0.0128	28.7375	148.267	0.0271458	7.13383	29.5717	24.9498	0.17811	7.87644	29.5966	63.8652	0.0530965	6.01042	33.3108	20.6142	0.129698	4.73887
DIff1_Matrix_St1	109	2650.61	249.98	-0.0053	0.0129	0.0118	28.7375	150.446	0.0265155	7.07058	29.5738	24.463	0.181074	7.85129	29.5967	63.2936	0.0535598	6.0086	33.3105	20.4959	0.130262	4.73216
DIff1_Matrix_St1	110	2654.11	250.14	-0.0115	0.013	0.0134	28.7375	145.517	0.0274738	7.0861	29.5717	22.916	0.188066	7.63878	29.5962	64.5632	0.0550863	6.30382	33.3098	19.8284	0.130676	4.59259
DIff1_Matrix_St1	111	2657.61	250.11	0.0067	0.0129	0.0116	28.737	155.285	0.0259044	7.12981	29.5728	23.3406	0.183542	7.59315	29.5973	63.1777	0.054868	6.14409	33.3123	20.0748	0.131326	4.6728
DIff1_Matrix_St1	112	2661.11	249.98	-0.0094	0.0133	0.0148	28.7372	160.194	0.0247906	7.03895	29.5676	22.7303	0.186663	7.52036	29.5973	64.8239	0.0555001	6.37681	33.3103	20.1608	0.131942	4.71481
DIff1_Matrix_St1	113	2664.61	250.03	0.0002	0.0129	0.0151	28.7368	163.405	0.0243709	7.05849	29.5703	23.0258	0.182894	7.4643	29.5975	64.8918	0.055012	6.32735	33.309	19.7046	0.13191	4.60701
DIff1_Matrix_St1	114	2668.11	250.09	0.0199	0.0133	0.0149	28.7368	174.891	0.0230085	7.13231	29.5722	22.4885	0.188099	7.49757	29.5966	64.232	0.0564503	6.42677	33.3085	20.1536	0.130769	4.67122
DIff1_Matrix_St1	115	2671.61	249.94	-0.022	0.0136	0.014	28.7372	172.201	0.0232129	7.08498	29.5734	22.1042	0.191045	7.48489	29.5964	66.016	0.0562582	6.58278	33.3115	19.2752	0.134714	4.60243
DIff1_Matrix_St1	116	2675.12	250.08	0.0063	0.0133	0.0145	28.737	179.349	0.0221327	7.03573	29.5736	23.7412	0.182307	7.67149	29.5968	64.7314	0.0541024	6.20735	33.311	19.0201	0.13608	4.58754
DIff1_Matrix_St1	117	2678.62	250.09	-0.0322	0.0135	0.0146	28.737	173.858	0.0225664	6.95393	29.5755	25.4641	0.177086	7.99257	29.5972	62.0639	0.0539221	5.93173	33.3118	18.8195	0.13366	4.45846
DIff1_Matrix_St1	118	2682.12	249.9	0.0242	0.0132	0.0163	28.7371	178.637	0.0224974	7.12325	29.5719	23.746	0.183356	7.71719	29.5974	64.2858	0.0541397	6.16888	33.3101	19.0501	0.13546	4.57388
DIff1_Matrix_St1	119	2685.62	249.92	0.0327	0.0134	0.0165	28.7371	174.136	0.0228143	7.04159	29.575	24.6324	0.183717	8.02105	29.5974	61.9639	0.0547873	6.01719	33.3111	19.4119	0.131596	4.52778
DIff1_Matrix_St1	120	2689.12	250.03	-0.0273	0.0138	0.0149	28.7371	177.125	0.0226006	7.09537	29.574	24.4872	0.180657	7.84095	29.5968	62.7268	0.0544452	6.05323	33.3117	19.5939	0.129887	4.5109
DIff1_Matrix_St1	121	2692.62	249.94	0.0046	0.0134	0.0168	28.7369	169.826	0.0232238	6.99054	29.5754	26.0406	0.178473	8.23757	29.598	63.3293	0.0515755	5.78925	33.3111	19.0723	0.132545	4.48065
DIff1_Matrix_St1	122	2696.12	249.99	0.016	0.0134	0.0151	28.7368	164.419	0.0240774	7.01678	29.5737	23.9288	0.18317	7.76872	29.5971	64.4472	0.0544309	6.21762	33.3106	18.7365	0.134455	4.46518
DIff1_Matrix_St1	123	2699.62	250.02	0.0292	0.0137	0.0166	28.7363	166.219	0.0238112	7.01515	29.572	24.1128	0.184081	7.86741	29.5972	64.0273	0.0534518	6.066	33.309	18.7857	0.134162	4.46715
DIff1_Matrix_St1	124	2703.12	249.9	-0.0189	0.0135	0.0179	28.7366	167.879	0.0232937	6.9312	29.5735	24.103	0.185793	7.93735	29.5969	63.9457	0.0541248	6.13455	33.3092	18.6431	0.133815	4.42179
DIff1_Matrix_St1	125	2706.62	250.02	-0.0144	0.0137	0.019	28.7369	180.142	0.0220978	7.05569	29.5729	22.7324	0.188768	7.60586	29.5971	63.9956	0.0565221	6.41126	33.3092	18.3885	0.137237	4.47294
DIff1_Matrix_St1	126	2710.12	250	0.0313	0.0134	0.0164	28.737	175.498	0.0224667	6.98856	29.5708	22.3591	0.190215	7.53832	29.5966	64.1556	0.0568019	6.4591	33.3116	18.2548	0.137569	4.45113
DIff1_Matrix_St1	127	2713.62	249.97	0.0006	0.0138	0.018	28.7369	182.476	0.0219087	7.08594	29.5695	22.2057	0.192294	7.56842	29.5974	64.3109	0.0580578	6.6179	33.3103	18.2558	0.136592	4.41977
DIff1_Matrix_St1	128	2717.12	250.02	-0.001	0.0136	0.0159	28.7367	194.474	0.020747	7.15143	29.5743	23.3955	0.187185	7.76207	29.597	63.4678	0.0553012	6.22104	33.3101	18.3112	0.133739	4.34061
DIff1_Matrix_St1	129	2720.62	249.97	0.0101	0.0136	0.0175	28.7367	205.729	0.0198246	7.22893	29.5734	24.203	0.183506	7.87216	29.5993	62.8169	0.0545384	6.0723	33.3089	17.6387	0.138052	4.31604
DIff1_Matrix_St1	130	2724.12	250.01	-0.0082	0.0138	0.0195	28.737	214.112	0.0192804	7.31701	29.5735	23.6945	0.185125	7.77478	29.5977	63.0626	0.0541787	6.05586	33.3097	17.6641	0.137867	4.31646
DIff1_Matrix_St1	131	2727.62	249.96	0.0056	0.0138	0.019	28.7371	210.288	0.0191362	7.13255	29.5754	26.0528	0.177396	8.19168	29.5982	62.4132	0.0512229	5.66651	33.308	17.3297	0.136223	4.18423
DIff1_Matrix_St1	132	2731.12	250.06	-0.026	0.0139	0.0197	28.737	229.349	0.0177108	7.1996	29.5734	22.9506	0.190541	7.75101	29.5973	64.3028	0.0558475	6.36515	33.3084	17.7974	0.13671	4.31253
DIff1_Matrix_St1	133	2734.62	250.07	-0.0084	0.0136	0.0203	28.7368	243.176	0.0169406	7.3017	29.5717	23.7395	0.184351	7.75699	29.5971	63.6084	0.0559904	6.31252	33.3092	17.964	0.135894	4.32692
DIff1_Matrix_St1	134	2738.12	250.09	-0.0082	0.0143	0.0199	28.7369	265.687	0.0158066	7.44358	29.5719	23.8321	0.185072	7.81767	29.5981	64.2659	0.0557682	6.35246	33.3093	17.4759	0.136068	4.21473
DIff1_Matrix_St1	135	2741.62	250.07	-0.0057	0.0138	0.0182	28.7368	258.079	0.0162824	7.44811	29.5713	22.305	0.188589	7.45578	29.5979	63.862	0.0577377	6.53547	33.3079	17.3628	0.137122	4.21989
DIff1_Matrix_St1	136	2745.12	250.06	0.0016	0.0143	0.0222	28.7367	256.047	0.0164894	7.48341	29.5712	22.6659	0.189853	7.6272	29.5977	62.5793	0.0575532	6.38374	33.3076	17.1659	0.13537	4.11874
DIff1_Matrix_St1	137	2748.62	250.01	-0.0151	0.0142	0.0213	28.7364	242.725	0.0172526	7.42238	29.5729	23.7826	0.187827	7.91759	29.5985	62.3955	0.0557333	6.16372	33.3044	17.7759	0.139735	4.40263
DIff1_Matrix_St1	138	2752.12	249.99	-0.0066	0.0142	0.0206	28.7363	259.872	0.0161532	7.44035	29.5714	23.6004	0.189528	7.92809	29.5981	63.1411	0.0558032	6.2452	33.3078	17.0398	0.140582	4.2459
DIff1_Matrix_St1	139	2755.62	249.98	-0.0034	0.0139	0.0202	28.736	248.926	0.0164678	7.26574	29.5714	24.4232	0.183982	7.96438	29.5979	63.0572	0.0546203	6.10469	33.3059	16.7821	0.143181	4.25898
DIff1_Matrix_St1	140	2759.12	250.02	-0.0192	0.0143	0.0216	28.7357	230.03	0.0174101	7.09842	29.5732	23.8631	0.184564	7.80636	29.5976	64.1339	0.0552489	6.28039	33.3065	16.9463	0.142898	4.29216
DIff1_Matrix_St1	141	2762.63	250.04	-0.0012	0.0143	0.0241	28.7355	206.242	0.0188449	6.88884	29.5743	24.4712	0.188078	8.15771	29.5984	62.7747	0.0540191	6.01045	33.3077	16.911	0.146915	4.40363
DIff1_Matrix_St1	142	2766.13	249.83	-0.0002	0.0144	0.0236	28.7349	191.128	0.0201189	6.81559	29.5741	25.9134	0.179304	8.23552	29.5984	61.9717	0.0545348	5.99021	33.3075	16.6004	0.143979	4.23635
DIff1_Matrix_St1	143	2769.63	249.95	0.0016	0.0143	0.021	28.7349	173.839	0.0211392	6.51344	29.5729	23.4346	0.189157	7.85699	29.5974	62.8869	0.0566756	6.31729	33.3079	16.3315	0.143516	4.15432
DIff1_Matrix_St1	144	2773.13	249.96	-0.0042	0.0144	0.0212	28.7348	166.659	0.0225886	6.67259	29.5685	22.92	0.190593	7.74274	29.5984	63.4752	0.0573514	6.45244	33.3074	16.8528	0.141488	4.22635
DIff1_Matrix_St1	145	2776.63	250.03	-0.0018	0.0143	0.0227	28.7349	164.88	0.0230458	6.73497	29.5755	25.5202	0.182982	8.27692	29.5981	61.5895	0.0538717	5.88087	33.3036	16.4079	0.14227	4.13754
DIff1_Matrix_St1	146	2780.13	249.96	0.0247	0.0143	0.0228	28.735	161.607	0.022952	6.57437	29.5716	23.3748	0.189253	7.84089	29.5984	62.6112	0.0574145	6.3716	33.3057	16.5362	0.144537	4.23634
DIff1_Matrix_St1	147	2783.63	250.08	-0.0282	0.0146	0.0222	28.7352	162.852	0.0227222	6.55871	29.5721	23.4182	0.192187	7.97722	29.5971	64.1517	0.0568372	6.46273	33.3047	16.9204	0.140351	4.20921
DIff1_Matrix_St1	148	2787.13	250.02	-0.0025	0.0149	0.0224	28.735	151.344	0.0241751	6.48496	29.5689	22.0115	0.197043	7.68749	29.5984	64.5229	0.0595597	6.81148	33.3062	15.9333	0.144646	4.08496
DIff1_Matrix_St1	149	2790.63	250.02	0.0176	0.0147	0.0231	28.7349	152.904	0.0239135	6.48094	29.5729	24.0058	0.190272	8.09593	29.5985	63.483	0.0556387	6.26051	33.3047	15.8841	0.14634	4.12005
DIff1_Matrix_St1	150	2794.13	250.02	-0.0133	0.0148	0.0238	28.7352	149.236	0.0242217	6.40697	29.5726	23.5197	0.190923	7.95911	29.5977	63.3117	0.0577183	6.47697	33.3079	16.273	0.144333	4.16303
DIff1_Matrix_St1	151	2797.63	250.01	-0.0083	0.0144	0.0243	28.7348	146.303	0.0243277	6.30857	29.5729	22.7573	0.197724	7.97542	29.5973	63.1632	0.0574777	6.43485	33.3038	16.2956	0.14699	4.24556
DIff1_Matrix_St1	152	2801.13	250	0.0045	0.0148	0.0248	28.7345	133.172	0.0271364	6.4053	29.5734	23.8665	0.191069	8.08265	29.5979	64.1653	0.0553683	6.29704	33.3044	16.2568	0.145863	4.20294
DIff1_Matrix_St1	153	2804.63	250	-0.0407	0.0148	0.0245	28.7344	130.615	0.0270727	6.26758	29.5736	24.3592	0.191579	8.27154	29.5982	64.1514	0.0555774	6.31945	33.3055	15.906	0.14861	4.18972
DIff1_Matrix_St1	154	2808.13	249.93	-0.0321	0.015	0.0267	28.7343	129.704	0.0272239	6.25862	29.5744	25.4727	0.185394	8.37038	29.5979	63.0567	0.0546697	6.11016	33.3042	16.0068	0.149776	4.24935
DIff1_Matrix_St1	155	2811.63	250.09	-0.011	0.0147	0.0249	28.7345	127.834	0.02704	6.12673	29.5716	24.7673	0.188006	8.25323	29.5978	62.3166	0.0563201	6.22075	33.3042	16.0327	0.146952	4.17596
DIff1_Matrix_St1	156	2815.13	249.98	-0.0221	0.0153	0.0257	28.7343	122.277	0.0287348	6.22769	29.5737	24.2819	0.192083	8.26698	29.5977	63.2263	0.0554963	6.21923	33.3053	15.7824	0.149292	4.17622
DIff1_Matrix_St1	157	2818.63	249.99	-0.0055	0.0148	0.0275	28.7344	120.734	0.0288009	6.16325	29.5712	23.8967	0.192947	8.17242	29.5993	62.9145	0.0577089	6.4353	33.306	15.7336	0.149224	4.16142
DIff1_Matrix_St1	158	2822.13	250.05	-0.0266	0.015	0.026	28.7339	122.662	0.028602	6.21844	29.5707	22.4738	0.200679	7.99382	29.5983	63.9635	0.0571888	6.48363	33.3048	15.4609	0.147056	4.02989
DIff1_Matrix_St1	159	2825.63	249.95	0.0044	0.0146	0.0267	28.734	118.811	0.0289353	6.09341	29.5716	22.4478	0.200934	7.99468	29.5967	65.3598	0.057358	6.64476	33.3072	15.0375	0.153669	4.09577
DIff1_Matrix_St1	160	2829.13	250.11	-0.0144	0.0152	0.0266	28.7337	115.659	0.0297156	6.09169	29.5703	22.3222	0.201595	7.9761	29.5981	64.5927	0.0582411	6.66788	33.2988	15.0673	0.156117	4.16927
DIff1_Matrix_St1	161	2832.63	250.03	-0.0073	0.0149	0.0294	28.7341	110.378	0.0307658	6.01901	29.5715	22.3687	0.199993	7.92923	29.5984	65.4805	0.0574295	6.66534	33.3036	15.5109	0.151942	4.17726
DIff1_Matrix_St1	162	2836.13	250.07	-0.0023	0.0153	0.0281	28.7339	108.578	0.0314091	6.04465	29.5734	23.3171	0.197764	8.17328	29.5985	64.5065	0.0573253	6.55428	33.301	15.3699	0.152094	4.14341
DIff1_Matrix_St1	163	2839.63	250	0.0131	0.0153	0.0275	28.7339	104.86	0.0319692	5.94179	29.5724	24.9981	0.19322	8.56121	29.5982	64.0659	0.055361	6.28645	33.3067	15.3796	0.148843	4.05743
DIff1_Matrix_St1	164	2843.13	250.02	0.0016	0.0152	0.0282	28.7339	100.396	0.0336501	5.98795	29.573	24.5349	0.193094	8.39707	29.5982	62.7773	0.0567874	6.31873	33.3021	15.0281	0.154449	4.11402
DIff1_Matrix_St1	165	2846.63	250.07	0.0242	0.0153	0.0283	28.7343	99.058	0.0335647	5.89314	29.5711	23.2151	0.19756	8.12913	29.5988	63.8324	0.0586444	6.63503	33.3035	15.0581	0.15282	4.07874
DIff1_Matrix_St1	166	2850.13	250.03	0.0102	0.0153	0.0272	28.7338	97.3992	0.0345452	5.96373	29.5704	23.2602	0.198539	8.18531	29.5984	64.4392	0.0581488	6.64149	33.3056	15.048	0.153935	4.10573
DIff1_Matrix_St1	167	2853.64	250.06	0.007	0.0154	0.0319	28.7339	96.2996	0.0349778	5.97024	29.5723	23.092	0.20161	8.25178	29.5982	62.8421	0.0584263	6.5078	33.3063	14.4812	0.153567	3.94165
DIff1_Matrix_St1	168	2857.14	250.08	0.0142	0.0153	0.0283	28.7338	93.7702	0.0353571	5.87647	29.5734	24.7158	0.195806	8.57778	29.5983	62.9512	0.055865	6.23331	33.305	14.8277	0.152845	4.01696
DIff1_Matrix_St1	169	2860.64	250.01	-0.0326	0.0153	0.0304	28.7336	90.0172	0.0369352	5.89306	29.5716	24.5652	0.192242	8.37033	29.5987	61.8502	0.0582075	6.38109	33.3024	15.0986	0.154472	4.13392
DIff1_Matrix_St1	170	2864.14	250.03	-0.0135	0.0151	0.0311	28.7335	89.2533	0.0367835	5.81904	29.5755	24.8661	0.194424	8.56902	29.5982	63.6661	0.0553637	6.24753	33.3023	14.9553	0.153599	4.07153
DIff1_Matrix_St1	171	2867.64	250.08	-0.0059	0.0154	0.0315	28.7332	86.697	0.0390658	6.00311	29.5729	24.3483	0.195196	8.42389	29.5991	63.5297	0.056201	6.32843	33.3034	14.5084	0.153018	3.93494
DIff1_Matrix_St1	172	2871.14	250.01	0.0092	0.0154	0.032	28.7336	84.4812	0.039719	5.94748	29.5709	24.4963	0.194944	8.46416	29.5996	62.7332	0.0572391	6.36452	33.3054	14.86	0.152036	4.00443
DIff1_Matrix_St1	173	2874.64	250.01	-0.0006	0.0153	0.031	28.7339	84.3286	0.0395636	5.91351	29.575	24.2665	0.197025	8.47428	29.5991	62.8805	0.0573078	6.38711	33.3008	14.3265	0.156993	3.98653
DIff1_Matrix_St1	174	2878.14	250.08	0.0058	0.0154	0.0321	28.7333	81.1382	0.0414913	5.96703	29.5719	23.4754	0.198826	8.27299	29.5988	63.9616	0.0574017	6.50757	33.2994	14.3328	0.155943	3.96161
DIff1_Matrix_St1	175	2881.64	249.95	-0.0019	0.0156	0.0304	28.7334	79.0622	0.0412434	5.77962	29.5742	23.1876	0.199907	8.21595	29.5993	63.4832	0.0591618	6.65695	33.3024	14.6625	0.153736	3.99538
DIff1_Matrix_St1	176	2885.14	250.11	-0.0327	0.0155	0.0311	28.7331	79.2999	0.0419439	5.89544	29.5725	23.4483	0.198164	8.2359	29.5987	62.6903	0.0580132	6.44617	33.302	14.6808	0.158142	4.11501
DIff1_Matrix_St1	177	2888.64	250	0.0076	0.0153	0.0304	28.7337	77.9301	0.0420702	5.81106	29.5703	24.042	0.197072	8.39792	29.6003	61.8176	0.0586393	6.42505	33.3027	14.7398	0.150086	3.92111
DIff1_Matrix_St1	178	2892.14	249.94	-0.0122	0.0155	0.0322	28.733	78.1795	0.0423989	5.87519	29.5752	23.6689	0.196256	8.23337	29.5985	61.666	0.0592261	6.47341	33.3021	14.4442	0.156749	4.01305
DIff1_Matrix_St1	179	2895.64	250.02	0.0018	0.0155	0.0345	28.7335	80.4027	0.0405718	5.78189	29.5736	23.3384	0.20032	8.28649	29.5977	63.8347	0.0579628	6.55815	33.2997	14.0963	0.161307	4.03027
DIff1_Matrix_St1	180	2899.14	249.95	-0.0069	0.0153	0.0335	28.7333	77.6909	0.0422849	5.82277	29.5699	24.2567	0.194853	8.37747	29.6006	63.1323	0.0581924	6.51167	33.3021	14.2084	0.156625	3.94441
DIff1_Matrix_St1	181	2902.64	250.01	0.026	0.0155	0.0331	28.7335	73.2752	0.0443152	5.75552	29.5724	22.8842	0.203351	8.24815	29.5983	63.2881	0.0596525	6.69153	33.2996	14.1475	0.156866	3.93352
DIff1_Matrix_St1	182	2906.14	249.96	0.0142	0.0154	0.0331	28.7327	76.387	0.0428975	5.808	29.574	25.2687	0.19368	8.67449	29.5994	61.8354	0.0572501	6.27464	33.3004	13.9459	0.160463	3.96639
DIff1_Matrix_St1	183	2909.64	249.94	0.0086	0.0155	0.0319	28.7334	78.1289	0.042009	5.8174	29.5737	25.3904	0.194502	8.75323	29.5991	61.5225	0.0569978	6.21537	33.3021	13.7289	0.16011	3.89609
DIff1_Matrix_St1	184	2913.14	250	0.0018	0.0155	0.0368	28.7328	76.2646	0.0425697	5.75438	29.5729	24.7615	0.194965	8.55675	29.6002	62.9106	0.0570686	6.3635	33.3014	13.9218	0.156948	3.87279
DIff1_Matrix_St1	185	2916.64	250.06	-0.0219	0.0154	0.0354	28.7331	79.0028	0.0402047	5.62982	29.5702	23.1434	0.201297	8.25732	29.5998	62.4128	0.0594133	6.57252	33.3025	13.9845	0.157319	3.89945
DIff1_Matrix_St1	186	2920.14	250.01	-0.0049	0.0157	0.0346	28.7329	79.1173	0.0407732	5.71769	29.5711	24.1018	0.198845	8.49453	29.5996	61.7355	0.0588352	6.43794	33.3006	13.8867	0.157986	3.88859
DIff1_Matrix_St1	187	2923.64	250.03	0.0098	0.0154	0.0357	28.7326	77.2648	0.0411184	5.6311	29.5729	24.2597	0.199363	8.57246	29.5991	61.6402	0.0575485	6.28743	33.2967	13.2774	0.163258	3.84203
DIff1_Matrix_St1	188	2927.14	250.11	-0.0211	0.0157	0.0345	28.7327	72.364	0.0443056	5.68272	29.5753	25.4155	0.195696	8.8157	29.6001	61.7328	0.0563374	6.16435	33.3002	13.4516	0.159452	3.80171
DIff1_Matrix_St1	189	2930.64	249.99	0.0012	0.0152	0.0354	28.7328	71.5231	0.0444741	5.63804	29.5724	24.9474	0.195627	8.65023	29.5999	64.2177	0.0557716	6.34808	33.3019	13.6129	0.159446	3.84714
DIff1_Matrix_St1	190	2934.14	250.01	-0.0042	0.0157	0.0355	28.7321	72.2911	0.0436882	5.59788	29.5713	24.5014	0.195829	8.50438	29.5999	63.1382	0.0578015	6.46854	33.2992	13.2482	0.162177	3.80821
DIff1_Matrix_St1	191	2937.64	249.99	0.0142	0.0157	0.0351	28.7319	70.5028	0.0445735	5.57004	29.5695	23.6886	0.201225	8.44882	29.5996	62.8909	0.0583686	6.50642	33.2982	13.5259	0.161301	3.86703
DIff1_Matrix_St1	192	2941.14	250.11	0.0141	0.0157	0.0363	28.7317	66.8086	0.0464301	5.49802	29.5729	23.5137	0.202015	8.41935	29.6	61.5816	0.0596899	6.51519	33.3023	13.2717	0.161596	3.80131
DIff1_Matrix_St1	193	2944.65	249.98	-0.0076	0.0153	0.037	28.7322	66.0029	0.0475041	5.55737	29.5725	25.6454	0.195756	8.89811	29.6011	62.1045	0.0567221	6.24382	33.2996	13.46	0.161647	3.85645
DIff1_Matrix_St1	194	2948.15	249.96	-0.0073	0.0155	0.0373	28.7317	65.4059	0.0477695	5.53787	29.5731	23.6493	0.203125	8.51444	29.5993	63.1842	0.0587493	6.57939	33.2978	13.2397	0.164549	3.86141
DIff1_Matrix_St1	195	2951.65	249.98	0.0146	0.0153	0.0393	28.7319	62.7123	0.0501335	5.57257	29.5747	23.986	0.201443	8.56418	29.5998	64.1454	0.057402	6.52631	33.2974	13.4387	0.1629	3.88018
DIff1_Matrix_St1	196	2955.15	250.03	-0.0162	0.0157	0.0364	28.7315	62.1925	0.0505318	5.57029	29.5707	24.2679	0.198022	8.51767	29.6005	62.927	0.0581478	6.48553	33.3002	13.2737	0.16158	3.8015
DIff1_Matrix_St1	197	2958.65	250.05	-0.0024	0.0157	0.0386	28.7311	60.038	0.0513751	5.46706	29.5735	23.9215	0.202817	8.59939	29.6	62.3247	0.0591198	6.53083	33.2993	13.2242	0.163903	3.84178
DIff1_Matrix_St1	198	2962.15	250.01	-0.0088	0.0157	0.0408	28.731	61.6345	0.0518234	5.66141	29.5726	23.7012	0.202523	8.50787	29.6008	63.6863	0.0588089	6.63841	33.3029	13.585	0.1592	3.83334
DIff1_Matrix_St1	199	2965.65	250.08	-0.029	0.0156	0.039	28.7313	59.8277	0.0521829	5.53358	29.5726	23.8749	0.202461	8.56755	29.6002	61.7539	0.0592119	6.4811	33.2965	13.2084	0.163738	3.83332
DIff1_Matrix_St1	200	2969.15	250.03	-0.0337	0.0155	0.0382	28.7324	60.1843	0.0518341	5.52934	29.5748	24.2379	0.201599	8.66084	29.6009	62.2845	0.0576421	6.36349	33.2994	12.9699	0.163457	3.75763
DIff1_Matrix_St1	201	2972.65	250.06	0.0038	0.0157	0.0387	28.7312	59.2546	0.0512577	5.38339	29.5746	24.8784	0.202637	8.93544	29.6007	63.5373	0.0573829	6.46228	33.3017	13.338	0.161792	3.82492
DIff1_Matrix_St1	202	2976.15	249.98	0.0078	0.0156	0.0402	28.7317	60.8327	0.0505805	5.45375	29.5751	25.0137	0.19847	8.79928	29.6012	61.7665	0.0571825	6.26024	33.3045	12.783	0.164437	3.7257
DIff1_Matrix_St1	203	2979.65	250.06	-0.0212	0.0158	0.0411	28.7315	57.9575	0.0535232	5.49828	29.574	23.6568	0.205433	8.61396	29.6013	63.163	0.0596874	6.68221	33.2981	12.5923	0.164567	3.67302
DIff1_Matrix_St1	204	2983.15	249.86	-0.0035	0.0155	0.0433	28.7312	58.8758	0.053658	5.59946	29.5718	25.6372	0.196429	8.92587	29.6013	61.6395	0.0569775	6.22496	33.2998	12.983	0.163998	3.77388
DIff1_Matrix_St1	205	2986.65	250.05	0.0054	0.0154	0.0426	28.7308	56.9353	0.0543499	5.48473	29.5721	24.1267	0.20365	8.70878	29.6004	62.8759	0.0584711	6.51629	33.3016	12.7506	0.163964	3.70555
DIff1_Matrix_St1	206	2990.15	250	0.0052	0.0156	0.0406	28.7315	55.7361	0.0554229	5.47522	29.5703	24.3543	0.201023	8.67752	29.6014	62.3403	0.0582281	6.43393	33.2969	12.9594	0.165797	3.80834
DIff1_Matrix_St1	207	2993.65	250.04	-0.0116	0.0157	0.0388	28.7308	55.2952	0.0557455	5.46351	29.5727	23.6582	0.208967	8.76259	29.6009	62.8802	0.0587387	6.54656	33.2953	12.5625	0.169277	3.76922
DIff1_Matrix_St1	208	2997.15	249.88	0.0151	0.0155	0.0428	28.732	53.0266	0.0578599	5.43809	29.5729	24.5508	0.20302	8.83446	29.6011	63.4679	0.0573023	6.44616	33.2985	12.7647	0.162181	3.66931
DIff1_Matrix_St1	209	3000.65	250.03	0.0235	0.0158	0.0454	28.7308	52.0413	0.0590086	5.443	29.5734	24.0175	0.201641	8.58381	29.5998	62.7113	0.0596704	6.63254	33.3002	12.8222	0.163874	3.72433
DIff1_Matrix_St1	210	3004.15	249.96	-0.0037	0.0154	0.0421	28.7303	51.9172	0.0596213	5.4864	29.5748	24.7671	0.201304	8.83694	29.6013	63.0875	0.0577783	6.46076	33.2991	12.9951	0.160186	3.68959
DIff1_Matrix_St1	211	3007.65	249.91	0.0005	0.0158	0.0435	28.7306	49.8976	0.0608435	5.38106	29.573	23.938	0.205683	8.72693	29.6012	62.6275	0.059482	6.60276	33.2983	12.8987	0.16845	3.85115
DIff1_Matrix_St1	212	3011.15	249.98	-0.0187	0.0157	0.0455	28.7304	49.3516	0.0633497	5.54142	29.5724	23.6655	0.207273	8.69428	29.5998	62.8448	0.0603616	6.72365	33.2979	12.8611	0.162182	3.69703
DIff1_Matrix_St1	213	3014.65	250	0.0029	0.0157	0.0435	28.7308	49.1455	0.0627207	5.46349	29.5731	24.5915	0.202056	8.80707	29.6008	62.031	0.0594109	6.53206	33.2971	12.6939	0.166734	3.75138
DIff1_Matrix_St1	214	3018.15	250.1	0.0176	0.0157	0.0449	28.7306	47.4311	0.0646209	5.43264	29.5749	25.3348	0.200485	9.00272	29.6004	61.2824	0.0585229	6.35677	33.2974	12.635	0.165936	3.71612
DIff1_Matrix_St1	215	3021.65	249.92	0.0359	0.0157	0.0445	28.7302	45.4305	0.0666292	5.36521	29.5748	25.5039	0.199745	9.02938	29.6014	61.6564	0.0582163	6.36206	33.2947	12.2864	0.169102	3.68254
DIff1_Matrix_St1	216	3025.15	249.99	-0.0353	0.0161	0.0451	28.7295	43.8613	0.0707613	5.50113	29.5727	24.4476	0.205037	8.88469	29.6014	63.126	0.0594029	6.64646	33.2982	12.6347	0.169161	3.78826
DIff1_Matrix_St1	217	3028.65	250.03	-0.0107	0.0158	0.0454	28.7302	43.5279	0.0698352	5.38787	29.5724	23.5752	0.207122	8.65479	29.5999	61.6225	0.0614797	6.715	33.2918	12.2296	0.168705	3.65693
DIff1_Matrix_St1	218	3032.16	249.96	-0.0044	0.0157	0.0436	28.7301	43.6271	0.0690613	5.34031	29.5725	24.5338	0.20023	8.70699	29.6019	63.4444	0.058349	6.56148	33.2965	12.5019	0.17118	3.79319
DIff1_Matrix_St1	219	3035.66	250	0.0233	0.0158	0.0449	28.7294	41.8358	0.0723142	5.36225	29.5728	25.1086	0.20346	9.05475	29.6013	62.3012	0.0567576	6.26751	33.2953	12.2277	0.168881	3.66016
DIff1_Matrix_St1	220	3039.16	250.05	-0.0005	0.0158	0.0462	28.7292	41.9955	0.0720291	5.3615	29.5749	24.9189	0.203556	8.9906	29.6013	59.9977	0.0592145	6.29705	33.2979	12.6622	0.165776	3.72053
DIff1_Matrix_St1	221	3042.66	250.1	0.0087	0.0158	0.0459	28.7291	41.7451	0.072688	5.37828	29.5745	24.6224	0.204455	8.92282	29.601	62.1993	0.0582146	6.41789	33.2974	12.9109	0.164007	3.75313
DIff1_Matrix_St1	222	3046.16	250.01	0.0147	0.0158	0.0465	28.7292	39.8384	0.0746282	5.26962	29.5717	24.4884	0.203196	8.81964	29.6014	62.2298	0.0587822	6.48364	33.2957	12.4122	0.167729	3.69004
DIff1_Matrix_St1	223	3049.66	249.92	0.0182	0.0159	0.0482	28.7294	40.5985	0.074172	5.33734	29.5709	24.0701	0.205944	8.78625	29.6017	62.6325	0.05967	6.62415	33.2973	12.1802	0.166836	3.6018
DIff1_Matrix_St1	224	3053.16	249.97	0.0125	0.0158	0.048	28.7292	39.8566	0.0736293	5.20146	29.5724	25.2482	0.203933	9.12624	29.6018	62.0271	0.0575815	6.33051	33.2928	12.3522	0.167873	3.67537
DIff1_Matrix_St1	225	3056.66	249.94	-0.0248	0.0163	0.0469	28.7285	39.5204	0.074546	5.2218	29.5731	26.0871	0.198734	9.18912	29.6012	61.1879	0.0568307	6.16344	33.2941	12.0858	0.167232	3.58237
DIff1_Matrix_St1	226	3060.16	250.02	-0.0154	0.0157	0.0486	28.7303	38.4385	0.0762448	5.1946	29.5699	24.151	0.205181	8.78308	29.6004	61.5488	0.0604333	6.59281	33.2959	12.2845	0.1661	3.61662
DIff1_Matrix_St1	227	3063.66	250.04	-0.0064	0.0158	0.0491	28.729	37.9618	0.0775643	5.21895	29.5721	23.9959	0.207235	8.81404	29.6018	63.5386	0.0588575	6.62848	33.2935	12.2032	0.166499	3.60131
DIff1_Matrix_St1	228	3067.16	249.89	0.0413	0.0159	0.0486	28.7293	37.4816	0.0795887	5.28743	29.5722	24.2574	0.2088	8.97736	29.6014	61.7319	0.0601598	6.5825	33.2956	12.0708	0.170559	3.6491
DIff1_Matrix_St1	229	3070.66	249.97	-0.0044	0.0156	0.0502	28.7294	38.6437	0.0743642	5.09351	29.571	23.0401	0.211792	8.64904	29.6004	63.5994	0.0618488	6.97203	33.2963	12.055	0.168289	3.59581
DIff1_Matrix_St1	230	3074.16	250.07	0.0181	0.0158	0.0491	28.7289	37.0148	0.0793031	5.20284	29.571	23.7487	0.211908	8.91993	29.6006	61.2278	0.0613475	6.65765	33.2927	11.8927	0.170798	3.6003
DIff1_Matrix_St1	231	3077.66	250.03	0.027	0.0156	0.0482	28.7296	36.0612	0.0808509	5.16774	29.5735	24.7879	0.206811	9.08633	29.602	62.0427	0.0595236	6.54569	33.2941	11.7288	0.17666	3.67254
DIff1_Matrix_St1	232	3081.16	250.03	-0.0164	0.0165	0.0496	28.7286	36.0952	0.0804275	5.14551	29.5711	24.4935	0.208564	9.05452	29.6017	62.5052	0.0596346	6.60678	33.2935	11.6419	0.179279	3.69939
DIff1_Matrix_St1	233	3084.66	250.03	-0.0279	0.0158	0.0503	28.7281	35.5253	0.0814909	5.13124	29.5708	25.0153	0.202297	8.96955	29.6023	60.8633	0.0607307	6.55148	33.2937	11.8615	0.172495	3.62654
DIff1_Matrix_St1	234	3088.16	249.96	0.0246	0.0158	0.0513	28.7276	35.7978	0.0834828	5.29698	29.5714	23.8305	0.210066	8.87285	29.6014	61.8295	0.0610851	6.69431	33.2924	11.5222	0.172716	3.52731
DIff1_Matrix_St1	235	3091.66	250.07	-0.0215	0.0164	0.0512	28.728	35.3038	0.0828557	5.18464	29.5726	25.16	0.205372	9.15856	29.6018	62.5891	0.0587464	6.51711	33.2926	11.442	0.176266	3.57475
DIff1_Matrix_St1	236	3095.16	250.03	-0.0196	0.0163	0.0509	28.7284	35.5275	0.0832599	5.24295	29.5715	25.042	0.206418	9.16201	29.6015	61.8511	0.0590402	6.47247	33.2956	11.5033	0.172263	3.51228
DIff1_Matrix_St1	237	3098.66	250.03	-0.0214	0.0163	0.0503	28.7271	34.7	0.0854524	5.25568	29.5726	24.9612	0.205735	9.10226	29.6017	63.219	0.0592032	6.63388	33.2937	11.6359	0.172711	3.56201
DIff1_Matrix_St1	238	3102.16	249.99	-0.0279	0.0167	0.0503	28.7274	35.0667	0.0828704	5.15074	29.5721	24.9997	0.204802	9.07492	29.6021	63.504	0.0583457	6.56727	33.2896	11.4898	0.177902	3.62301
DIff1_Matrix_St1	239	3105.66	249.95	0.0103	0.0167	0.0515	28.7276	34.0987	0.0854645	5.16534	29.5704	23.9484	0.20978	8.9046	29.6018	62.0512	0.0613737	6.75006	33.2922	11.6224	0.169286	3.48733
DIff1_Matrix_St1	240	3109.16	250.02	0.0076	0.0165	0.0525	28.7278	33.2736	0.0863919	5.09505	29.5713	24.3861	0.208621	9.01728	29.6016	62.8583	0.0606939	6.76212	33.2942	11.656	0.166548	3.44083
DIff1_Matrix_St1	241	3112.66	249.99	0.0274	0.0166	0.0558	28.7279	33.883	0.0874869	5.25412	29.5719	24.43	0.208607	9.03291	29.6011	62.8051	0.0603615	6.71939	33.2928	11.4581	0.174827	3.55053
DIff1_Matrix_St1	242	3116.16	249.99	-0.0268	0.0167	0.0505	28.7263	33.1634	0.0870397	5.11625	29.5749	24.9495	0.206902	9.14959	29.6015	63.3256	0.0589518	6.61685	33.2905	11.3703	0.175228	3.53142
DIff1_Matrix_St1	243	3119.66	249.94	-0.0102	0.0167	0.0545	28.7279	34.081	0.0841959	5.08602	29.5749	27.0303	0.198718	9.52059	29.6009	62.8798	0.0550537	6.13581	33.2901	11.8081	0.172832	3.61727
DIff1_Matrix_St1	244	3123.17	249.96	0.0268	0.017	0.0533	28.728	32.0578	0.0877836	4.98795	29.5731	27.1382	0.196599	9.45664	29.6015	62.5981	0.0567068	6.29174	33.2931	11.4356	0.176837	3.58432
DIff1_Matrix_St1	245	3126.67	250.03	-0.0146	0.0168	0.0527	28.728	33.2444	0.0864679	5.09505	29.5718	25.8373	0.20276	9.28549	29.6013	62.5369	0.058247	6.45631	33.2888	11.5482	0.176758	3.61801
DIff1_Matrix_St1	246	3130.17	250.01	0.0023	0.0171	0.0542	28.7267	32.5143	0.0877448	5.05674	29.5724	26.5497	0.202957	9.55078	29.6005	62.1683	0.057298	6.31369	33.2912	11.278	0.175421	3.50662
DIff1_Matrix_St1	247	3133.67	250.03	-0.0212	0.0168	0.0554	28.726	32.727	0.0875421	5.07806	29.5716	24.5825	0.207411	9.03718	29.6003	62.6971	0.0602127	6.6913	33.2923	11.3656	0.180541	3.63698
DIff1_Matrix_St1	248	3137.17	249.88	0.0069	0.0168	0.0561	28.7261	32.91	0.0874146	5.09901	29.5746	26.2452	0.203943	9.48711	29.6009	60.9876	0.058141	6.28491	33.2909	11.5195	0.172693	3.526
DIff1_Matrix_St1	249	3140.67	250.01	0.0029	0.0165	0.0543	28.7267	31.1773	0.0903084	4.99047	29.5709	24.6841	0.206939	9.05389	29.6019	63.4799	0.0586158	6.59516	33.2904	11.2297	0.172764	3.43871
DIff1_Matrix_St1	250	3144.17	249.97	0.0254	0.0168	0.0547	28.7264	30.7633	0.0917883	5.0049	29.5746	25.5061	0.208231	9.41376	29.6011	61.3233	0.059396	6.45591	33.2938	11.2283	0.176746	3.51754
DIff1_Matrix_St1	251	3147.67	250.04	-0.0109	0.0167	0.0551	28.7259	31.2241	0.0915927	5.06904	29.5732	25.4175	0.20779	9.36125	29.6007	62.6624	0.0588271	6.53371	33.2931	10.9792	0.18374	3.57562
DIff1_Matrix_St1	252	3151.17	250.07	0.0145	0.0172	0.0548	28.7255	31.5715	0.0920336	5.15011	29.5712	24.5061	0.211225	9.17474	29.6014	61.846	0.0606054	6.64352	33.292	11.3176	0.180183	3.61446
DIff1_Matrix_St1	253	3154.67	250.01	-0.0103	0.0172	0.0562	28.7259	30.7836	0.0933076	5.0911	29.5721	26.1478	0.205395	9.51919	29.6019	62.6771	0.0588613	6.53904	33.2937	11.5201	0.177083	3.61582
DIff1_Matrix_St1	254	3158.17	250.05	0.0272	0.0168	0.0557	28.7262	29.9046	0.0954962	5.06173	29.571	25.436	0.205813	9.27887	29.6015	63.5714	0.0595411	6.70893	33.2893	11.3274	0.173211	3.47761
DIff1_Matrix_St1	255	3161.67	250.09	0.0207	0.0172	0.0586	28.7252	31.3289	0.0925504	5.13924	29.573	24.3159	0.211733	9.12543	29.6006	60.9138	0.0621791	6.71328	33.2905	11.0886	0.178152	3.50143
DIff1_Matrix_St1	256	3165.17	249.99	-0.0025	0.0172	0.0581	28.7259	30.4559	0.0919672	4.96454	29.5732	24.6444	0.211285	9.22917	29.6017	62.0574	0.060727	6.6796	33.29	11.3522	0.17634	3.54817
DIff1_Matrix_St1	257	3168.67	250.02	-0.0214	0.0168	0.0582	28.7259	30.4769	0.0918342	4.96079	29.5732	24.6712	0.211127	9.23229	29.6017	62.0367	0.0606982	6.67421	33.2901	11.3529	0.176284	3.54729
