DIff1_Matrix_St1	1	2269.47	300.28	-0.0245	0.0219	0.0042	28.7633	66.495	0.0715395	8.43159	29.5715	15.6602	0.252443	7.00703	29.5943	82.8008	0.0614258	9.01488	33.3374	23.4964	0.10178	4.23876
DIff1_Matrix_St1	2	2272.98	300.05	-0.0003	0.0218	0.0028	28.7637	67.7875	0.0718624	8.63428	29.5691	15.4712	0.259529	7.1168	29.5936	83.4887	0.0618567	9.15354	33.3364	23.0043	0.102049	4.16096
DIff1_Matrix_St1	3	2276.48	299.36	0.0095	0.0222	0.0041	28.7632	66.5535	0.0717125	8.45943	29.5647	15.2043	0.261827	7.05594	29.5944	84.0259	0.0619794	9.23071	33.3367	23.3655	0.102634	4.25052
DIff1_Matrix_St1	4	2279.98	299.55	0.0225	0.0223	0.0025	28.7634	66.6327	0.0709066	8.37432	29.5664	14.9668	0.263438	6.9885	29.5941	83.1294	0.0624765	9.20547	33.3373	23.3216	0.102112	4.22093
DIff1_Matrix_St1	5	2283.49	299.94	0	0.0222	0.0061	28.7618	65.8401	0.0716343	8.35963	29.5608	13.7468	0.270522	6.59141	29.5953	82.2221	0.0652059	9.50277	33.3372	23.5081	0.0994051	4.14192
DIff1_Matrix_St1	6	2286.99	300.43	-0.0208	0.0227	0.0027	28.7618	65.2682	0.0716258	8.28602	29.5626	14.7261	0.267786	6.98957	29.5946	83.5623	0.063213	9.36249	33.3358	22.8769	0.103052	4.17857
DIff1_Matrix_St1	7	2290.49	299.36	0.0083	0.0227	0.0029	28.7619	65.3234	0.0724175	8.3847	29.5646	14.5032	0.267328	6.87202	29.5944	83.0715	0.0638055	9.39475	33.3374	23.2993	0.0997314	4.1186
DIff1_Matrix_St1	8	2294	300.64	-0.0203	0.0227	0.0026	28.7629	65.9114	0.0713516	8.33564	29.5674	15.8473	0.253129	7.11002	29.5944	81.495	0.0619889	8.95405	33.3363	22.7993	0.102377	4.13712
DIff1_Matrix_St1	9	2297.5	299.23	-0.0122	0.0227	0.0046	28.7622	65.3292	0.0719525	8.33159	29.5693	16.1984	0.248576	7.13684	29.5946	81.8263	0.0620727	9.00261	33.3382	22.904	0.100244	4.06954
DIff1_Matrix_St1	10	2301	299.09	-0.0165	0.0228	0.0031	28.7617	64.1234	0.0723968	8.22831	29.5707	15.8028	0.252229	7.06486	29.5935	82.4215	0.0619395	9.04864	33.3357	22.6778	0.10075	4.04969
DIff1_Matrix_St1	11	2304.51	298.94	0.0013	0.0231	0.0035	28.7623	64.7639	0.0725007	8.32244	29.5723	16.5749	0.243805	7.16258	29.5946	82.546	0.0611805	8.95125	33.3369	22.7757	0.102133	4.12302
DIff1_Matrix_St1	12	2308.01	300.49	-0.0234	0.0232	0.0034	28.7611	64.8006	0.0726736	8.347	29.5696	16.4055	0.246909	7.17961	29.5949	84.3326	0.0609652	9.11281	33.335	22.7208	0.100759	4.05773
DIff1_Matrix_St1	13	2311.51	299.01	0.0134	0.0233	0.0041	28.762	64.6014	0.0728852	8.34558	29.5672	15.7948	0.25467	7.12961	29.5944	83.6749	0.0609372	9.03759	33.3353	23.1567	0.102126	4.19167
DIff1_Matrix_St1	14	2315.02	299.48	-0.0038	0.0232	0.0046	28.7615	64.2296	0.07239	8.24118	29.5715	16.168	0.247089	7.08086	29.5938	83.5684	0.0614253	9.09838	33.3359	23.5368	0.0994185	4.14752
DIff1_Matrix_St1	15	2318.52	300.26	0.0114	0.0236	0.0035	28.7619	65.2252	0.0707408	8.17825	29.5646	15.5923	0.256607	7.09174	29.5954	83.3682	0.0631724	9.33475	33.3348	22.1265	0.104016	4.07933
DIff1_Matrix_St1	16	2322.02	300.5	0.0202	0.0235	0.0019	28.7609	65.1893	0.0713118	8.23972	29.5692	16.4499	0.252477	7.3614	29.5945	83.56	0.0614325	9.09854	33.3322	21.8575	0.103941	4.02683
DIff1_Matrix_St1	17	2325.53	299.53	0.0122	0.0236	0.0049	28.7614	63.6315	0.0722119	8.14434	29.5718	16.9307	0.243119	7.29574	29.594	82.7218	0.0613301	8.99225	33.3338	22.412	0.102859	4.086
DIff1_Matrix_St1	18	2329.03	299.14	0.0013	0.0237	0.0031	28.7603	62.9797	0.0738233	8.24079	29.5668	17.2297	0.240741	7.35197	29.5945	83.7395	0.0613773	9.10989	33.3339	21.709	0.107277	4.12784
DIff1_Matrix_St1	19	2332.53	300.24	-0.0258	0.0237	0.0027	28.7616	63.3112	0.0730739	8.20007	29.5687	15.7912	0.252749	7.07421	29.5947	83.6474	0.0623993	9.25139	33.3335	22.1246	0.104163	4.08474
DIff1_Matrix_St1	20	2336.04	299.95	-0.0117	0.0236	0.0029	28.7609	63.6045	0.0725438	8.1783	29.5651	15.4419	0.256706	7.02607	29.5945	83.3332	0.0631554	9.32832	33.3345	21.3932	0.10957	4.15473
DIff1_Matrix_St1	21	2339.54	300.24	0.0036	0.0238	0.0039	28.7621	62.3967	0.0750281	8.29775	29.5644	16.0072	0.255015	7.23531	29.5953	82.1364	0.0633651	9.22488	33.3354	21.4781	0.106227	4.04393
DIff1_Matrix_St1	22	2343.04	299.37	-0.0011	0.0241	0.0032	28.7633	63.0924	0.0721985	8.07383	29.5702	17.689	0.238002	7.46205	29.5945	81.5548	0.0611697	8.8422	33.3366	21.7974	0.10605	4.09722
DIff1_Matrix_St1	23	2346.55	300.51	-0.0167	0.0239	0.0031	28.7633	60.852	0.0741496	7.99758	29.5735	17.1371	0.242026	7.35147	29.5942	83.8204	0.0612278	9.09649	33.333	21.3604	0.105835	4.00693
DIff1_Matrix_St1	24	2350.05	300.6	0.0132	0.0241	0.0038	28.7632	62.762	0.0726913	8.08638	29.5698	16.9415	0.243609	7.31507	29.5952	83.2687	0.0616052	9.0923	33.3333	21.3898	0.106739	4.04674
DIff1_Matrix_St1	25	2353.55	299.42	-0.0105	0.024	0.0027	28.7628	61.7448	0.0725503	7.9399	29.5662	17.0918	0.237813	7.2044	29.5954	82.2626	0.0619421	9.03157	33.3338	21.135	0.106521	3.99036
DIff1_Matrix_St1	26	2357.06	300.31	0.0265	0.0242	0.0046	28.7636	62.0134	0.0724768	7.96636	29.566	16.5891	0.244041	7.17562	29.5947	83.4224	0.0625135	9.24339	33.3326	21.1164	0.104828	3.92347
DIff1_Matrix_St1	27	2360.56	299.11	0.0077	0.0241	0.0027	28.7637	63.4893	0.0713493	8.02906	29.5707	16.6126	0.247177	7.27817	29.5944	84.7055	0.0617301	9.26794	33.3342	20.8881	0.108267	4.00838
DIff1_Matrix_St1	28	2364.06	300.63	0.0127	0.0239	0.0026	28.7645	62.1129	0.0721088	7.93862	29.5694	16.7161	0.243593	7.21732	29.5949	81.1116	0.0634482	9.12174	33.3336	21.1522	0.106662	3.9989
DIff1_Matrix_St1	29	2367.57	299.17	-0.0022	0.0246	0.0054	28.7641	60.9864	0.0739215	7.99059	29.5693	17.1118	0.24096	7.30831	29.5953	82.7496	0.0617762	9.0607	33.3348	21.1949	0.10925	4.10419
DIff1_Matrix_St1	30	2371.07	299.48	0.0264	0.0244	0.0014	28.7635	61.4208	0.0738977	8.04492	29.5641	15.5195	0.252991	6.95919	29.5951	82.8177	0.0637913	9.36395	33.3368	21.9021	0.103784	4.02896
DIff1_Matrix_St1	31	2374.57	299.24	-0.0245	0.0245	0.0061	28.7628	59.2424	0.0743076	7.80263	29.5667	16.4715	0.24865	7.25932	29.5943	83.7957	0.0629685	9.35234	33.3344	20.9531	0.107624	3.99697
DIff1_Matrix_St1	32	2378.08	300.82	0.02	0.0247	0.0026	28.7616	57.7222	0.0760196	7.77756	29.569	16.0393	0.24872	7.07084	29.5943	82.8579	0.0633463	9.30315	33.3325	21.3774	0.102395	3.87979
DIff1_Matrix_St1	33	2381.58	299.65	-0.0113	0.0247	0.0041	28.7604	57.6948	0.0763277	7.80538	29.5677	17.1397	0.241189	7.32714	29.5946	83.5742	0.062038	9.18978	33.3356	21.0452	0.107462	4.00849
DIff1_Matrix_St1	34	2385.08	300.69	-0.0165	0.0246	0.0047	28.7612	56.7468	0.0776028	7.80537	29.5697	16.9841	0.243386	7.32679	29.5947	81.4707	0.0623212	8.99937	33.3347	21.2271	0.108742	4.0913
DIff1_Matrix_St1	35	2388.59	299.26	0.0185	0.0256	0.0026	28.7605	56.7407	0.0777327	7.8176	29.571	18.5053	0.228871	7.50692	29.5945	81.6979	0.0615762	8.91658	33.3346	21.5791	0.103768	3.96891
DIff1_Matrix_St1	36	2392.09	299.77	-0.0105	0.0256	0.0024	28.7617	59.5521	0.0730234	7.70787	29.5683	18.1466	0.235351	7.56983	29.5942	83.5565	0.0607503	8.99712	33.3355	21.3806	0.105181	3.98597
DIff1_Matrix_St1	37	2395.59	299.26	0.0061	0.0261	0.0035	28.7626	57.8151	0.074771	7.66213	29.5717	16.3702	0.249997	7.25376	29.5944	83.911	0.0622224	9.25423	33.3361	21.2471	0.109295	4.11599
DIff1_Matrix_St1	38	2399.1	299.96	-0.0223	0.0256	0.0052	28.7617	57.4673	0.0757112	7.7118	29.5709	16.2473	0.247224	7.11945	29.5943	83.3701	0.0637621	9.42211	33.3382	21.008	0.107462	4.00142
DIff1_Matrix_St1	39	2402.6	299.96	0.0389	0.026	0.0027	28.7612	57.4135	0.076653	7.80042	29.5754	18.4058	0.230881	7.53213	29.5941	82.2141	0.060849	8.86696	33.3371	20.1958	0.114482	4.098
DIff1_Matrix_St1	40	2406.1	299.89	-0.0224	0.0257	0.0035	28.7622	57.0035	0.0763067	7.70973	29.5761	17.5949	0.235546	7.34577	29.5945	82.5718	0.0616296	9.01978	33.3377	20.7839	0.106968	3.94055
DIff1_Matrix_St1	41	2409.61	299.22	0.0013	0.0257	0.0067	28.7617	57.7177	0.0767344	7.85007	29.573	17.9361	0.23366	7.42827	29.5953	82.7528	0.0612172	8.97906	33.335	20.6765	0.109324	4.00652
DIff1_Matrix_St1	42	2413.11	299.14	-0.0179	0.0261	0.0057	28.7612	56.2901	0.0780054	7.78273	29.5704	17.0747	0.243684	7.37491	29.5947	84.0893	0.0619479	9.233	33.335	20.3298	0.112682	4.06036
DIff1_Matrix_St1	43	2416.61	299.32	-0.0144	0.026	0.0042	28.7616	55.4117	0.0777365	7.63486	29.5727	16.9737	0.244888	7.36745	29.5943	82.9754	0.0617883	9.0872	33.3364	20.7301	0.110939	4.07627
DIff1_Matrix_St1	44	2420.12	299.15	0.0079	0.0262	0.0032	28.7616	55.7082	0.0778199	7.68395	29.5663	16.2296	0.246733	7.09758	29.5945	83.7101	0.0631281	9.36646	33.3365	20.9837	0.104964	3.90388
DIff1_Matrix_St1	45	2423.62	299.25	0.0028	0.0261	0.0049	28.762	56.1675	0.0757149	7.53775	29.5686	16.9201	0.245542	7.36384	29.5948	82.5527	0.0629397	9.20939	33.3368	20.9162	0.109868	4.07312
DIff1_Matrix_St1	46	2427.12	300.13	0.0298	0.0262	0.0038	28.7612	56.0869	0.0761177	7.56697	29.5662	16.6374	0.244552	7.2116	29.5954	82.1547	0.0629642	9.16856	33.3375	21.014	0.107264	3.99518
DIff1_Matrix_St1	47	2430.63	299.59	0.0017	0.0263	0.0024	28.7617	55.8928	0.0753808	7.46778	29.5726	17.6538	0.237535	7.4326	29.595	82.7374	0.060986	8.94349	33.3387	21.202	0.108154	4.06437
DIff1_Matrix_St1	48	2434.13	300.15	-0.0162	0.0264	0.0035	28.7611	56.0754	0.0762664	7.5802	29.5689	18.1086	0.238897	7.66779	29.5953	82.2425	0.0612079	8.92234	33.3399	21.5858	0.107084	4.09702
DIff1_Matrix_St1	49	2437.63	300.96	0.0154	0.0265	0.005	28.7609	55.5583	0.0775942	7.64105	29.5728	16.9616	0.239779	7.20866	29.5954	83.8826	0.0627431	9.32851	33.3395	20.7621	0.106505	3.91938
DIff1_Matrix_St1	50	2441.14	300.59	-0.0264	0.0266	0.0051	28.7616	56.2415	0.0774738	7.72301	29.5704	18.8782	0.228004	7.62917	29.5949	81.4891	0.0606917	8.76604	33.3382	21.082	0.110147	4.11586
DIff1_Matrix_St1	51	2444.64	299.66	-0.0016	0.0268	0.0025	28.7613	54.7838	0.0775758	7.53274	29.5733	18.7217	0.22872	7.58969	29.5959	80.9824	0.0620666	8.9089	33.3382	21.1103	0.106181	3.97299
DIff1_Matrix_St1	52	2448.14	300.15	-0.008	0.0268	0.0032	28.7596	54.004	0.0781795	7.48331	29.5675	17.3001	0.238576	7.3156	29.5954	80.8251	0.0635443	9.10328	33.3372	20.9297	0.106574	3.95357
DIff1_Matrix_St1	53	2451.65	299.27	-0.0187	0.0266	0.0027	28.7602	55.1995	0.0775437	7.58676	29.5713	16.5151	0.24394	7.1407	29.5952	82.3668	0.0634863	9.26845	33.3379	20.6239	0.108293	3.95864
DIff1_Matrix_St1	54	2455.15	300.96	-0.0018	0.0266	0.0043	28.7605	55.3547	0.076379	7.49382	29.5696	17.0483	0.236332	7.14132	29.5948	82.5089	0.0621538	9.08958	33.3399	21.105	0.107962	4.03862
DIff1_Matrix_St1	55	2458.65	300.94	-0.0284	0.0268	0.0041	28.7613	54.1566	0.0786061	7.5454	29.5699	18.5519	0.228505	7.51378	29.5953	81.7544	0.0614306	8.90166	33.3371	21.2328	0.107072	4.02954
DIff1_Matrix_St1	56	2462.16	299.46	0.0179	0.0271	0.0037	28.7598	54.127	0.0787152	7.55175	29.5687	17.8061	0.238225	7.51848	29.5954	81.9112	0.0621032	9.01637	33.3372	20.3827	0.110556	3.9941
DIff1_Matrix_St1	57	2465.66	300.66	-0.0124	0.0274	0.0048	28.7612	56.1557	0.0746801	7.43316	29.5673	17.7958	0.238111	7.51053	29.5952	81.7545	0.0620155	8.98642	33.3384	21.175	0.107344	4.02882
DIff1_Matrix_St1	58	2469.16	299.63	0.0124	0.0269	0.0053	28.7609	53.6533	0.078747	7.48868	29.5714	18.3448	0.23145	7.52569	29.5953	80.3807	0.0625814	8.91603	33.3391	20.8249	0.108816	4.01653
DIff1_Matrix_St1	59	2472.67	300.43	-0.0106	0.0272	0.0038	28.7616	54.2158	0.0771708	7.41573	29.5684	17.0561	0.239579	7.24277	29.5949	83.0659	0.0616644	9.07888	33.3384	20.9344	0.107998	4.00731
DIff1_Matrix_St1	60	2476.17	300.72	0.0011	0.0271	0.0025	28.7615	53.3978	0.0772687	7.31311	29.5705	16.9447	0.242257	7.27589	29.5947	81.3902	0.0624477	9.00873	33.3385	21.1253	0.107196	4.0138
DIff1_Matrix_St1	61	2479.67	299.12	0.023	0.0271	0.005	28.7604	53.1161	0.0770489	7.25384	29.5722	17.8567	0.234529	7.42287	29.5946	82.9978	0.0613441	9.02432	33.3383	20.4954	0.1094	3.97418
DIff1_Matrix_St1	62	2483.18	300.39	0.0161	0.0271	0.0055	28.7609	54.3158	0.0778916	7.4988	29.5697	17.7487	0.237022	7.45642	29.5953	82.7549	0.0610577	8.95589	33.3392	21.1947	0.107813	4.05018
DIff1_Matrix_St1	63	2486.68	299.87	-0.0043	0.0273	0.0041	28.76	54.1685	0.077397	7.43099	29.5702	18.8784	0.23025	7.70439	29.596	81.5434	0.0607939	8.78666	33.3377	20.9755	0.10802	4.01596
DIff1_Matrix_St1	64	2490.18	301.17	-0.0073	0.0275	0.0041	28.7601	52.7924	0.0786972	7.36385	29.5726	17.7695	0.235402	7.41414	29.5943	83.1088	0.0612859	9.02781	33.3364	20.9758	0.106136	3.94601
DIff1_Matrix_St1	65	2493.69	300.64	-0.0105	0.0275	0.0013	28.7601	53.5849	0.078748	7.47923	29.566	16.6138	0.243817	7.17973	29.5961	81.3431	0.0637908	9.19716	33.3375	20.499	0.110671	4.02109
DIff1_Matrix_St1	66	2497.19	300.06	-0.0237	0.0276	0.0056	28.76	53.8053	0.0770763	7.35057	29.5675	16.8262	0.240343	7.16792	29.5965	82.6205	0.0626373	9.17267	33.3367	20.2481	0.112084	4.02255
DIff1_Matrix_St1	67	2500.69	300.59	-0.0012	0.0276	0.0044	28.7605	52.9743	0.0787631	7.39542	29.567	17.0677	0.241058	7.2924	29.5958	82.6549	0.0627036	9.18621	33.3385	21.4755	0.10654	4.05537
DIff1_Matrix_St1	68	2504.2	300.45	0.0178	0.0276	0.0053	28.7596	53.9443	0.0777194	7.43104	29.5712	16.6399	0.244937	7.22403	29.5949	82.9919	0.0628645	9.24733	33.3349	20.8643	0.110281	4.07833
DIff1_Matrix_St1	69	2507.7	299.7	-0.0112	0.0276	0.0065	28.7599	53.2966	0.0791081	7.473	29.5666	17.2584	0.237952	7.27889	29.595	82.7774	0.062889	9.22701	33.3366	20.719	0.11061	4.062
DIff1_Matrix_St1	70	2511.2	299.5	-0.0023	0.0275	0.0067	28.7599	54.1073	0.0758166	7.27101	29.5706	18.0343	0.234752	7.50383	29.5948	82.2714	0.0618025	9.01219	33.3372	20.6719	0.110602	4.05247
DIff1_Matrix_St1	71	2514.71	300.72	0.0094	0.028	0.0044	28.7608	54.3421	0.0768647	7.40352	29.5724	18.1986	0.229977	7.41816	29.5946	80.7451	0.0635039	9.08849	33.3408	20.8518	0.106183	3.92439
DIff1_Matrix_St1	72	2518.21	299.68	0.0033	0.0276	0.0066	28.7598	54.2887	0.078245	7.52906	29.5657	16.8939	0.240627	7.20526	29.5948	82.9672	0.0634809	9.33522	33.3391	20.5659	0.109214	3.98106
DIff1_Matrix_St1	73	2521.71	299.61	-0.0065	0.0275	0.0097	28.7605	54.7894	0.077824	7.55762	29.5702	18.6347	0.232226	7.67023	29.595	81.9946	0.0613791	8.92033	33.3383	20.9098	0.108121	4.00714
DIff1_Matrix_St1	74	2525.22	300	-0.0137	0.0279	0.0058	28.7603	54.8119	0.0772762	7.5075	29.5691	17.5215	0.241195	7.49056	29.5949	83.4338	0.0625451	9.24934	33.34	20.4658	0.10826	3.92709
DIff1_Matrix_St1	75	2528.72	299.38	-0.0133	0.0281	0.0077	28.76	53.8794	0.0781335	7.46165	29.5692	17.2574	0.242718	7.42422	29.5951	84.9251	0.0624724	9.40371	33.3387	20.8241	0.111322	4.10888
DIff1_Matrix_St1	76	2532.22	300.57	-0.0264	0.0281	0.0079	28.7608	53.5742	0.0789332	7.49532	29.5718	18.2761	0.232384	7.52774	29.594	82.7242	0.0621114	9.10707	33.3374	20.4068	0.111304	4.02589
DIff1_Matrix_St1	77	2535.73	299.86	-0.0224	0.028	0.0071	28.7589	53.7272	0.0774535	7.37581	29.5715	18.6933	0.231784	7.67967	29.5945	81.9017	0.0618639	8.98059	33.3381	20.7249	0.109076	4.00678
DIff1_Matrix_St1	78	2539.23	299.66	0.0105	0.0278	0.0071	28.7588	52.5754	0.0791823	7.3788	29.566	18.5972	0.233112	7.684	29.5956	82.2191	0.0621351	9.05493	33.3371	20.5579	0.109856	4.00292
DIff1_Matrix_St1	79	2542.73	300.44	-0.0048	0.0281	0.0077	28.7579	51.7295	0.0801949	7.35293	29.5718	17.8896	0.237779	7.53961	29.5944	83.0737	0.0623546	9.18136	33.3375	20.313	0.110893	3.99258
DIff1_Matrix_St1	80	2546.24	300.03	-0.0258	0.028	0.0098	28.7585	52.0019	0.0805102	7.4207	29.5675	17.2337	0.241936	7.39017	29.5951	82.5511	0.062955	9.21145	33.3371	20.4104	0.10992	3.97651
DIff1_Matrix_St1	81	2549.74	300.52	0.0242	0.0281	0.0083	28.7591	51.8612	0.0797749	7.33303	29.5679	17.1645	0.241165	7.33701	29.5952	84.4473	0.0630879	9.44293	33.3381	20.0558	0.113441	4.03259
DIff1_Matrix_St1	82	2553.24	299.19	-0.0149	0.0281	0.0114	28.7586	51.6382	0.0801293	7.33395	29.573	19.6274	0.222506	7.74069	29.5955	82.5911	0.0601388	8.80364	33.3396	20.2259	0.109793	3.93604
DIff1_Matrix_St1	83	2556.75	299.87	0.0076	0.0281	0.0086	28.759	52.2075	0.0797094	7.37595	29.5719	17.9661	0.234533	7.4685	29.5957	82.483	0.0627398	9.1724	33.339	20.613	0.111569	4.07624
DIff1_Matrix_St1	84	2560.25	299.23	0.0252	0.0281	0.0095	28.7586	51.4991	0.0808346	7.37856	29.5718	18.3125	0.232971	7.56178	29.5954	82.1332	0.0623516	9.07698	33.3365	19.8844	0.112734	3.97324
DIff1_Matrix_St1	85	2563.75	299.56	0.0018	0.0283	0.0093	28.7592	52.3882	0.0800427	7.43241	29.5684	17.7382	0.240753	7.56933	29.5956	83.418	0.062524	9.24447	33.3379	20.0555	0.11422	4.06023
DIff1_Matrix_St1	86	2567.26	300.68	0.0007	0.0281	0.0102	28.7592	52.2578	0.07931	7.34606	29.5734	18.9136	0.229366	7.68913	29.5948	82.0344	0.0619929	9.0139	33.3382	19.9205	0.112687	3.97878
DIff1_Matrix_St1	87	2570.76	300.48	-0.027	0.0285	0.0112	28.7593	52.4778	0.078529	7.30433	29.5698	18.4356	0.230348	7.52694	29.5954	82.188	0.0627057	9.13461	33.3378	20.4578	0.110041	3.99016
DIff1_Matrix_St1	88	2574.26	299.61	0.0233	0.0281	0.0118	28.7592	51.7187	0.0809132	7.41723	29.5714	18.472	0.231286	7.57248	29.5954	82.9124	0.0619036	9.09725	33.3379	20.4467	0.109806	3.97948
DIff1_Matrix_St1	89	2577.77	299.27	-0.0099	0.0284	0.009	28.7585	51.0148	0.0820059	7.41508	29.5746	19.5607	0.225626	7.82256	29.5964	81.1776	0.0614926	8.84777	33.3363	20.2766	0.110272	3.96311
DIff1_Matrix_St1	90	2581.27	299.41	-0.0085	0.0282	0.0119	28.759	51.3018	0.0811593	7.37982	29.5682	18.771	0.229919	7.64956	29.5954	83.3126	0.0612198	9.04018	33.3373	20.475	0.11133	4.04027
DIff1_Matrix_St1	91	2584.77	299.51	-0.011	0.0286	0.01	28.7583	51.5026	0.0828244	7.56071	29.5673	18.3448	0.233112	7.57969	29.5962	81.4113	0.0624676	9.01394	33.3391	20.9492	0.109606	4.06983
DIff1_Matrix_St1	92	2588.28	299.34	-0.0018	0.0282	0.0117	28.7588	50.4896	0.0822103	7.35704	29.5709	18.0313	0.237297	7.58394	29.5946	83.9879	0.062333	9.27918	33.3367	19.8535	0.113571	3.9965
DIff1_Matrix_St1	93	2591.78	299.15	-0.0216	0.0281	0.0138	28.7574	50.2081	0.0823842	7.3315	29.5685	17.374	0.241328	7.43159	29.5944	83.9507	0.0626874	9.32781	33.3371	20.5134	0.111084	4.0389
DIff1_Matrix_St1	94	2595.28	300.07	-0.0036	0.0286	0.0134	28.7576	50.9274	0.0813238	7.34081	29.5704	17.9336	0.236065	7.50366	29.5947	82.3824	0.0628469	9.17684	33.3376	20.6269	0.110811	4.05127
DIff1_Matrix_St1	95	2598.79	299.34	-0.011	0.0286	0.0142	28.7579	50.2432	0.0819468	7.29767	29.566	17.2771	0.241577	7.39779	29.5965	83.3246	0.0633746	9.35973	33.3369	20.4728	0.111122	4.03229
DIff1_Matrix_St1	96	2602.29	299.23	0.0244	0.0282	0.0146	28.757	49.5678	0.082727	7.26812	29.5696	18.2921	0.233616	7.57428	29.596	82.3121	0.0624775	9.11512	33.3367	19.7635	0.112134	3.92803
DIff1_Matrix_St1	97	2605.79	300.26	0.0057	0.0286	0.0147	28.7589	50.7302	0.0819161	7.36564	29.569	18.7367	0.230537	7.65611	29.594	83.1984	0.0611443	9.01666	33.336	19.432	0.113672	3.91514
DIff1_Matrix_St1	98	2609.3	300.56	0.0181	0.0286	0.0126	28.7588	49.9218	0.081582	7.2187	29.5639	16.648	0.244286	7.20834	29.5955	83.1719	0.0646913	9.53669	33.3371	19.246	0.117275	4.00057
DIff1_Matrix_St1	99	2612.8	301.06	-0.0055	0.0287	0.0149	28.759	49.7119	0.0823379	7.25496	29.5697	19.0488	0.227795	7.69107	29.5958	82.4336	0.0613735	8.96727	33.3338	19.7955	0.112676	3.9534
DIff1_Matrix_St1	100	2616.3	299.48	-0.0434	0.0285	0.0132	28.7578	49.6046	0.0827184	7.27276	29.5714	17.6715	0.235544	7.3777	29.5953	82.6229	0.0626065	9.16843	33.3375	20.2003	0.108713	3.89239
DIff1_Matrix_St1	101	2619.81	300.47	-0.0187	0.029	0.0148	28.7582	50.1964	0.0832954	7.41086	29.5722	19.2016	0.229875	7.82354	29.5958	83.7682	0.0608609	9.03635	33.3389	20.0658	0.109388	3.89046
DIff1_Matrix_St1	102	2623.31	300.08	-0.0117	0.0289	0.0155	28.7573	50.065	0.0831711	7.38044	29.5682	18.6218	0.233022	7.69118	29.5952	81.7636	0.0623418	9.03472	33.3372	19.2095	0.113632	3.86892
DIff1_Matrix_St1	103	2626.81	300.04	-0.0223	0.0287	0.0156	28.7566	50.0816	0.0837983	7.43855	29.5709	18.8378	0.229086	7.649	29.5952	81.2975	0.061376	8.84404	33.338	19.2809	0.114564	3.91519
DIff1_Matrix_St1	104	2630.32	300.21	-0.0124	0.029	0.0149	28.7586	50.2451	0.0804476	7.16443	29.5717	18.3946	0.233844	7.62414	29.5954	81.6383	0.0625663	9.05334	33.3348	19.2113	0.115182	3.92207
DIff1_Matrix_St1	105	2633.82	299.64	-0.0221	0.0283	0.0164	28.7572	49.7782	0.0851407	7.51192	29.5648	17.5538	0.241131	7.5024	29.5961	83.558	0.0632995	9.37482	33.3381	19.3536	0.113759	3.90234
DIff1_Matrix_St1	106	2637.32	299.16	0.0144	0.0286	0.0165	28.7579	50.0867	0.0821502	7.293	29.5695	18.7189	0.230514	7.64807	29.596	82.1732	0.0616863	8.9845	33.3382	19.383	0.113565	3.90156
DIff1_Matrix_St1	107	2640.83	301.1	-0.0065	0.0286	0.0145	28.7577	50.5857	0.0824291	7.39066	29.5735	18.6841	0.233457	7.73132	29.5953	82.2294	0.0619864	9.03437	33.3341	19.9034	0.11457	4.04177
DIff1_Matrix_St1	108	2644.33	300.67	-0.0107	0.0286	0.0173	28.7584	50.5091	0.0820997	7.34999	29.5692	18.5116	0.233698	7.66785	29.5961	81.9246	0.0626524	9.0976	33.3356	19.3347	0.11242	3.85262
DIff1_Matrix_St1	109	2647.83	299.53	0.0065	0.0286	0.0177	28.7583	50.4377	0.0822831	7.35599	29.5686	17.8061	0.237496	7.49551	29.5954	81.348	0.063207	9.11353	33.3352	19.4823	0.116295	4.01581
DIff1_Matrix_St1	110	2651.34	299.93	0.0094	0.0287	0.0173	28.758	49.7342	0.0820857	7.23599	29.5681	18.4137	0.230004	7.50676	29.5956	81.931	0.0632395	9.18358	33.3371	19.1655	0.113112	3.8424
DIff1_Matrix_St1	111	2654.84	299.58	-0.0122	0.0289	0.0167	28.7578	49.1297	0.0832961	7.25343	29.573	19.5732	0.222458	7.71765	29.5959	82.4056	0.0611894	8.93734	33.3374	19.2447	0.112547	3.83903
DIff1_Matrix_St1	112	2658.34	300.56	-0.004	0.029	0.018	28.758	49.3257	0.0833395	7.28617	29.5699	19.4686	0.228036	7.86889	29.5967	80.5114	0.061913	8.83515	33.3355	19.2753	0.113309	3.87114
DIff1_Matrix_St1	113	2661.85	299.26	0.0057	0.029	0.0187	28.7587	50.1171	0.082104	7.29332	29.5699	19.9404	0.226396	8.00161	29.5966	80.8857	0.0623663	8.94121	33.337	18.4893	0.114882	3.76485
DIff1_Matrix_St1	114	2665.35	300.15	-0.0118	0.0291	0.0158	28.7597	50.7677	0.0816867	7.35045	29.5674	19.0763	0.225491	7.62427	29.5962	82.4188	0.060817	8.88437	33.3354	18.9828	0.111998	3.7683
DIff1_Matrix_St1	115	2668.85	300.84	-0.0068	0.029	0.0178	28.7575	49.6093	0.0834879	7.34111	29.5726	18.8572	0.230695	7.71065	29.5956	82.3444	0.0620315	9.05361	33.3356	19.3218	0.113317	3.88077
DIff1_Matrix_St1	116	2672.36	299.71	0.0049	0.0291	0.0189	28.7582	49.5227	0.0834559	7.32549	29.5691	18.1593	0.236699	7.61852	29.5956	82.9937	0.0630327	9.27226	33.336	18.7994	0.118657	3.95379
DIff1_Matrix_St1	117	2675.86	300.83	0.0026	0.029	0.0192	28.7585	49.2111	0.0830473	7.24375	29.5677	17.9232	0.238638	7.58107	29.5952	84.164	0.0628209	9.37142	33.3363	19.0336	0.113066	3.8144
DIff1_Matrix_St1	118	2679.36	299.36	-0.0101	0.0291	0.0187	28.7587	49.2422	0.0836287	7.29908	29.5701	18.1416	0.232369	7.47187	29.5958	83.3661	0.0626978	9.26438	33.3331	19.1351	0.114261	3.87529
DIff1_Matrix_St1	119	2682.87	300.61	0.009	0.0291	0.0216	28.7581	51.159	0.0820988	7.44446	29.5668	18.0867	0.234152	7.50638	29.596	82.2422	0.0623472	9.08838	33.3362	19.2589	0.115833	3.954
DIff1_Matrix_St1	120	2686.37	299.88	0.0058	0.0288	0.0199	28.7579	49.1545	0.0826912	7.20438	29.5701	19.1348	0.229355	7.77872	29.5959	80.9062	0.0626087	8.97824	33.337	19.4378	0.114885	3.95806
DIff1_Matrix_St1	121	2689.87	300.16	0.018	0.0291	0.0215	28.7582	49.591	0.0825227	7.25356	29.5712	19.532	0.225317	7.80038	29.5957	79.8333	0.06144	8.69381	33.3367	19.3739	0.113507	3.89776
DIff1_Matrix_St1	122	2693.38	301.15	0.0277	0.0291	0.022	28.7587	48.4206	0.0841864	7.22515	29.5679	18.6555	0.230162	7.61052	29.596	81.6872	0.0627533	9.08584	33.337	18.9892	0.115235	3.87852
DIff1_Matrix_St1	123	2696.88	300.95	-0.0094	0.0294	0.0219	28.7581	49.9106	0.0828755	7.33152	29.5697	17.9023	0.234563	7.44292	29.5957	82.8997	0.0623176	9.15668	33.3383	19.154	0.114877	3.90004
DIff1_Matrix_St1	124	2700.38	300.88	0.0207	0.0291	0.021	28.7591	49.4012	0.0839952	7.35474	29.5669	17.8924	0.235866	7.48012	29.5966	81.9977	0.062974	9.15247	33.337	18.5941	0.115347	3.8015
DIff1_Matrix_St1	125	2703.89	299.63	-0.0313	0.0291	0.023	28.7592	48.7535	0.0835449	7.21939	29.5684	18.5933	0.233489	7.69478	29.596	81.6959	0.0622939	9.02028	33.3369	18.772	0.113643	3.78117
DIff1_Matrix_St1	126	2707.39	299.5	-0.0006	0.0291	0.0224	28.7574	48.7236	0.0848167	7.3248	29.5655	17.6825	0.235345	7.37606	29.5964	81.1831	0.0641633	9.23268	33.3366	18.9185	0.114479	3.83871
DIff1_Matrix_St1	127	2710.89	300.55	-0.0177	0.0293	0.023	28.7585	49.317	0.0833505	7.28585	29.5689	17.6232	0.238531	7.45085	29.5955	83.736	0.0632477	9.3871	33.3354	18.6505	0.11509	3.80455
DIff1_Matrix_St1	128	2714.4	299.14	0.027	0.0292	0.0219	28.7588	47.7972	0.084219	7.1349	29.5727	19.8764	0.224124	7.8959	29.5954	81.1147	0.0607104	8.72846	33.3371	19.3061	0.113781	3.89349
DIff1_Matrix_St1	129	2717.9	300.3	0.0095	0.0292	0.0233	28.759	47.9928	0.0839461	7.14087	29.5731	19.3814	0.226933	7.79575	29.5957	81.7635	0.0613635	8.89292	33.3385	19.2823	0.112908	3.85887
DIff1_Matrix_St1	130	2721.4	300.79	0.0044	0.0292	0.0223	28.7583	48.3936	0.0849511	7.28672	29.571	18.1808	0.233766	7.53301	29.5955	81.5163	0.0626636	9.05387	33.3377	18.9677	0.112917	3.79619
DIff1_Matrix_St1	131	2724.9	300.2	0.0354	0.0291	0.0231	28.7596	47.9655	0.0846493	7.1966	29.5698	17.4388	0.238781	7.38057	29.5961	81.8493	0.0640247	9.28833	33.3365	18.5075	0.115297	3.78219
DIff1_Matrix_St1	132	2728.41	299.41	0.021	0.0294	0.0239	28.7581	48.1339	0.0851223	7.26222	29.5676	17.4975	0.238176	7.38668	29.5959	82.7509	0.0629193	9.2285	33.3372	18.6643	0.118289	3.91321
DIff1_Matrix_St1	133	2731.91	300.91	0	0.0294	0.0241	28.7584	47.3968	0.0854326	7.17708	29.5679	18.1625	0.236576	7.6159	29.5953	81.3626	0.0631261	9.10351	33.3362	18.9015	0.115172	3.85851
DIff1_Matrix_St1	134	2735.41	299.4	0.0001	0.0295	0.024	28.7591	47.8721	0.0851834	7.2279	29.5694	18.5035	0.230989	7.57568	29.5976	80.7755	0.0621404	8.89669	33.3358	19.1805	0.116034	3.94475
DIff1_Matrix_St1	135	2738.92	299.87	0.007	0.0294	0.0232	28.7587	47.8383	0.0840906	7.13014	29.5652	17.776	0.239865	7.55747	29.5957	81.8084	0.0635565	9.21579	33.3359	19.5197	0.111838	3.86934
DIff1_Matrix_St1	136	2742.42	299.69	-0.004	0.0295	0.0242	28.7592	47.1573	0.0846267	7.07345	29.5717	17.0124	0.242193	7.30301	29.5951	82.4118	0.0631997	9.23165	33.3347	18.7185	0.114246	3.79043
DIff1_Matrix_St1	137	2745.92	299.44	0.0064	0.0295	0.025	28.7593	48.2303	0.0839625	7.17762	29.5696	18.04	0.233637	7.47054	29.596	80.7158	0.063302	9.05629	33.3366	18.7962	0.115498	3.84787
DIff1_Matrix_St1	138	2749.43	300	-0.0043	0.0295	0.0263	28.7594	47.0371	0.0867742	7.23446	29.5677	17.2792	0.239729	7.34205	29.5957	82.8022	0.0645869	9.47897	33.3356	19.0222	0.114249	3.85203
DIff1_Matrix_St1	139	2752.93	299.39	0.0244	0.0295	0.0249	28.7592	47.2773	0.0849419	7.11787	29.5711	17.662	0.233844	7.32048	29.5962	81.831	0.0627515	9.10159	33.3371	18.5268	0.114654	3.76499
DIff1_Matrix_St1	140	2756.43	300.68	-0.0384	0.0295	0.0258	28.7588	47.918	0.0860416	7.30773	29.5685	18.8414	0.229681	7.67034	29.5954	79.7077	0.0637899	9.01212	33.3374	18.6086	0.116962	3.85774
DIff1_Matrix_St1	141	2759.94	299.34	-0.0044	0.0296	0.0252	28.7593	47.4652	0.08593	7.22928	29.5702	18.2197	0.232828	7.51886	29.5959	81.0125	0.0626435	8.99504	33.3374	19.4262	0.111931	3.85401
DIff1_Matrix_St1	142	2763.44	300.77	-0.0144	0.0295	0.0262	28.7593	48.6123	0.0838334	7.22334	29.5692	17.4197	0.234167	7.23003	29.5969	81.0655	0.0643974	9.25294	33.3374	19.2406	0.114557	3.90676
DIff1_Matrix_St1	143	2766.94	300.21	-0.0187	0.0293	0.0272	28.7583	47.764	0.0858445	7.26755	29.5663	17.1628	0.248178	7.54961	29.5968	82.3382	0.0638259	9.3148	33.3344	18.8195	0.116201	3.87606
DIff1_Matrix_St1	144	2770.45	299.62	-0.0219	0.0296	0.0271	28.7596	47.988	0.0853061	7.25584	29.5676	18.0991	0.235774	7.5636	29.5962	80.8442	0.0626617	8.97897	33.337	19.0678	0.112118	3.78925
DIff1_Matrix_St1	145	2773.95	299.95	-0.0016	0.0296	0.0263	28.7596	48.7758	0.0835441	7.22263	29.5664	17.4836	0.238304	7.38475	29.5973	81.2002	0.0644854	9.28097	33.3365	18.741	0.116394	3.8663
DIff1_Matrix_St1	146	2777.45	300.54	0.0174	0.0296	0.029	28.7601	47.5387	0.0860544	7.25097	29.5708	19.7098	0.224424	7.84017	29.5962	80.7533	0.0616541	8.82465	33.3354	18.8966	0.117981	3.95157
DIff1_Matrix_St1	147	2780.96	300	0.0194	0.0295	0.0259	28.7589	47.4463	0.0861302	7.24323	29.5699	19.6692	0.217367	7.57803	29.5967	80.6778	0.0623356	8.91385	33.3402	19.48	0.112221	3.87471
DIff1_Matrix_St1	148	2784.46	299.52	-0.0082	0.0298	0.03	28.7586	47.8076	0.0858004	7.27045	29.57	18.2771	0.231494	7.49935	29.5956	81.2259	0.0630295	9.0743	33.3365	19.0463	0.113253	3.82329
DIff1_Matrix_St1	149	2787.96	299.22	0.0124	0.0295	0.0281	28.7587	47.4093	0.085212	7.16042	29.5662	19.032	0.226688	7.64697	29.5971	80.765	0.0620653	8.88479	33.3351	18.3122	0.117698	3.82019
DIff1_Matrix_St1	150	2791.47	300.57	0.002	0.0296	0.0294	28.7581	47.5317	0.084953	7.15709	29.5695	18.7964	0.226865	7.55819	29.5962	81.7018	0.0613064	8.87794	33.3361	18.9613	0.114074	3.83381
DIff1_Matrix_St1	151	2794.97	299.78	0.0242	0.0294	0.0306	28.7586	48.3365	0.0860256	7.37018	29.5733	19.1176	0.226939	7.68987	29.5962	80.3179	0.0624602	8.89182	33.3334	18.5185	0.117473	3.85583
DIff1_Matrix_St1	152	2798.47	300.19	0.0113	0.0296	0.0328	28.7593	47.8861	0.0849152	7.20725	29.5657	18.3	0.234613	7.60987	29.5965	80.4157	0.0632458	9.01463	33.3351	18.7113	0.118027	3.91436
DIff1_Matrix_St1	153	2801.98	300.1	0.0186	0.0296	0.0292	28.7596	48.6108	0.0833563	7.18202	29.5695	18.2739	0.231882	7.51056	29.5963	80.9654	0.0640201	9.18736	33.3337	18.512	0.117213	3.84596
DIff1_Matrix_St1	154	2805.48	300.39	0.0083	0.0297	0.0284	28.7589	48.4575	0.0837991	7.1974	29.5681	17.6422	0.234748	7.34056	29.5954	81.6417	0.0644403	9.32491	33.337	18.6124	0.114719	3.78452
DIff1_Matrix_St1	155	2808.98	299.57	0.0032	0.0295	0.0322	28.7581	48.3639	0.0857834	7.35359	29.5695	19.1752	0.229919	7.81431	29.5963	79.7666	0.0628491	8.88577	33.3356	18.612	0.117675	3.88199
DIff1_Matrix_St1	156	2812.49	300.33	0.0062	0.03	0.0319	28.7589	48.2742	0.0848354	7.25884	29.5691	18.4933	0.227351	7.45222	29.5968	81.2264	0.0638436	9.19157	33.337	18.8133	0.114559	3.82006
DIff1_Matrix_St1	157	2815.99	299.64	-0.0144	0.0296	0.0325	28.7597	48.4383	0.0859857	7.38227	29.573	19.3446	0.228762	7.84366	29.5965	82.1532	0.0617485	8.99136	33.3359	18.8395	0.115485	3.8563
DIff1_Matrix_St1	158	2819.49	299.25	0.0005	0.0295	0.0306	28.7593	49.1618	0.0838205	7.30387	29.5685	18.3583	0.230853	7.5118	29.597	80.3505	0.0631661	8.99597	33.3367	18.7124	0.115492	3.83049
DIff1_Matrix_St1	159	2823	300.36	0.0111	0.0296	0.0311	28.7598	47.8951	0.0854465	7.25371	29.5675	18.5448	0.233152	7.66365	29.5967	82.1865	0.0629072	9.16381	33.3348	18.6452	0.118288	3.90917
DIff1_Matrix_St1	160	2826.5	300	0.0141	0.0296	0.0329	28.7589	48.4316	0.0856155	7.34948	29.5676	17.608	0.240136	7.4945	29.5961	81.9121	0.0639328	9.28211	33.3347	18.4628	0.117435	3.84299
DIff1_Matrix_St1	161	2830	299.49	0.0062	0.0299	0.0332	28.7584	49.2531	0.0849809	7.41873	29.5706	18.2035	0.233871	7.54582	29.5961	80.7526	0.0643629	9.21227	33.3359	18.5438	0.117793	3.87165
DIff1_Matrix_St1	162	2833.51	300.13	0.0024	0.0296	0.0335	28.7593	48.0709	0.0858364	7.31356	29.5667	18.6453	0.227784	7.5278	29.5965	81.7454	0.0638466	9.25074	33.3352	19.0029	0.115819	3.90099
DIff1_Matrix_St1	163	2837.01	299.21	0.0122	0.0297	0.0327	28.7591	49.3017	0.0833737	7.28561	29.5675	18.6657	0.229708	7.59969	29.596	82.8311	0.0620104	9.10401	33.3353	19.3547	0.113601	3.89712
DIff1_Matrix_St1	164	2840.51	300.64	0.0154	0.0297	0.0345	28.7592	48.1784	0.0855111	7.30214	29.5692	18.0737	0.23579	7.5535	29.5957	81.2132	0.0638115	9.18545	33.3347	18.9105	0.114859	3.84984
DIff1_Matrix_St1	165	2844.02	300.74	0.0129	0.0298	0.0321	28.7596	47.767	0.0846004	7.16268	29.572	20.0423	0.223674	7.9458	29.5959	80.3116	0.0613969	8.73976	33.3354	18.6119	0.116646	3.848
DIff1_Matrix_St1	166	2847.52	300.14	-0.0154	0.03	0.0361	28.7594	48.6408	0.0844963	7.28472	29.5713	18.9022	0.222951	7.4696	29.596	81.4822	0.0629269	9.08811	33.3353	19.2929	0.113513	3.88169
DIff1_Matrix_St1	167	2851.02	300.66	-0.0112	0.03	0.0352	28.7588	48.805	0.0834538	7.21913	29.5685	18.1642	0.23682	7.62446	29.5961	80.9623	0.0646984	9.28434	33.3364	18.7482	0.115647	3.84299
DIff1_Matrix_St1	168	2854.53	299.67	-0.0341	0.0302	0.0363	28.7579	47.7137	0.0861831	7.28853	29.5661	17.7114	0.235801	7.40241	29.5968	82.5826	0.0635414	9.3008	33.337	19.2241	0.11376	3.87624
DIff1_Matrix_St1	169	2858.03	300.3	0.0021	0.03	0.0365	28.7583	47.1792	0.0863658	7.22217	29.5738	18.6825	0.23233	7.69333	29.596	82.8325	0.0629415	9.24086	33.3351	18.5072	0.115222	3.77966
DIff1_Matrix_St1	170	2861.53	301.05	0.0175	0.0298	0.0348	28.7591	48.067	0.0848588	7.22968	29.5728	18.3262	0.233453	7.58313	29.5966	82.4994	0.062973	9.20831	33.3343	18.618	0.118559	3.91237
DIff1_Matrix_St1	171	2865.04	299.8	0.0126	0.03	0.0379	28.7593	47.9557	0.0873914	7.4282	29.5741	19.4742	0.22583	7.79498	29.5956	80.5296	0.0634865	9.06175	33.3355	18.6913	0.113764	3.76895
DIff1_Matrix_St1	172	2868.54	299.67	-0.0149	0.03	0.0358	28.7604	49.2675	0.0834417	7.2865	29.5683	19.2104	0.229155	7.80264	29.5964	81.6219	0.0622239	9.00201	33.3338	18.9797	0.116569	3.92145
DIff1_Matrix_St1	173	2872.04	300.65	0.0124	0.03	0.0369	28.7595	48.5888	0.0842863	7.25886	29.567	18.8038	0.229663	7.65439	29.597	80.7516	0.0637773	9.12836	33.3357	18.5222	0.117995	3.87373
DIff1_Matrix_St1	174	2875.55	299.38	-0.0192	0.03	0.037	28.7586	48.4553	0.0841168	7.22436	29.5692	18.7739	0.227915	7.58406	29.5971	81.7273	0.0629526	9.11917	33.3338	18.8968	0.114189	3.82461
DIff1_Matrix_St1	175	2879.05	299.84	-0.0241	0.0301	0.0356	28.7609	49.6897	0.0831032	7.31912	29.5693	17.7732	0.238123	7.50141	29.5965	83.6393	0.0632194	9.37208	33.336	18.5462	0.115913	3.81032
DIff1_Matrix_St1	176	2882.55	299.32	-0.0148	0.03	0.0366	28.7582	49.0386	0.084225	7.32072	29.5713	19.6597	0.223893	7.80175	29.5967	82.9166	0.0613751	9.02004	33.3337	19.4598	0.113683	3.92113
DIff1_Matrix_St1	177	2886.06	300.04	0.0176	0.0296	0.0384	28.7596	49.2067	0.083072	7.24526	29.5691	17.7119	0.240026	7.53525	29.5965	81.6345	0.0646928	9.36061	33.3377	18.7112	0.11291	3.74465
DIff1_Matrix_St1	178	2889.56	300.46	-0.0092	0.03	0.0368	28.7595	48.4371	0.0847705	7.27776	29.5716	19.5387	0.223984	7.75691	29.5968	81.731	0.0622221	9.01376	33.3355	18.9254	0.112441	3.77176
DIff1_Matrix_St1	179	2893.06	299.59	0.0253	0.03	0.0376	28.7594	49.2108	0.0806472	7.03436	29.5703	18.8004	0.227786	7.59049	29.5967	81.0395	0.0623515	8.9561	33.3363	18.5007	0.111464	3.6551
DIff1_Matrix_St1	180	2896.57	299.52	0.0321	0.0302	0.0395	28.7583	48.4971	0.0843183	7.24791	29.5718	19.6364	0.223313	7.77231	29.5964	80.7716	0.0628691	9.00059	33.3322	18.165	0.120552	3.88138
DIff1_Matrix_St1	181	2900.07	300.07	0.0041	0.0304	0.0385	28.7591	48.1217	0.0854061	7.28459	29.5698	18.2545	0.231171	7.47959	29.597	81.8471	0.0638783	9.26684	33.3346	18.2371	0.115826	3.74399
DIff1_Matrix_St1	182	2903.57	299.41	0.02	0.03	0.0415	28.7596	47.9164	0.0841013	7.14269	29.5663	18.9083	0.229083	7.67751	29.5979	80.5434	0.0629783	8.99075	33.3361	18.288	0.112765	3.65525
DIff1_Matrix_St1	183	2907.08	299.62	0.0067	0.03	0.0388	28.7595	47.3078	0.0851968	7.14383	29.5667	18.6402	0.228486	7.54894	29.5964	80.0078	0.0634478	8.99754	33.3371	18.4691	0.11149	3.64969
DIff1_Matrix_St1	184	2910.58	299.42	-0.0095	0.03	0.0393	28.7598	47.4435	0.0849937	7.14724	29.569	18.7587	0.230097	7.65049	29.597	81.6054	0.0631861	9.13934	33.3365	17.9449	0.120189	3.82281
DIff1_Matrix_St1	185	2914.08	299.97	-0.0163	0.0301	0.0399	28.7594	48.0753	0.0849413	7.23795	29.5698	18.4306	0.230481	7.52923	29.5962	81.1993	0.0633803	9.12182	33.3366	18.6491	0.115427	3.81541
DIff1_Matrix_St1	186	2917.59	300.69	0.0011	0.0302	0.0399	28.7591	47.9005	0.085995	7.30109	29.5688	19.1127	0.226564	7.6752	29.5969	80.3294	0.0626947	8.92648	33.3356	19.0891	0.113696	3.84686
DIff1_Matrix_St1	187	2921.09	299.21	0.0139	0.03	0.0428	28.7592	47.473	0.08649	7.27759	29.5724	18.5225	0.231357	7.5955	29.5965	83.2261	0.0630406	9.2994	33.3363	18.8288	0.110091	3.67409
DIff1_Matrix_St1	188	2924.59	300.2	-0.0095	0.03	0.0411	28.7581	47.6615	0.0868149	7.33394	29.5709	19.4922	0.225548	7.79246	29.5965	80.9802	0.0622837	8.93981	33.3356	17.9793	0.119171	3.79766
DIff1_Matrix_St1	189	2928.1	299.48	0.0159	0.0302	0.0404	28.7588	47.6275	0.0861879	7.27577	29.5716	18.5828	0.232864	7.66986	29.5966	79.6149	0.0647979	9.14387	33.334	17.8318	0.119468	3.77592
DIff1_Matrix_St1	190	2931.6	299.67	-0.001	0.0299	0.0393	28.7604	46.8161	0.087922	7.29571	29.5686	18.6547	0.232984	7.70351	29.5965	80.7964	0.0633933	9.07843	33.3349	18.793	0.1152	3.83728
DIff1_Matrix_St1	191	2935.1	300.7	0.0068	0.0303	0.0423	28.7589	47.9955	0.086066	7.32162	29.5723	20.8428	0.217681	8.04177	29.597	78.9472	0.061	8.53575	33.338	19.2732	0.108934	3.72126
DIff1_Matrix_St1	192	2938.61	299.74	0.0038	0.0303	0.0441	28.7595	49.1232	0.0828924	7.21733	29.5657	18.5094	0.23237	7.62339	29.5968	83.034	0.063436	9.33613	33.3368	18.5483	0.114786	3.77371
DIff1_Matrix_St1	193	2942.11	299.48	0.0022	0.0301	0.0443	28.7594	47.9758	0.0849492	7.22365	29.5677	18.3649	0.234535	7.63436	29.5965	82.5252	0.0637358	9.32277	33.3363	18.4404	0.113024	3.69414
DIff1_Matrix_St1	194	2945.61	300.53	-0.0103	0.0303	0.04	28.7591	47.3583	0.0852529	7.15617	29.5735	19.9741	0.223147	7.90013	29.5972	80.5142	0.0622718	8.88667	33.336	18.1958	0.114276	3.68555
DIff1_Matrix_St1	195	2949.12	300.38	0.0223	0.0301	0.0419	28.7593	47.6204	0.0862902	7.28332	29.5721	19.6581	0.223013	7.77046	29.5968	81.2849	0.0619998	8.93255	33.335	18.6259	0.114209	3.77044
DIff1_Matrix_St1	196	2952.62	301.27	0.0108	0.0301	0.0433	28.7589	47.0072	0.0883931	7.36474	29.5698	18.7767	0.229047	7.62286	29.5971	81.2629	0.0633302	9.12175	33.3348	18.6415	0.115909	3.82979
DIff1_Matrix_St1	197	2956.12	300	0.0064	0.0304	0.0435	28.7584	47.644	0.0873632	7.37753	29.5683	18.5152	0.230737	7.57219	29.5973	81.297	0.0642174	9.25342	33.3368	18.4958	0.116751	3.82742
DIff1_Matrix_St1	198	2959.63	299.93	0.0058	0.0302	0.0438	28.7585	47.4999	0.0873893	7.35743	29.5723	19.5707	0.225881	7.83542	29.5977	82.3968	0.0615956	8.9957	33.3353	18.5852	0.115265	3.79698
DIff1_Matrix_St1	199	2963.13	299.39	0.0285	0.0301	0.0467	28.7587	47.1198	0.0863242	7.2096	29.5683	18.4789	0.233076	7.63392	29.597	83.075	0.0632004	9.30605	33.3358	18.2614	0.116699	3.77727
DIff1_Matrix_St1	200	2966.63	299.32	-0.0106	0.03	0.0436	28.7587	47.2832	0.0873091	7.31714	29.5676	17.8588	0.236177	7.47591	29.5966	82.7341	0.063823	9.35915	33.3367	18.8834	0.114379	3.82826
DIff1_Matrix_St1	201	2970.14	299.58	0.0143	0.03	0.0451	28.76	47.9489	0.0858903	7.29958	29.5702	19.8367	0.227165	7.98704	29.5974	81.2187	0.0619017	8.91114	33.3364	18.7355	0.112478	3.73517
DIff1_Matrix_St1	202	2973.64	299.4	-0.0146	0.0302	0.0456	28.7591	47.6904	0.0854136	7.21993	29.5693	19.1435	0.231065	7.84024	29.5965	81.5554	0.0638984	9.23671	33.3354	18.6682	0.114754	3.79703
DIff1_Matrix_St1	203	2977.14	300.24	0.0042	0.0304	0.0453	28.7601	48.4029	0.0843038	7.23258	29.5681	18.6217	0.231218	7.63159	29.596	82.734	0.063192	9.2666	33.336	18.2854	0.116398	3.77245
DIff1_Matrix_St1	204	2980.65	299.98	-0.0312	0.0301	0.0465	28.7591	47.8487	0.0863487	7.32319	29.5689	19.5197	0.229831	7.95167	29.5971	81.2387	0.0621323	8.94654	33.336	18.2292	0.116293	3.75746
DIff1_Matrix_St1	205	2984.15	300.45	0.0183	0.0301	0.0422	28.7596	47.4778	0.0865043	7.27952	29.5641	17.2972	0.240473	7.37257	29.5967	82.81	0.0658197	9.66082	33.3369	18.5301	0.111159	3.65089
DIff1_Matrix_St1	206	2987.65	299.57	0.0096	0.03	0.047	28.7592	47.5091	0.0861606	7.25538	29.5725	20.3863	0.224449	8.11017	29.597	80.6533	0.0618054	8.83535	33.3376	17.9426	0.113793	3.61889
DIff1_Matrix_St1	207	2991.16	299.85	0.037	0.0301	0.0475	28.7587	45.6616	0.0887533	7.18308	29.5706	19.6098	0.225851	7.85	29.5977	81.4169	0.0631646	9.11514	33.3349	18.632	0.114752	3.78962
DIff1_Matrix_St1	208	2994.66	299.8	-0.0251	0.0303	0.0441	28.7587	46.549	0.0882395	7.28028	29.5705	19.4518	0.229514	7.91307	29.5968	81.6028	0.0619183	8.95569	33.3378	18.127	0.114343	3.67378
DIff1_Matrix_St1	209	2998.16	300.77	-0.0178	0.03	0.049	28.7585	46.897	0.088732	7.37565	29.571	18.8721	0.229259	7.66868	29.5972	83.0038	0.0623395	9.17141	33.3371	18.5111	0.113892	3.7368
DIff1_Matrix_St1	210	3001.67	300.49	0.0143	0.03	0.0475	28.7606	46.3946	0.0874941	7.19484	29.5693	19.674	0.224993	7.84578	29.5973	80.1946	0.0622508	8.8484	33.3377	18.4858	0.110592	3.62357
DIff1_Matrix_St1	211	3005.17	300.87	0.0047	0.0305	0.0487	28.7597	47.8171	0.0862882	7.31324	29.5682	18.36	0.231341	7.52837	29.5972	81.7583	0.0639397	9.26568	33.3358	18.1752	0.116379	3.74913
DIff1_Matrix_St1	212	3008.67	300.13	0.0204	0.0303	0.0492	28.7585	46.6576	0.0878001	7.26093	29.5666	18.8814	0.230346	7.70883	29.5982	81.6747	0.0635188	9.19527	33.3376	18.1842	0.115985	3.73828
DIff1_Matrix_St1	213	3012.18	299.16	0.0058	0.0301	0.0481	28.7604	46.4483	0.0872527	7.18329	29.5703	18.4666	0.23241	7.60706	29.5983	81.0322	0.0635868	9.13271	33.3384	17.9844	0.115385	3.67806
DIff1_Matrix_St1	214	3015.68	299.83	-0.0061	0.0304	0.0486	28.7596	47.4303	0.0858441	7.21675	29.5681	18.6401	0.232325	7.67571	29.5967	81.7365	0.0631803	9.15319	33.3341	17.6643	0.11902	3.72641
DIff1_Matrix_St1	215	3019.18	300.81	-0.0182	0.03	0.0492	28.7591	45.979	0.0866062	7.05803	29.5697	19.3531	0.224886	7.71412	29.5968	79.6611	0.0633349	8.9426	33.3367	18.3097	0.115628	3.7525
DIff1_Matrix_St1	216	3022.69	299.82	-0.023	0.0305	0.0508	28.7591	46.0243	0.0885429	7.22297	29.5727	20.1013	0.22205	7.91133	29.5972	80.9336	0.0623676	8.94669	33.3358	18.7764	0.112287	3.73695
DIff1_Matrix_St1	217	3026.19	299.34	-0.0227	0.0305	0.0481	28.76	46.2954	0.0875023	7.18013	29.5702	18.7823	0.227131	7.56137	29.598	81.5197	0.0639479	9.23983	33.3364	18.4444	0.113446	3.70878
DIff1_Matrix_St1	218	3029.69	300.84	0.0124	0.0301	0.0519	28.7608	46.5161	0.0866236	7.14191	29.5754	20.3509	0.220622	7.95807	29.5969	82.411	0.0613319	8.95873	33.3329	17.6221	0.116435	3.63676
DIff1_Matrix_St1	219	3033.2	300.43	-0.0055	0.0306	0.0527	28.7597	47.0564	0.0866163	7.22426	29.5714	19.9437	0.224725	7.94389	29.5978	82.1959	0.0613834	8.94285	33.3367	18.2174	0.115523	3.73018
DIff1_Matrix_St1	220	3036.7	299.68	-0.0119	0.03	0.0526	28.7593	47.7973	0.0847616	7.18088	29.5703	19.0322	0.228056	7.69321	29.5987	81.0096	0.0642008	9.21832	33.3357	18.5193	0.115612	3.79494
DIff1_Matrix_St1	221	3040.2	300.13	-0.0085	0.0305	0.0513	28.7586	46.2216	0.089065	7.29671	29.5709	19.5337	0.223785	7.74804	29.5974	80.5289	0.0628467	8.97035	33.3341	18.4734	0.116943	3.82908
DIff1_Matrix_St1	222	3043.71	299.86	0.0208	0.0305	0.0535	28.7598	45.973	0.0874445	7.12541	29.5687	18.9473	0.229059	7.69256	29.5969	81.5222	0.0633282	9.15057	33.3335	17.952	0.116942	3.72097
DIff1_Matrix_St1	223	3047.21	300.92	0.0036	0.0303	0.0547	28.7592	46.3912	0.0879039	7.228	29.5726	20.1876	0.220803	7.90066	29.5978	81.8695	0.0616422	8.9449	33.3364	19.0155	0.112719	3.7991
DIff1_Matrix_St1	224	3050.71	300.71	-0.0265	0.0302	0.0517	28.7594	46.0851	0.0869745	7.10439	29.5647	19.7677	0.224523	7.86668	29.5971	79.2754	0.0633652	8.90357	33.3356	18.1004	0.113775	3.65016
DIff1_Matrix_St1	225	3054.22	300.91	0.0235	0.0305	0.0523	28.7594	45.973	0.0883317	7.19772	29.5685	18.6867	0.231874	7.67998	29.598	81.1134	0.063647	9.15051	33.334	18.0725	0.116361	3.72735
DIff1_Matrix_St1	226	3057.72	300.68	0.0029	0.0302	0.0523	28.7604	46.7357	0.0871212	7.21685	29.567	17.9055	0.237937	7.55133	29.5975	82.6113	0.0647828	9.48579	33.3348	17.912	0.1173	3.72406
DIff1_Matrix_St1	227	3061.22	299.39	-0.0024	0.0303	0.0536	28.7598	46.5588	0.086931	7.17383	29.571	19.008	0.228828	7.7094	29.5973	81.0673	0.0636442	9.14492	33.3321	17.8988	0.115971	3.67918
DIff1_Matrix_St1	228	3064.73	300.1	-0.0224	0.0302	0.0545	28.7573	44.8034	0.0901983	7.16282	29.5727	19.9176	0.223224	7.88051	29.5973	79.6825	0.0620362	8.7616	33.3365	17.4729	0.118509	3.67022
DIff1_Matrix_St1	229	3068.23	300.6	0.0011	0.0305	0.0547	28.7592	45.1867	0.0876843	7.02275	29.5702	19.4964	0.227134	7.84894	29.5979	81.5431	0.0626794	9.05914	33.3357	17.835	0.116664	3.68795
DIff1_Matrix_St1	230	3071.73	300.16	0.0174	0.0305	0.0546	28.7605	45.8832	0.0872315	7.09417	29.5697	19.8692	0.225298	7.93439	29.5978	80.1519	0.0613697	8.71852	33.3347	17.8306	0.117941	3.7274
DIff1_Matrix_St1	231	3075.24	300.76	0.0016	0.0305	0.0563	28.76	46.0033	0.087415	7.1277	29.5675	18.7146	0.231302	7.67245	29.5981	80.9269	0.0642429	9.21495	33.3354	18.0327	0.117944	3.76974
DIff1_Matrix_St1	232	3078.74	300.35	-0.0069	0.0304	0.0546	28.7589	45.1448	0.0887891	7.10464	29.5722	20.6065	0.216945	7.92372	29.5983	77.426	0.062727	8.60827	33.3361	17.2593	0.11699	3.57889
DIff1_Matrix_St1	233	3082.24	300.33	0.006	0.0303	0.0547	28.759	45.8499	0.0866003	7.03774	29.5644	17.5531	0.234153	7.28501	29.5969	81.7252	0.0648584	9.395	33.3369	18.0015	0.115447	3.68357
DIff1_Matrix_St1	234	3085.75	300.76	0.0199	0.0306	0.0548	28.7606	46.0605	0.0868645	7.09163	29.5667	17.8928	0.234689	7.44297	29.5971	80.5603	0.064216	9.16938	33.3357	17.7543	0.115921	3.6479
DIff1_Matrix_St1	235	3089.25	300.69	0.0158	0.0303	0.0564	28.7587	46.201	0.0874019	7.15726	29.5686	18.8492	0.228062	7.6194	29.5984	80.8647	0.0630784	9.04096	33.3355	17.598	0.116082	3.62078
DIff1_Matrix_St1	236	3092.75	299.85	-0.0167	0.0304	0.0571	28.7594	43.8667	0.0896442	6.96999	29.5717	19.4886	0.22629	7.81666	29.5974	80.6446	0.0622695	8.90073	33.3359	18.0638	0.112094	3.58894
DIff1_Matrix_St1	237	3096.26	300.52	0.0063	0.0308	0.0587	28.759	44.2964	0.0891338	6.99819	29.5734	18.2172	0.22953	7.41134	29.5976	81.5412	0.0638137	9.22287	33.3357	17.5049	0.114761	3.56066
DIff1_Matrix_St1	238	3099.76	299.65	-0.0178	0.0303	0.0581	28.7591	44.059	0.0890267	6.95232	29.5685	19.2065	0.229269	7.8049	29.5979	80.2777	0.0629437	8.95616	33.336	17.8915	0.115408	3.6598
DIff1_Matrix_St1	239	3103.26	299.48	-0.0195	0.0302	0.057	28.7597	44.1855	0.0884575	6.9277	29.5727	18.8662	0.229664	7.67982	29.5971	82.052	0.0623062	9.0614	33.3345	17.5396	0.119552	3.71666
DIff1_Matrix_St1	240	3106.77	299.79	0.0115	0.0305	0.0604	28.7593	44.7172	0.0890938	7.06149	29.5703	18.6907	0.232168	7.69133	29.5966	82.3193	0.0631225	9.21003	33.3331	18.0562	0.116682	3.73428
DIff1_Matrix_St1	241	3110.27	299.54	0.0078	0.0305	0.0588	28.7582	45.509	0.0882555	7.11891	29.5727	20.0229	0.222877	7.90983	29.5974	81.1873	0.0617218	8.88182	33.3365	18.1797	0.113369	3.65306
DIff1_Matrix_St1	242	3113.77	300.15	0.005	0.0306	0.058	28.7603	45.6812	0.0874805	7.0831	29.5715	19.0028	0.228662	7.7017	29.598	80.6116	0.0630342	9.00635	33.334	18.1011	0.119621	3.83783
DIff1_Matrix_St1	243	3117.28	300.34	0.0046	0.0305	0.0589	28.7599	44.4955	0.0896616	7.07126	29.5704	19.1716	0.227169	7.7194	29.5973	80.3193	0.063127	8.98689	33.3342	17.7884	0.119223	3.759
DIff1_Matrix_St1	244	3120.78	300.17	0.0159	0.0306	0.0606	28.7587	44.6594	0.0903399	7.15101	29.5656	17.7959	0.236866	7.47135	29.598	82.8913	0.063615	9.34637	33.3334	17.8572	0.11708	3.70571
DIff1_Matrix_St1	245	3124.28	299.63	-0.0289	0.0305	0.0591	28.7577	43.9946	0.0911978	7.11147	29.5716	19.7943	0.224971	7.893	29.5974	78.571	0.0623946	8.68929	33.3361	18.0811	0.116743	3.74135
DIff1_Matrix_St1	246	3127.79	299.52	0.0009	0.0305	0.0592	28.7594	44.3251	0.0900213	7.07246	29.5689	18.9582	0.228509	7.67848	29.5981	80.9909	0.06424	9.22182	33.3364	18.0321	0.114773	3.66826
DIff1_Matrix_St1	247	3131.29	299.96	-0.0033	0.0305	0.0585	28.7583	44.816	0.0889657	7.06692	29.5705	20.4434	0.222508	8.06257	29.5979	79.2242	0.0617723	8.67414	33.3356	17.5691	0.121939	3.79723
DIff1_Matrix_St1	248	3134.79	299.38	0.0188	0.0305	0.0595	28.7599	44.2621	0.0898351	7.04779	29.5716	19.2288	0.228353	7.78275	29.5974	80.1877	0.0632985	8.99656	33.3348	18.0692	0.116164	3.72036
DIff1_Matrix_St1	249	3138.3	300.65	0.0147	0.0304	0.0623	28.7602	44.0358	0.0904845	7.06245	29.5717	19.6608	0.222203	7.74331	29.5975	79.2489	0.0633619	8.90013	33.3342	17.853	0.118014	3.73437
DIff1_Matrix_St1	250	3141.8	299.98	-0.0139	0.0307	0.0622	28.7585	44.3372	0.0884931	6.95429	29.5687	19.7354	0.224719	7.86066	29.5983	81.0225	0.0616389	8.85188	33.3364	18.0353	0.113017	3.61279
DIff1_Matrix_St1	251	3145.3	299.22	-0.002	0.0305	0.0623	28.7593	42.8356	0.0935711	7.1043	29.571	19.6948	0.22451	7.83725	29.5968	81.8406	0.0620185	8.99633	33.3343	18.1423	0.118258	3.80274
DIff1_Matrix_St1	252	3148.81	299.85	-0.0075	0.0303	0.0616	28.7601	44.9287	0.0879966	7.00753	29.5699	18.4351	0.233469	7.62871	29.5976	81.014	0.0644729	9.2579	33.3354	18.0342	0.114793	3.66932
DIff1_Matrix_St1	253	3152.31	299.36	0.0263	0.0306	0.0617	28.7593	45.0582	0.0881842	7.0427	29.5691	18.9095	0.228644	7.66326	29.5963	79.8849	0.0638949	9.04703	33.3344	18.0983	0.11237	3.60463
DIff1_Matrix_St1	254	3155.81	300.31	0.0027	0.0308	0.0647	28.7583	44.9646	0.0895756	7.13897	29.5704	18.8304	0.232731	7.76764	29.5971	79.9083	0.0640788	9.07571	33.3352	18.1168	0.116029	3.72583
DIff1_Matrix_St1	255	3159.32	300.55	0.0367	0.0302	0.0648	28.7605	44.7419	0.0902089	7.15383	29.566	18.7306	0.229191	7.60894	29.5971	82.3474	0.0631238	9.21337	33.3373	18.4543	0.11375	3.72069
DIff1_Matrix_St1	256	3162.82	300.14	-0.0128	0.0304	0.0632	28.7598	45.1238	0.0886903	7.09344	29.5698	19.6076	0.225	7.81956	29.5974	81.252	0.063095	9.08665	33.3347	18.3752	0.113442	3.69473
DIff1_Matrix_St1	257	3166.32	299.86	0.0399	0.0305	0.0623	28.7598	45.1697	0.0885021	7.08559	29.57	19.695	0.224296	7.82983	29.5975	81.1776	0.0630285	9.06876	33.3346	18.3692	0.113488	3.69503
