DIff1_Matrix_St1	1	2280.4	299.97	0.0038	0.0166	0.0059	28.7164	40.1175	0.0809235	5.75418	29.5514	16.7613	0.212592	6.31583	29.5751	61.693	0.0629237	6.88059	33.2813	16.9042	0.125081	3.74767
DIff1_Matrix_St1	2	2283.9	299.99	-0.0244	0.0175	0.0074	28.7163	41.2244	0.0797504	5.82723	29.5538	16.205	0.209089	6.00558	29.5756	62.5834	0.0637347	7.06985	33.2825	16.3974	0.127068	3.69306
DIff1_Matrix_St1	3	2287.39	300.17	-0.0049	0.0172	0.0056	28.7155	39.5611	0.0816334	5.72416	29.5609	18.178	0.203228	6.54795	29.5742	62.2756	0.060166	6.64116	33.281	16.1237	0.129077	3.68885
DIff1_Matrix_St1	4	2290.89	300.14	0.0038	0.0176	0.0039	28.7148	39.9446	0.0829658	5.87397	29.5539	16.4475	0.208506	6.07845	29.5748	62.2874	0.0648668	7.16139	33.2798	16.366	0.124746	3.61865
DIff1_Matrix_St1	5	2294.39	300.02	0.0182	0.0176	0.0063	28.7133	38.7486	0.0830972	5.70713	29.5558	17.1	0.211363	6.40617	29.574	62.1404	0.0632286	6.96405	33.2799	15.9618	0.124815	3.53122
DIff1_Matrix_St1	6	2297.89	300.2	-0.0047	0.018	0.0051	28.7132	38.9596	0.0822174	5.67745	29.5564	18.4574	0.201229	6.58319	29.5746	63.5068	0.061293	6.89931	33.2778	15.7782	0.128333	3.58899
DIff1_Matrix_St1	7	2301.39	300.08	0.0143	0.0179	0.0064	28.7124	37.8898	0.0855006	5.74204	29.5532	18.56	0.203502	6.69457	29.5757	63.8954	0.0612899	6.94118	33.2764	15.5772	0.128656	3.55216
DIff1_Matrix_St1	8	2304.88	300.01	0.011	0.0185	0.0049	28.7117	36.0394	0.0876749	5.60051	29.5557	18.7918	0.206034	6.86249	29.5752	63.9965	0.0612141	6.94356	33.2743	15.6338	0.131672	3.64866
DIff1_Matrix_St1	9	2308.38	300.23	0.041	0.0186	0.006	28.7101	35.52	0.0897888	5.65288	29.5542	18.8562	0.201453	6.7329	29.5745	64.8332	0.0608592	6.99357	33.2735	15.4028	0.129581	3.53766
DIff1_Matrix_St1	10	2311.88	300.49	0.0017	0.0186	0.0061	28.7096	33.8664	0.0944266	5.66811	29.5553	18.5291	0.208475	6.84672	29.5751	64.1623	0.0625499	7.11346	33.2731	14.7802	0.134647	3.52739
DIff1_Matrix_St1	11	2315.38	300.21	-0.0065	0.019	0.0079	28.7087	34.5621	0.091838	5.62598	29.5584	19.3031	0.201467	6.89295	29.5753	64.1936	0.0617562	7.02662	33.2724	14.5626	0.136582	3.5254
DIff1_Matrix_St1	12	2318.88	300.2	-0.0009	0.0191	0.0063	28.708	33.1764	0.0927309	5.45292	29.5585	19.6851	0.203478	7.09953	29.5751	63.1518	0.0619093	6.92973	33.2745	14.4289	0.138119	3.53234
DIff1_Matrix_St1	13	2322.37	300.22	-0.0007	0.0191	0.0044	28.7086	33.3997	0.0927634	5.49155	29.5587	19.9676	0.199714	7.06822	29.5745	63.2364	0.0614453	6.88701	33.2717	14.7046	0.139562	3.63741
DIff1_Matrix_St1	14	2325.87	300.22	-0.01	0.0194	0.0059	28.7083	32.7801	0.0943086	5.47944	29.5584	18.5188	0.209597	6.87975	29.5747	64.1375	0.0630749	7.17039	33.2675	14.3422	0.141249	3.59068
DIff1_Matrix_St1	15	2329.37	299.92	0.0294	0.0201	0.0072	28.7055	31.0224	0.0985259	5.41753	29.5602	20.536	0.201108	7.32016	29.5747	62.6087	0.0614375	6.81779	33.27	14.1525	0.137363	3.44569
DIff1_Matrix_St1	16	2332.87	299.89	-0.0033	0.0201	0.0077	28.7055	30.7787	0.0992601	5.41502	29.5566	21.1528	0.201173	7.54246	29.5748	62.2937	0.0616625	6.80832	33.2684	13.9268	0.140922	3.4786
DIff1_Matrix_St1	17	2336.37	300.1	0.0034	0.0201	0.0058	28.7045	29.7812	0.101429	5.35401	29.5598	22.1786	0.194269	7.63684	29.576	62.4148	0.0601792	6.65746	33.2682	14.0595	0.139866	3.48544
DIff1_Matrix_St1	18	2339.86	299.95	0.0072	0.0201	0.0042	28.7032	29.0085	0.101752	5.23172	29.5589	21.1745	0.200269	7.51625	29.5759	62.4905	0.0610187	6.75853	33.266	14.3184	0.138426	3.51306
DIff1_Matrix_St1	19	2343.36	300.09	-0.0075	0.0206	0.0064	28.703	27.8723	0.103318	5.10415	29.5563	20.5604	0.201885	7.35714	29.5763	63.509	0.0637097	7.1716	33.2662	13.88	0.138578	3.40924
DIff1_Matrix_St1	20	2346.86	299.99	0.0077	0.0206	0.0065	28.7022	27.0318	0.105921	5.07493	29.5623	21.2293	0.205002	7.71381	29.5765	62.4882	0.0616553	6.82879	33.2662	13.5673	0.14121	3.39574
DIff1_Matrix_St1	21	2350.36	300.13	-0.0192	0.0208	0.0055	28.7001	26.5636	0.107804	5.07572	29.5603	22.5711	0.196976	7.88028	29.576	63.4628	0.0605033	6.80571	33.2695	12.9589	0.144035	3.30835
DIff1_Matrix_St1	22	2353.86	299.98	0.0134	0.0211	0.0062	28.6992	25.5945	0.111107	5.04037	29.5614	21.2403	0.205431	7.73394	29.577	62.458	0.0630921	6.98454	33.2625	13.077	0.14887	3.45056
DIff1_Matrix_St1	23	2357.35	300.01	-0.0158	0.021	0.0069	28.6959	24.5003	0.11402	4.95137	29.5573	19.5907	0.211919	7.35857	29.5764	63.2006	0.0660637	7.40046	33.2629	13.1614	0.144509	3.3711
DIff1_Matrix_St1	24	2360.85	300.06	0.0082	0.0215	0.0051	28.6957	24.9578	0.114049	5.04514	29.5626	21.0486	0.204922	7.64516	29.5766	64.1136	0.0632519	7.18784	33.2645	12.7278	0.148197	3.34324
DIff1_Matrix_St1	25	2364.35	300.28	-0.0172	0.0215	0.0082	28.6953	23.7868	0.116666	4.91876	29.5623	21.6277	0.203943	7.81797	29.5767	61.604	0.0646199	7.05587	33.2624	12.962	0.146155	3.35785
DIff1_Matrix_St1	26	2367.85	300.01	0.0015	0.0213	0.0072	28.6956	23.6739	0.11746	4.92871	29.5612	22.135	0.202983	7.96365	29.5771	61.568	0.06372	6.95354	33.2634	12.2425	0.14977	3.24989
DIff1_Matrix_St1	27	2371.35	300.25	-0.0297	0.0219	0.0057	28.6955	23.4285	0.116639	4.84353	29.5633	21.8798	0.207999	8.06641	29.5775	62.8293	0.0642838	7.15877	33.2604	12.2929	0.152341	3.3193
DIff1_Matrix_St1	28	2374.84	300.01	0.0147	0.0217	0.0055	28.6935	23.3446	0.119103	4.92815	29.5595	21.9736	0.207405	8.07787	29.5786	62.7249	0.0645709	7.1788	33.2611	12.3689	0.152565	3.34475
DIff1_Matrix_St1	29	2378.34	300.21	-0.0142	0.0217	0.0072	28.6924	22.1352	0.123881	4.86031	29.5632	23.6587	0.203747	8.54391	29.5777	61.0089	0.062385	6.74602	33.262	12.1555	0.14755	3.17898
DIff1_Matrix_St1	30	2381.84	300.08	-0.0131	0.022	0.0052	28.6932	22.1857	0.122008	4.79775	29.5621	23.7977	0.201523	8.50033	29.5791	61.8314	0.0627865	6.88098	33.2572	11.7366	0.156128	3.24787
DIff1_Matrix_St1	31	2385.34	300.38	-0.0116	0.0219	0.0066	28.6902	21.6797	0.125961	4.8402	29.5641	22.8715	0.204363	8.28463	29.5798	63.0021	0.0645255	7.20545	33.2567	11.5005	0.155993	3.17979
DIff1_Matrix_St1	32	2388.83	300.03	0.0124	0.022	0.0081	28.6897	21.3261	0.126745	4.7909	29.561	23.7193	0.202831	8.52728	29.5794	62.268	0.0635011	7.00843	33.2527	11.1567	0.162862	3.22055
DIff1_Matrix_St1	33	2392.33	300.1	-0.0053	0.0224	0.0055	28.6883	20.6788	0.12775	4.68231	29.5618	23.0307	0.20472	8.35683	29.5782	62.5198	0.0639147	7.08261	33.2552	11.0446	0.160995	3.15165
DIff1_Matrix_St1	34	2395.83	300.17	0.0248	0.0225	0.0028	28.687	20.1343	0.129591	4.62473	29.565	24.7285	0.201242	8.82044	29.579	61.4951	0.062543	6.81701	33.2557	11.0787	0.159701	3.13598
DIff1_Matrix_St1	35	2399.33	300.04	0.0046	0.0225	0.0046	28.6867	19.7403	0.129766	4.54036	29.563	23.0342	0.207976	8.49104	29.5793	63.0162	0.0639115	7.13849	33.2536	11.1904	0.159553	3.16464
DIff1_Matrix_St1	36	2402.83	300.25	-0.0071	0.023	0.0051	28.6846	19.2997	0.134727	4.60871	29.5651	24.5953	0.199848	8.7122	29.5797	62.3946	0.0626031	6.92337	33.2527	10.8611	0.158057	3.04272
DIff1_Matrix_St1	37	2406.32	300	0.0244	0.023	0.0056	28.6844	19.8774	0.129475	4.56165	29.5626	24.1695	0.202695	8.68332	29.5806	61.7002	0.0642553	7.02701	33.2549	10.8484	0.164177	3.15685
DIff1_Matrix_St1	38	2409.82	300.21	0.0063	0.0231	0.0084	28.6821	19.0082	0.134777	4.54078	29.5647	23.8891	0.207489	8.78557	29.5802	61.6734	0.0642787	7.02652	33.2551	11.0536	0.15421	3.02128
DIff1_Matrix_St1	39	2413.32	300.06	0.0048	0.0232	0.006	28.6834	18.5938	0.135928	4.47975	29.5651	24.2188	0.208263	8.94002	29.5807	62.9069	0.062075	6.92134	33.2522	11.0637	0.154233	3.02451
DIff1_Matrix_St1	40	2416.82	300	0.0144	0.0235	0.007	28.6839	18.7334	0.133521	4.43343	29.5669	25.405	0.201609	9.0783	29.5798	61.4659	0.0624045	6.79869	33.2555	10.8705	0.154201	2.97106
DIff1_Matrix_St1	41	2420.32	300.01	0.0037	0.0237	0.0045	28.6815	18.1376	0.138297	4.44596	29.5645	24.7657	0.203635	8.93878	29.5811	64.6992	0.0618121	7.08838	33.254	11.015	0.156683	3.059
DIff1_Matrix_St1	42	2423.81	300.08	0.0128	0.0236	0.0054	28.6792	17.693	0.140737	4.41351	29.5645	24.8227	0.205616	9.04649	29.5815	62.5012	0.0637796	7.06554	33.2497	10.2563	0.164281	2.98644
DIff1_Matrix_St1	43	2427.31	300.26	0.0178	0.0236	0.0065	28.6812	18.0054	0.136622	4.36012	29.5666	25.8347	0.200704	9.19041	29.5817	61.8087	0.0611198	6.69586	33.2479	10.3689	0.16734	3.07545
DIff1_Matrix_St1	44	2430.81	300.11	-0.0117	0.0238	0.0052	28.6783	17.7268	0.138849	4.36263	29.5665	27.0964	0.199451	9.57908	29.5813	61.0835	0.0617149	6.68173	33.2463	9.97181	0.167139	2.95411
DIff1_Matrix_St1	45	2434.31	299.98	-0.0186	0.024	0.0053	28.677	17.465	0.142697	4.41733	29.5682	26.8295	0.201496	9.58196	29.5804	60.9957	0.0620587	6.70929	33.2445	10.1234	0.171189	3.0717
DIff1_Matrix_St1	46	2437.81	300.15	0.01	0.024	0.0055	28.6754	17.4916	0.142353	4.41337	29.5657	26.8827	0.199443	9.50315	29.5821	61.0303	0.0611995	6.62015	33.2456	9.94646	0.168122	2.96393
DIff1_Matrix_St1	47	2441.3	300.19	-0.0042	0.024	0.0059	28.6792	17.4598	0.140106	4.3358	29.5667	26.5884	0.201951	9.51728	29.5821	61.2408	0.0626216	6.79735	33.2423	9.74835	0.173723	3.00167
DIff1_Matrix_St1	48	2444.8	300.12	0.0048	0.0241	0.0082	28.6745	17.1944	0.143306	4.36744	29.5689	28.5216	0.196367	9.92701	29.5811	61.2853	0.0604914	6.5709	33.239	9.18068	0.174126	2.83343
DIff1_Matrix_St1	49	2448.3	300.11	0.0053	0.0241	0.0074	28.6771	16.9583	0.136479	4.10226	29.5671	26.056	0.203375	9.39247	29.5819	61.2505	0.0639279	6.94024	33.2424	9.49547	0.16989	2.8593
DIff1_Matrix_St1	50	2451.8	300.22	0.0182	0.0245	0.0075	28.6754	16.9303	0.140078	4.20351	29.5679	28.6689	0.195346	9.92638	29.583	61.1214	0.0587769	6.36758	33.2406	9.4347	0.168089	2.81088
DIff1_Matrix_St1	51	2455.3	300.05	-0.0188	0.0245	0.0072	28.6729	16.4956	0.143793	4.20417	29.5652	27.9547	0.19958	9.88889	29.5819	61.682	0.0605646	6.62144	33.2407	9.36734	0.165951	2.75532
DIff1_Matrix_St1	52	2458.79	299.96	-0.0163	0.0247	0.0066	28.6741	16.5885	0.142167	4.18005	29.5674	28.3223	0.197726	9.92581	29.5827	61.5423	0.0606589	6.61672	33.2393	9.09321	0.176865	2.85058
DIff1_Matrix_St1	53	2462.29	299.97	-0.0154	0.0247	0.0074	28.6737	16.0356	0.147296	4.1865	29.5667	26.932	0.204685	9.77078	29.582	61.4209	0.0617739	6.72506	33.2389	9.13869	0.176062	2.85184
DIff1_Matrix_St1	54	2465.79	300.45	-0.0061	0.025	0.007	28.6727	15.8223	0.142722	4.00253	29.5666	27.375	0.199714	9.6903	29.5823	61.9009	0.0622399	6.82874	33.2407	8.79887	0.175328	2.73434
DIff1_Matrix_St1	55	2469.29	300.19	0.0021	0.0249	0.006	28.671	16.0974	0.147478	4.20784	29.5652	26.347	0.204071	9.52984	29.5825	62.3581	0.0633472	7.00156	33.2385	8.70139	0.178859	2.75851
DIff1_Matrix_St1	56	2472.79	300.13	0.0193	0.0253	0.0043	28.6736	16.1115	0.141876	4.05155	29.5674	28.3312	0.198817	9.98373	29.5831	61.794	0.0615156	6.73762	33.2317	8.94385	0.178308	2.82663
DIff1_Matrix_St1	57	2476.28	300.15	0.0126	0.025	0.0075	28.6715	15.4963	0.148631	4.08237	29.5665	27.9132	0.20198	9.99296	29.5831	62.2092	0.0609844	6.72432	33.2355	8.64675	0.177157	2.7151
DIff1_Matrix_St1	58	2479.78	300.26	0.0086	0.0252	0.0075	28.6699	15.6554	0.14671	4.07097	29.5654	27.6825	0.203252	9.97275	29.5824	64.0762	0.0610147	6.92957	33.2324	8.51382	0.182816	2.75875
DIff1_Matrix_St1	59	2483.28	300.01	0.0182	0.0251	0.004	28.671	14.9882	0.151111	4.0144	29.5661	27.2116	0.205929	9.93219	29.5832	63.0404	0.0631263	7.05349	33.2322	8.59719	0.177015	2.69738
DIff1_Matrix_St1	60	2486.78	300.03	-0.0135	0.0255	0.0071	28.6645	15.0199	0.154781	4.12057	29.571	30.5918	0.193452	10.4895	29.5822	59.8039	0.0587236	6.22469	33.2262	8.05535	0.188294	2.68842
DIff1_Matrix_St1	61	2490.28	300.02	0.0041	0.0255	0.0092	28.6664	14.4116	0.156085	3.98702	29.5686	29.2171	0.198965	10.3036	29.583	61.9373	0.0597617	6.56069	33.2288	7.91867	0.186455	2.61698
DIff1_Matrix_St1	62	2493.77	300.04	-0.0069	0.0255	0.0079	28.6618	14.0034	0.158832	3.94228	29.5676	28.3804	0.201775	10.1499	29.5821	63.1967	0.0616561	6.9063	33.2261	8.03416	0.185853	2.64658
DIff1_Matrix_St1	63	2497.27	300.02	0.0099	0.0255	0.005	28.6634	13.9438	0.160427	3.96493	29.5662	28.1747	0.204366	10.2057	29.5836	62.297	0.0614293	6.78293	33.2231	8.06895	0.187992	2.68863
DIff1_Matrix_St1	64	2500.77	299.99	-0.0019	0.025	0.0113	28.6637	14.2107	0.159383	4.01451	29.5653	29.9058	0.197765	10.4829	29.5836	59.8811	0.0604969	6.42093	33.2256	7.83218	0.192458	2.67174
DIff1_Matrix_St1	65	2504.27	300.01	0.0117	0.0255	0.012	28.6606	13.7629	0.160627	3.91836	29.5689	30.3754	0.196839	10.5976	29.5821	62.1559	0.059018	6.50193	33.2273	7.78106	0.192213	2.65092
DIff1_Matrix_St1	66	2507.77	300.17	0.0067	0.0255	0.0076	28.6592	13.9159	0.159937	3.94488	29.5673	30.4956	0.197278	10.6633	29.5833	61.6261	0.0602361	6.57955	33.2209	7.5748	0.187942	2.52331
DIff1_Matrix_St1	67	2511.26	300.02	0.0296	0.0257	0.0095	28.656	13.779	0.159671	3.8996	29.5669	27.7057	0.206752	10.153	29.5833	63.1699	0.0629169	7.04454	33.2261	7.91371	0.185922	2.60787
DIff1_Matrix_St1	68	2514.76	300.19	-0.0041	0.0263	0.0088	28.6587	13.6554	0.161921	3.91906	29.5706	29.9065	0.198977	10.5474	29.5822	60.9127	0.0600415	6.48238	33.2187	7.31219	0.194294	2.51815
DIff1_Matrix_St1	69	2518.26	299.91	-0.0341	0.0256	0.01	28.6608	13.3508	0.15815	3.74241	29.5688	28.5141	0.204572	10.3391	29.5829	62.085	0.0620348	6.82648	33.2174	7.31964	0.19472	2.52624
DIff1_Matrix_St1	70	2521.76	300.33	-0.0183	0.0261	0.0112	28.6626	13.6077	0.156417	3.77261	29.565	29.7607	0.200847	10.5946	29.584	63.0525	0.0595932	6.66	33.2099	7.17498	0.204959	2.60653
DIff1_Matrix_St1	71	2525.26	300.04	0.0002	0.026	0.009	28.6581	12.8491	0.166102	3.78289	29.5647	29.4534	0.200682	10.4765	29.5843	61.5407	0.0626283	6.83138	33.2139	7.09044	0.200011	2.51364
DIff1_Matrix_St1	72	2528.75	300.12	0.0104	0.026	0.0121	28.6535	13.316	0.166902	3.93924	29.5674	29.5756	0.201728	10.5749	29.5828	62.5264	0.0612757	6.79088	33.2144	7.08299	0.196543	2.46745
DIff1_Matrix_St1	73	2532.25	300.05	-0.0205	0.0259	0.0138	28.6555	12.6143	0.162211	3.62676	29.5662	29.8614	0.201846	10.6833	29.5832	63.7076	0.0603615	6.81594	33.2133	7.06141	0.200222	2.50598
DIff1_Matrix_St1	74	2535.75	300.24	0.0096	0.0261	0.0117	28.6548	12.604	0.170267	3.80378	29.5647	27.7519	0.207446	10.2041	29.5827	64.4093	0.0632853	7.22481	33.209	7.0146	0.206169	2.56332
DIff1_Matrix_St1	75	2539.25	300.09	-0.0177	0.0264	0.0119	28.6548	12.7471	0.164232	3.7106	29.5682	31.0218	0.197268	10.8467	29.5837	62.4653	0.0599678	6.63946	33.2092	7.25182	0.19913	2.55952
DIff1_Matrix_St1	76	2542.75	299.76	0.0293	0.026	0.0114	28.657	12.3718	0.166741	3.65637	29.5708	30.9458	0.196745	10.7915	29.5823	61.6096	0.0613937	6.7042	33.2117	7.16829	0.20043	2.54655
DIff1_Matrix_St1	77	2546.24	300.06	0.0056	0.0262	0.0105	28.6504	12.8116	0.166136	3.77261	29.5709	30.163	0.200759	10.7331	29.5836	62.9761	0.0607059	6.77612	33.2111	7.06156	0.203764	2.55037
DIff1_Matrix_St1	78	2549.74	299.98	0.0151	0.0263	0.012	28.6505	12.5036	0.164591	3.64768	29.5689	29.0616	0.203059	10.4597	29.5838	63.3356	0.0622268	6.98554	33.2085	6.98112	0.200553	2.48159
DIff1_Matrix_St1	79	2553.24	300.15	0.0146	0.0267	0.0133	28.647	12.3203	0.170395	3.72095	29.5668	28.9839	0.206838	10.6258	29.5837	63.8166	0.0622638	7.04279	33.2076	7.01583	0.201841	2.50993
DIff1_Matrix_St1	80	2556.74	300.01	-0.0208	0.0265	0.0119	28.6502	12.0313	0.172136	3.67078	29.568	31.2617	0.197533	10.9453	29.5837	62.3478	0.0604371	6.67882	33.2077	6.9035	0.201279	2.46287
DIff1_Matrix_St1	81	2560.24	300.03	-0.0038	0.0266	0.0136	28.6459	11.9172	0.172466	3.64294	29.5672	31.6618	0.196809	11.0447	29.5839	61.2787	0.0601895	6.53741	33.2042	6.90907	0.209661	2.56751
DIff1_Matrix_St1	82	2563.73	300.1	-0.0218	0.0268	0.0138	28.6463	11.8439	0.169353	3.55519	29.5678	28.791	0.208766	10.6535	29.5831	64.5974	0.0622177	7.12367	33.2022	6.78744	0.209473	2.52005
DIff1_Matrix_St1	83	2567.23	300.16	0.0081	0.0267	0.0146	28.6424	12.0146	0.174008	3.70555	29.5681	30.8827	0.200066	10.9513	29.583	63.528	0.0600723	6.76416	33.2021	6.75091	0.210605	2.52003
DIff1_Matrix_St1	84	2570.73	300.07	0.0125	0.0268	0.0134	28.6461	11.7418	0.175893	3.66064	29.5688	30.3327	0.20042	10.7752	29.5835	61.7184	0.0621358	6.79723	33.2016	6.52744	0.20381	2.35799
DIff1_Matrix_St1	85	2574.23	300.34	0.0283	0.0269	0.0132	28.6453	11.8613	0.172932	3.63565	29.569	29.9229	0.202926	10.7626	29.583	63.0593	0.0628114	7.02041	33.2039	6.50396	0.213478	2.46097
DIff1_Matrix_St1	86	2577.73	300.02	0.0076	0.0268	0.0139	28.6426	11.8865	0.173202	3.64906	29.5667	30.454	0.201233	10.8622	29.5841	62.1217	0.062861	6.92149	33.2065	6.53495	0.20579	2.38365
DIff1_Matrix_St1	87	2581.22	300.38	0.035	0.0267	0.0144	28.6401	11.7657	0.175771	3.66556	29.5688	31.8435	0.197459	11.1448	29.5834	61.8471	0.0594165	6.51331	33.1988	6.47293	0.212253	2.43517
DIff1_Matrix_St1	88	2584.72	300.11	-0.005	0.0269	0.0137	28.6398	11.4812	0.173988	3.54065	29.5709	32.2485	0.197493	11.2885	29.584	62.5509	0.0584747	6.483	33.1983	6.61399	0.220777	2.58816
DIff1_Matrix_St1	89	2588.22	300.12	0.0219	0.0269	0.0155	28.6374	11.3933	0.180813	3.65136	29.5681	31.5693	0.198882	11.1285	29.5841	62.166	0.0610694	6.72901	33.1981	6.59459	0.20785	2.42947
DIff1_Matrix_St1	90	2591.72	300.01	-0.0435	0.0268	0.0142	28.6348	11.2241	0.178435	3.54982	29.5697	31.5036	0.20174	11.2649	29.584	62.6983	0.0599235	6.65928	33.2017	6.22877	0.216826	2.39381
DIff1_Matrix_St1	91	2595.22	300.07	0.0073	0.0273	0.0159	28.6356	11.3218	0.178916	3.59037	29.5675	31.3071	0.200953	11.151	29.5841	62.8154	0.0602732	6.71066	33.2	6.62653	0.201892	2.37127
DIff1_Matrix_St1	92	2598.71	300.03	-0.0031	0.0269	0.0144	28.6358	11.2636	0.179571	3.58499	29.5696	32.4903	0.197149	11.3533	29.5838	61.9354	0.0603285	6.62272	33.1972	6.51458	0.207742	2.39875
DIff1_Matrix_St1	93	2602.21	299.97	0.001	0.0269	0.0149	28.6377	11.0918	0.180496	3.5485	29.5681	30.6857	0.203742	11.0813	29.5844	64.2015	0.0606604	6.9028	33.1976	6.29376	0.21417	2.38915
DIff1_Matrix_St1	94	2605.71	299.95	-0.0051	0.0274	0.0167	28.6349	11.1894	0.179286	3.5557	29.5674	30.7896	0.203878	11.1262	29.5832	64.7684	0.0615422	7.06498	33.1984	6.39233	0.210223	2.38185
DIff1_Matrix_St1	95	2609.21	300.07	-0.0065	0.0274	0.0177	28.6346	11.0919	0.176894	3.47771	29.5645	30.9728	0.200861	11.0268	29.5846	65.385	0.0611328	7.0848	33.1961	6.15646	0.219522	2.39544
DIff1_Matrix_St1	96	2612.7	300.1	0.0079	0.0274	0.0169	28.6405	11.1357	0.174702	3.44818	29.5698	32.6647	0.197314	11.4238	29.5836	62.2171	0.0588306	6.48766	33.1949	6.36983	0.212527	2.39947
DIff1_Matrix_St1	97	2616.2	300.12	0.0219	0.0274	0.0179	28.6328	11.0461	0.177858	3.48221	29.5701	30.7294	0.202523	11.0307	29.5839	63.1276	0.0626731	7.01253	33.189	6.20098	0.215627	2.36995
DIff1_Matrix_St1	98	2619.7	300.12	-0.0056	0.0274	0.0174	28.6334	10.7264	0.184081	3.49977	29.5706	29.0894	0.207625	10.7051	29.5837	64.3957	0.0647593	7.39152	33.1927	6.27254	0.214553	2.38536
DIff1_Matrix_St1	99	2623.2	300.13	-0.0199	0.0274	0.0178	28.6333	10.7849	0.180885	3.45773	29.5688	31.6468	0.201371	11.2954	29.5842	62.205	0.0628645	6.93115	33.1915	6.30567	0.215153	2.40466
DIff1_Matrix_St1	100	2626.7	300.03	0.0072	0.0274	0.0195	28.6258	10.7171	0.180158	3.42219	29.5666	32.1306	0.200026	11.3915	29.585	62.6916	0.060118	6.68019	33.1939	6.05125	0.21995	2.35909
DIff1_Matrix_St1	101	2630.19	300.21	0.0067	0.0274	0.0185	28.629	10.4945	0.179015	3.32988	29.5712	33.8423	0.19668	11.7977	29.5833	60.9421	0.0582515	6.29216	33.185	6.21735	0.218327	2.40596
DIff1_Matrix_St1	102	2633.69	300.15	-0.0071	0.0273	0.0184	28.6213	10.4411	0.186164	3.44523	29.5708	32.1414	0.200594	11.4277	29.5842	62.1912	0.0612469	6.75131	33.1895	6.15746	0.217683	2.37575
DIff1_Matrix_St1	103	2637.19	300.19	0.0059	0.0279	0.0167	28.628	10.128	0.189765	3.40655	29.5687	32.1002	0.199084	11.3271	29.5842	60.8196	0.0639505	6.89387	33.1846	6.09838	0.222919	2.40955
DIff1_Matrix_St1	104	2640.69	300.15	-0.0238	0.0284	0.0172	28.6242	10.3949	0.186568	3.4374	29.5667	32.9167	0.198867	11.6026	29.5844	61.653	0.0602686	6.58599	33.1923	6.01525	0.212467	2.26527
DIff1_Matrix_St1	105	2644.19	300.05	-0.0071	0.0284	0.0207	28.6268	10.5063	0.179168	3.33646	29.5679	31.5491	0.201358	11.2598	29.5839	62.9392	0.0619551	6.91152	33.1832	5.67673	0.230641	2.32065
DIff1_Matrix_St1	106	2647.68	300.2	-0.0087	0.0284	0.018	28.6252	10.4503	0.186882	3.46156	29.569	33.3788	0.198097	11.7199	29.5837	61.4809	0.0596629	6.50159	33.1865	6.05202	0.223748	2.40013
DIff1_Matrix_St1	107	2651.18	300.09	0.015	0.0284	0.0207	28.6258	10.2053	0.182739	3.30545	29.5679	33.3981	0.196846	11.6526	29.5856	62.5397	0.059831	6.6322	33.1863	5.72999	0.23142	2.35033
DIff1_Matrix_St1	108	2654.68	300.05	0.0055	0.0284	0.0184	28.6236	9.90075	0.192354	3.37555	29.5676	32.8843	0.197696	11.5229	29.5849	60.7139	0.0623599	6.7107	33.188	5.77445	0.215314	2.20373
DIff1_Matrix_St1	109	2658.18	300	-0.0087	0.0284	0.0197	28.6223	10.0005	0.192854	3.41842	29.5686	36.1003	0.190342	12.1792	29.5863	59.5138	0.0561999	5.92828	33.1949	5.77546	0.222698	2.2797
DIff1_Matrix_St1	110	2661.68	300.2	0.0153	0.0284	0.0204	28.6224	9.95828	0.189488	3.34457	29.5702	31.6033	0.206008	11.5396	29.5841	62.4829	0.0621181	6.87946	33.189	5.88216	0.214998	2.24153
DIff1_Matrix_St1	111	2665.17	300.14	-0.013	0.0284	0.0182	28.6168	9.86492	0.191851	3.35453	29.5712	32.0041	0.20162	11.4371	29.5836	65.006	0.0611755	7.04865	33.1848	5.78854	0.222887	2.28681
DIff1_Matrix_St1	112	2668.67	299.94	-0.0072	0.0284	0.0218	28.6173	9.69404	0.19099	3.28164	29.5685	33.2808	0.19823	11.6933	29.585	61.6773	0.0622592	6.80619	33.1738	5.18431	0.245772	2.25839
DIff1_Matrix_St1	113	2672.17	299.9	-0.0061	0.0284	0.021	28.6186	9.68152	0.188754	3.23903	29.5704	32.9412	0.199913	11.6723	29.5842	63.0594	0.0606336	6.77701	33.1856	5.91952	0.225629	2.36731
DIff1_Matrix_St1	114	2675.67	300.13	0.0115	0.0284	0.0219	28.612	9.8536	0.192541	3.36275	29.5698	33.1274	0.19824	11.64	29.5842	61.5175	0.0611567	6.66834	33.1762	5.70703	0.226403	2.29017
DIff1_Matrix_St1	115	2679.17	299.96	0.0113	0.0288	0.0222	28.6183	9.59696	0.192979	3.28261	29.5686	33.1297	0.198925	11.6811	29.5845	62.7506	0.0612216	6.80922	33.1816	5.58923	0.219796	2.17744
DIff1_Matrix_St1	116	2682.66	300	0.0138	0.0284	0.0221	28.613	9.76472	0.196718	3.4047	29.5685	31.5859	0.2062	11.544	29.5844	64.1619	0.0621558	7.06861	33.1726	5.57299	0.218371	2.15704
DIff1_Matrix_St1	117	2686.16	300.16	0.0035	0.0284	0.0212	28.6177	9.44867	0.188481	3.15655	29.5721	34.9073	0.194765	12.0504	29.5838	63.4789	0.0574379	6.46253	33.1805	5.39875	0.219642	2.10176
DIff1_Matrix_St1	118	2689.66	300.16	0.0072	0.0289	0.0212	28.6151	9.90417	0.185149	3.25023	29.5695	32.9304	0.199993	11.6731	29.5843	62.9507	0.0616374	6.87733	33.1775	5.6044	0.224791	2.23297
DIff1_Matrix_St1	119	2693.16	299.95	-0.0021	0.0285	0.0236	28.6101	9.50938	0.192346	3.24199	29.5711	32.7394	0.200991	11.6633	29.5845	64.4156	0.0613007	6.99893	33.1695	5.73664	0.22507	2.2885
DIff1_Matrix_St1	120	2696.66	300.1	0.0238	0.0289	0.0216	28.6163	9.42798	0.192943	3.22421	29.5679	30.5519	0.205916	11.1507	29.5845	63.0388	0.065115	7.27552	33.1704	5.37534	0.227289	2.16551
DIff1_Matrix_St1	121	2700.15	300.09	-0.0091	0.0289	0.0239	28.6118	9.50295	0.193559	3.26022	29.5679	32.4895	0.20118	11.5851	29.5846	62.1315	0.0628861	6.92535	33.1813	5.4775	0.22309	2.1659
DIff1_Matrix_St1	122	2703.65	300	0.022	0.0289	0.023	28.6104	9.05102	0.198909	3.19101	29.5688	34.0311	0.198526	11.9748	29.5844	61.1871	0.0598916	6.49532	33.1643	5.43324	0.229268	2.20789
DIff1_Matrix_St1	123	2707.15	300.11	0.027	0.029	0.0209	28.6124	9.6407	0.189467	3.23755	29.5678	33.4313	0.201412	11.9348	29.5851	64.3228	0.0594134	6.77368	33.1659	5.30949	0.241447	2.27222
DIff1_Matrix_St1	124	2710.65	300.37	0.0133	0.0287	0.023	28.6106	9.60066	0.190486	3.24144	29.5695	31.5357	0.20522	11.4709	29.5845	64.2038	0.063224	7.19478	33.1734	5.71487	0.217668	2.20483
DIff1_Matrix_St1	125	2714.15	300.16	0.0128	0.0289	0.0224	28.6114	9.39165	0.192197	3.19937	29.569	31.2337	0.208092	11.52	29.5843	63.98	0.0633939	7.18898	33.1705	5.61316	0.227714	2.26554
DIff1_Matrix_St1	126	2717.64	300.02	-0.0098	0.029	0.0245	28.6086	9.37416	0.193546	3.21582	29.5711	33.8146	0.20021	11.9995	29.5843	64.194	0.0597634	6.79994	33.1683	5.42317	0.23853	2.29283
DIff1_Matrix_St1	127	2721.14	300.13	-0.0114	0.0289	0.0254	28.6093	9.3091	0.190444	3.14231	29.5682	31.3533	0.205491	11.4196	29.5847	65.3177	0.0629333	7.28595	33.1691	5.51876	0.235108	2.29977
DIff1_Matrix_St1	128	2724.64	300	-0.0229	0.0292	0.0224	28.6087	9.43302	0.190139	3.17905	29.5681	33.6722	0.198827	11.8665	29.5848	62.7909	0.0622552	6.92863	33.1675	5.41245	0.225177	2.16019
DIff1_Matrix_St1	129	2728.14	300.1	0.0257	0.0289	0.0227	28.6013	9.24946	0.195332	3.20233	29.5716	33.9212	0.197771	11.8908	29.5834	62.4566	0.0605803	6.70632	33.1703	5.25691	0.234074	2.18101
DIff1_Matrix_St1	130	2731.64	300.07	0.004	0.0292	0.0261	28.6055	9.54404	0.193685	3.27645	29.5702	32.5598	0.201357	11.6204	29.5833	63.4128	0.061707	6.93564	33.1643	5.29531	0.233183	2.18859
DIff1_Matrix_St1	131	2735.13	299.85	0.0009	0.0293	0.0255	28.6053	9.08452	0.195155	3.14236	29.5694	33.6249	0.198836	11.8503	29.5842	63.172	0.0616016	6.89749	33.1672	5.55663	0.229053	2.25591
DIff1_Matrix_St1	132	2738.63	300.18	-0.0069	0.0291	0.0253	28.6027	8.99958	0.197218	3.14589	29.5696	34.0346	0.1985	11.9744	29.5841	63.2578	0.0587105	6.58271	33.1719	5.19754	0.234819	2.16325
DIff1_Matrix_St1	133	2742.13	300.05	-0.0198	0.0289	0.024	28.6049	9.06009	0.197308	3.16849	29.5722	32.8373	0.201214	11.7112	29.583	63.6703	0.0619439	6.99054	33.1673	5.47776	0.223433	2.16932
DIff1_Matrix_St1	134	2745.63	300.03	-0.0152	0.0292	0.0268	28.6045	9.44319	0.194605	3.25722	29.5697	32.0855	0.203531	11.5748	29.5842	63.5429	0.063161	7.11363	33.1649	5.23216	0.229512	2.12845
DIff1_Matrix_St1	135	2749.13	300.15	0.0314	0.0289	0.0267	28.6032	9.11456	0.195897	3.16474	29.5696	34.5208	0.197389	12.0775	29.5837	61.9208	0.0604376	6.63313	33.1635	5.37364	0.233762	2.22647
DIff1_Matrix_St1	136	2752.62	300.07	0.0067	0.0289	0.0273	28.6033	9.52617	0.194119	3.27764	29.5694	34.9293	0.196339	12.1555	29.5842	63.5465	0.059569	6.70945	33.1595	5.38675	0.226555	2.1631
DIff1_Matrix_St1	137	2756.12	299.99	-0.0004	0.0291	0.0256	28.6038	8.95044	0.193573	3.07089	29.5704	33.8622	0.200024	12.0053	29.5851	62.4149	0.0608952	6.73668	33.1583	5.16395	0.231957	2.12307
DIff1_Matrix_St1	138	2759.62	299.99	0.0055	0.029	0.0269	28.6062	9.14456	0.197499	3.20112	29.5697	34.5131	0.197932	12.108	29.5836	61.7377	0.0608995	6.66407	33.1664	5.23181	0.231547	2.14717
DIff1_Matrix_St1	139	2763.12	300.29	0.0099	0.0291	0.0249	28.6029	8.53672	0.199219	3.01437	29.5707	35.5345	0.195709	12.3264	29.5844	61.1906	0.0593981	6.44217	33.1629	5.34969	0.217841	2.06559
DIff1_Matrix_St1	140	2766.62	300.18	-0.027	0.0294	0.0262	28.5954	8.75172	0.201791	3.13019	29.5702	34.5963	0.198063	12.1453	29.5842	62.4296	0.0603371	6.67651	33.1497	4.90551	0.246583	2.14399
DIff1_Matrix_St1	141	2770.11	300.06	0.0105	0.0294	0.0269	28.5982	9.08228	0.19796	3.18674	29.5685	34.9899	0.198178	12.2906	29.5854	62.1634	0.060097	6.6216	33.154	5.09926	0.237846	2.1497
DIff1_Matrix_St1	142	2773.61	299.96	-0.0104	0.0292	0.0269	28.5973	8.83435	0.196153	3.07146	29.5704	33.7182	0.201332	12.0324	29.5842	62.5225	0.0622906	6.90294	33.1637	5.36438	0.223941	2.12926
DIff1_Matrix_St1	143	2777.11	299.99	0.0018	0.0294	0.0287	28.603	9.3603	0.18939	3.14212	29.5682	34.6838	0.198826	12.2229	29.5843	63.294	0.060105	6.74292	33.1624	4.99765	0.240031	2.12621
DIff1_Matrix_St1	144	2780.61	300.1	0.0064	0.0294	0.0285	28.5991	8.87116	0.199434	3.13585	29.5714	34.7837	0.199239	12.2836	29.5838	63.0296	0.0596746	6.66666	33.142	5.01709	0.243473	2.1651
DIff1_Matrix_St1	145	2784.11	299.93	-0.0047	0.029	0.0273	28.5985	9.08303	0.194083	3.12459	29.5704	33.4394	0.200184	11.8649	29.584	61.8012	0.0629715	6.89789	33.1529	5.00493	0.235344	2.08774
DIff1_Matrix_St1	146	2787.6	300.15	-0.0212	0.0292	0.0282	28.5958	8.95985	0.197456	3.13579	29.57	34.4905	0.199845	12.2171	29.5846	62.7806	0.0607187	6.75652	33.1564	4.92181	0.232936	2.03206
DIff1_Matrix_St1	147	2791.1	300.02	0.0056	0.0294	0.0299	28.5958	8.68736	0.199901	3.07807	29.569	33.8568	0.201331	12.0818	29.5856	62.8615	0.0616045	6.86392	33.1567	5.1154	0.23653	2.14457
DIff1_Matrix_St1	148	2794.6	300.08	0.0173	0.0294	0.0293	28.599	8.6265	0.208086	3.18165	29.5711	34.3277	0.200481	12.1981	29.5854	61.5784	0.0622664	6.79606	33.1618	4.94378	0.231015	2.02429
DIff1_Matrix_St1	149	2798.1	300.08	0.0009	0.0294	0.0274	28.5942	8.48529	0.206579	3.10691	29.5723	37.7009	0.189791	12.6824	29.5846	61.4239	0.0569616	6.20146	33.1491	4.85542	0.238344	2.05119
DIff1_Matrix_St1	150	2801.6	300.2	-0.017	0.0296	0.0323	28.5938	8.99877	0.196136	3.12834	29.5687	34.7896	0.198715	12.2533	29.5841	63.3534	0.0604346	6.78626	33.1504	4.98916	0.240236	2.12442
DIff1_Matrix_St1	151	2805.09	299.95	-0.0117	0.0294	0.0302	28.5964	9.01057	0.1955	3.1223	29.571	35.4928	0.198006	12.4564	29.5847	63.2105	0.0590552	6.61641	33.1564	4.90474	0.234487	2.0385
DIff1_Matrix_St1	152	2808.59	300.14	-0.0216	0.0294	0.0302	28.5941	8.3216	0.201323	2.96944	29.5683	33.2542	0.201047	11.8501	29.5851	63.0066	0.0624831	6.97788	33.1586	5.0285	0.234074	2.08625
DIff1_Matrix_St1	153	2812.09	300.18	-0.0033	0.0296	0.0306	28.5899	8.69233	0.201129	3.09875	29.5724	36.0835	0.195441	12.4997	29.5843	63.2712	0.0571098	6.4046	33.151	4.74735	0.243325	2.04745
DIff1_Matrix_St1	154	2815.59	300.16	-0.0106	0.0295	0.0312	28.5981	8.86694	0.196168	3.08302	29.5714	34.7343	0.199508	12.2827	29.585	60.8015	0.0623186	6.71594	33.1508	4.98298	0.243208	2.14804
DIff1_Matrix_St1	155	2819.09	300.11	0.0124	0.0294	0.0306	28.5929	8.76304	0.193832	3.01062	29.5683	35.2441	0.198707	12.413	29.5854	62.9382	0.0608833	6.79184	33.1479	4.80539	0.240408	2.04763
DIff1_Matrix_St1	156	2822.58	300.08	-0.0055	0.0294	0.0302	28.5889	8.55525	0.195738	2.96812	29.5723	35.9623	0.197319	12.5774	29.5856	62.0196	0.0609152	6.69622	33.1507	4.84533	0.247762	2.12781
DIff1_Matrix_St1	157	2826.08	300.02	-0.0205	0.0296	0.0314	28.5911	8.69057	0.194674	2.99869	29.5696	34.2878	0.199862	12.1463	29.5847	61.1779	0.0620915	6.73289	33.1465	4.81995	0.24091	2.05813
DIff1_Matrix_St1	158	2829.58	299.98	0.0102	0.0296	0.0339	28.5866	8.61384	0.199654	3.04824	29.5711	34.638	0.200143	12.2877	29.584	62.4306	0.060384	6.68181	33.1406	4.61349	0.247348	2.02262
DIff1_Matrix_St1	159	2833.08	300.12	0.0033	0.0294	0.0339	28.5891	8.49184	0.199708	3.00589	29.5672	34.6721	0.199992	12.2905	29.5852	61.9724	0.0615812	6.76428	33.1428	4.87885	0.242603	2.09792
DIff1_Matrix_St1	160	2836.57	300.1	-0.0115	0.0294	0.0319	28.5866	8.28999	0.202868	2.98086	29.5692	35.747	0.197452	12.5105	29.5851	62.2514	0.060991	6.72961	33.1372	4.61649	0.255404	2.08985
DIff1_Matrix_St1	161	2840.07	300	0.0015	0.0294	0.0326	28.5921	8.48714	0.201195	3.02659	29.5707	35.4836	0.198238	12.4678	29.5847	61.0209	0.0615829	6.6606	33.1477	4.92297	0.23538	2.05387
DIff1_Matrix_St1	162	2843.57	300.22	-0.0007	0.0295	0.0345	28.5884	8.50284	0.192619	2.90294	29.5702	34.4266	0.203189	12.3985	29.5846	61.9617	0.0631425	6.93458	33.1399	4.93237	0.228126	1.99437
DIff1_Matrix_St1	163	2847.07	299.83	0.0146	0.0295	0.0332	28.5873	8.55145	0.20253	3.06976	29.5695	35.2074	0.196622	12.2699	29.5848	61.5711	0.0606699	6.62103	33.1373	4.9035	0.243362	2.11511
DIff1_Matrix_St1	164	2850.57	300.27	0.0073	0.0295	0.0332	28.5872	8.27373	0.204536	2.99948	29.5733	36.6196	0.194357	12.615	29.5846	59.9038	0.0608385	6.45963	33.1458	4.79889	0.23871	2.03042
DIff1_Matrix_St1	165	2854.06	300.38	-0.0057	0.0294	0.0374	28.5862	8.35899	0.199887	2.96151	29.57	34.8076	0.198436	12.2425	29.5837	62.4046	0.0621496	6.87432	33.147	4.81483	0.22887	1.95319
DIff1_Matrix_St1	166	2857.56	300.08	0.0172	0.0294	0.0337	28.5843	8.6069	0.198342	3.02577	29.5695	36.1318	0.195918	12.5469	29.5849	62.2634	0.0605732	6.68479	33.1368	4.55521	0.249413	2.01374
DIff1_Matrix_St1	167	2861.06	300.19	-0.0234	0.0295	0.0348	28.5793	8.24452	0.201264	2.94108	29.5729	36.9759	0.194793	12.7664	29.5845	59.2252	0.0604183	6.34235	33.1392	4.61443	0.248991	2.03646
DIff1_Matrix_St1	168	2864.56	300.23	0.0063	0.0295	0.0352	28.5815	8.24016	0.204859	2.99203	29.571	35.4488	0.199126	12.5113	29.5842	59.8613	0.061745	6.55123	33.1402	4.50833	0.25047	2.00146
DIff1_Matrix_St1	169	2868.06	300.02	-0.0035	0.0295	0.0345	28.5874	8.45857	0.19152	2.87135	29.5712	34.8728	0.198698	12.2816	29.5848	62.2105	0.0626795	6.91137	33.1452	4.51126	0.245401	1.96222
DIff1_Matrix_St1	170	2871.55	300.31	-0.0174	0.0295	0.034	28.5843	8.32046	0.199819	2.94686	29.567	33.796	0.202584	12.1351	29.5855	62.7769	0.0627763	6.98506	33.137	4.42639	0.26979	2.11666
DIff1_Matrix_St1	171	2875.05	300.05	-0.0165	0.0294	0.036	28.5819	8.46218	0.198424	2.97612	29.5685	35.3033	0.20082	12.566	29.5861	61.2656	0.062095	6.74293	33.1376	4.60747	0.246824	2.01569
DIff1_Matrix_St1	172	2878.55	299.95	-0.0095	0.0294	0.0366	28.5827	8.06962	0.204596	2.92635	29.5696	35.1159	0.199995	12.4479	29.5843	60.9593	0.0624316	6.74558	33.1421	4.63092	0.235906	1.93634
DIff1_Matrix_St1	173	2882.05	300	-0.0108	0.0295	0.036	28.582	8.35021	0.197037	2.91621	29.5712	35.462	0.200305	12.5901	29.5842	61.0215	0.0611134	6.60989	33.1464	4.77849	0.231056	1.95696
DIff1_Matrix_St1	174	2885.55	300.09	0.013	0.0295	0.0359	28.579	8.41322	0.195442	2.91443	29.5684	34.5462	0.198813	12.1736	29.5854	64.0747	0.0620533	7.04736	33.1363	4.66376	0.239087	1.97636
DIff1_Matrix_St1	175	2889.04	300.09	0.0051	0.0297	0.0354	28.582	8.56214	0.197779	3.0015	29.5687	34.9077	0.199798	12.362	29.5855	61.8209	0.0619955	6.79313	33.1332	4.54056	0.240565	1.93605
DIff1_Matrix_St1	176	2892.54	300.22	-0.0256	0.0294	0.0371	28.5758	8.30548	0.198045	2.91544	29.5737	36.0259	0.197285	12.5974	29.5846	61.7259	0.0607122	6.64229	33.1423	4.60457	0.238641	1.94765
DIff1_Matrix_St1	177	2896.04	299.99	-0.0024	0.0295	0.0367	28.5743	8.10979	0.198474	2.85291	29.5678	32.7215	0.204294	11.8485	29.5854	64.633	0.0645306	7.39256	33.138	4.77438	0.239349	2.02546
DIff1_Matrix_St1	178	2899.54	300.14	-0.0089	0.0297	0.0374	28.58	8.17802	0.200603	2.90778	29.5732	37.5371	0.195044	12.9768	29.585	59.7827	0.0602323	6.38234	33.1333	4.56918	0.23833	1.93015
DIff1_Matrix_St1	179	2903.04	300.12	-0.0015	0.0294	0.0392	28.5777	8.11352	0.199261	2.86553	29.5708	36.4699	0.195736	12.6526	29.5849	59.8968	0.062259	6.60969	33.136	4.44006	0.238792	1.87925
DIff1_Matrix_St1	180	2906.53	299.92	0.0087	0.0295	0.0359	28.5762	8.47337	0.197898	2.97216	29.5701	34.8846	0.200055	12.3697	29.5857	62.2354	0.0628037	6.92784	33.132	4.41527	0.259883	2.03381
DIff1_Matrix_St1	181	2910.03	300.03	-0.0051	0.0297	0.0386	28.5736	8.25654	0.200102	2.92836	29.57	35.1974	0.200602	12.5147	29.585	63.0355	0.0602322	6.7296	33.1375	4.48915	0.241822	1.92414
DIff1_Matrix_St1	182	2913.53	300	0.0018	0.0297	0.0383	28.5798	8.26288	0.196887	2.88353	29.5717	36.8971	0.196749	12.8671	29.5848	60.3274	0.0596406	6.37722	33.1198	4.613	0.240586	1.96711
DIff1_Matrix_St1	183	2917.03	299.96	0.031	0.0296	0.039	28.5732	8.20006	0.197808	2.87499	29.5699	36.9825	0.195879	12.8398	29.5846	60.2343	0.0597742	6.38165	33.1349	4.61545	0.239374	1.95824
DIff1_Matrix_St1	184	2920.53	300.08	-0.0229	0.0297	0.0402	28.5751	8.03136	0.200921	2.86015	29.5705	32.9975	0.206971	12.1051	29.5841	63.6979	0.0641984	7.2481	33.1297	4.46536	0.255122	2.0192
DIff1_Matrix_St1	185	2924.02	300.08	0.0015	0.0294	0.0389	28.5788	8.13583	0.201375	2.9039	29.5711	34.6365	0.201247	12.3549	29.5844	62.1873	0.0635487	7.0046	33.1328	4.7017	0.231555	1.92968
DIff1_Matrix_St1	186	2927.52	300.02	-0.022	0.0295	0.0411	28.5737	7.98989	0.202448	2.86701	29.5717	35.4515	0.199814	12.5556	29.585	61.6231	0.0609889	6.66145	33.1273	4.42127	0.247872	1.94244
DIff1_Matrix_St1	187	2931.02	300.17	0.0076	0.0296	0.0397	28.5742	8.10063	0.1963	2.81848	29.5725	35.5606	0.199125	12.5507	29.5842	63.0782	0.0599508	6.7027	33.1308	4.60924	0.231082	1.88786
DIff1_Matrix_St1	188	2934.52	300.21	-0.0183	0.0295	0.0389	28.5709	8.0019	0.198398	2.81388	29.5703	34.0345	0.204072	12.3106	29.5851	63.3023	0.0624124	7.00269	33.1364	4.49499	0.240173	1.9135
DIff1_Matrix_St1	189	2938.02	299.92	0.0217	0.0295	0.0381	28.5697	8.0376	0.194104	2.76526	29.5681	33.1773	0.206023	12.1152	29.5845	64.2386	0.0640602	7.29389	33.13	4.40379	0.244054	1.90497
DIff1_Matrix_St1	190	2941.51	300.14	-0.0112	0.0298	0.0401	28.5736	7.92565	0.201118	2.82527	29.5698	36.961	0.196811	12.8934	29.5861	61.7485	0.0587734	6.43253	33.1256	4.59088	0.2339	1.90328
DIff1_Matrix_St1	191	2945.01	300.29	-0.0056	0.0295	0.0406	28.5751	8.05444	0.194469	2.77627	29.5709	36.4524	0.196297	12.6828	29.5861	61.1276	0.0610517	6.6147	33.1301	4.4814	0.242658	1.92745
DIff1_Matrix_St1	192	2948.51	300.07	0.0169	0.0295	0.0397	28.5709	8.10485	0.199777	2.86989	29.5693	36.082	0.19741	12.6251	29.5858	61.7006	0.0612174	6.69483	33.1225	4.28344	0.249884	1.89717
DIff1_Matrix_St1	193	2952.01	299.99	-0.0116	0.0297	0.0424	28.5696	8.14212	0.199161	2.8742	29.5728	37.6214	0.195789	13.0556	29.5851	58.4735	0.0593569	6.15184	33.1327	4.59017	0.241012	1.96084
DIff1_Matrix_St1	194	2955.51	300.04	-0.0007	0.0295	0.0408	28.569	8.04686	0.189613	2.70438	29.5709	34.8017	0.20116	12.4085	29.5846	62.6416	0.0626689	6.95808	33.1242	4.39124	0.253423	1.97246
DIff1_Matrix_St1	195	2959	300.13	-0.01	0.0298	0.0394	28.5652	7.9903	0.198665	2.81358	29.5699	33.6595	0.203418	12.1359	29.5854	63.5697	0.063419	7.14569	33.1219	4.54919	0.240689	1.94073
DIff1_Matrix_St1	196	2962.5	300.02	0.015	0.0297	0.0429	28.566	7.98187	0.195749	2.76936	29.5708	36.9241	0.195929	12.8228	29.5849	59.7409	0.0612189	6.48234	33.1225	4.30137	0.240272	1.83183
DIff1_Matrix_St1	197	2966	299.97	-0.0076	0.0297	0.0437	28.564	7.86787	0.198632	2.77001	29.571	37.7854	0.192998	12.9256	29.5852	60.3308	0.0602049	6.43793	33.1199	4.62105	0.233031	1.90866
DIff1_Matrix_St1	198	2969.5	300.08	0.0153	0.0296	0.0448	28.5676	7.78667	0.203771	2.81235	29.571	34.9115	0.200931	12.4334	29.5842	60.9485	0.0633804	6.84689	33.1232	4.57265	0.237731	1.92677
DIff1_Matrix_St1	199	2973	300.06	0.0159	0.0296	0.0418	28.5641	7.8987	0.191566	2.68194	29.5694	34.574	0.200069	12.2604	29.5841	63.2774	0.0621138	6.96646	33.1238	4.28793	0.248521	1.8888
DIff1_Matrix_St1	200	2976.49	299.99	0.0073	0.0295	0.0439	28.5664	8.16954	0.195931	2.8371	29.5708	35.0382	0.202363	12.5675	29.5851	62.3571	0.0618619	6.8373	33.1115	4.50122	0.231984	1.85082
DIff1_Matrix_St1	201	2979.99	300.16	-0.0057	0.0298	0.0437	28.5718	7.98428	0.193241	2.73471	29.5722	35.8739	0.199215	12.6671	29.5848	61.6693	0.0609611	6.66341	33.1161	4.39719	0.245886	1.91639
DIff1_Matrix_St1	202	2983.49	300	-0.0195	0.0297	0.0457	28.5685	7.6872	0.201055	2.73942	29.5708	36.5796	0.19552	12.6766	29.5846	60.1913	0.0609139	6.49868	33.1256	4.37789	0.229946	1.78429
DIff1_Matrix_St1	203	2986.99	300.09	0.0305	0.0296	0.0441	28.5643	7.95787	0.199774	2.81781	29.5677	35.3247	0.199399	12.4846	29.586	61.9194	0.0631467	6.9303	33.1177	4.421	0.246541	1.9319
DIff1_Matrix_St1	204	2990.49	300.1	-0.0074	0.0298	0.0444	28.5687	7.81702	0.193753	2.6845	29.5689	36.67	0.1964	12.7652	29.5857	62.148	0.0602996	6.64227	33.1181	4.43256	0.239817	1.88412
DIff1_Matrix_St1	205	2993.98	300.21	0.0291	0.0298	0.0469	28.5647	7.73352	0.204747	2.80653	29.5693	33.6232	0.203981	12.1564	29.5855	63.8076	0.064377	7.28078	33.1175	4.5732	0.237782	1.92741
DIff1_Matrix_St1	206	2997.48	300.01	0.0166	0.0297	0.0455	28.5663	7.99052	0.196402	2.78161	29.5708	35.4894	0.199956	12.5779	29.5844	61.7632	0.0625792	6.85069	33.1192	4.2917	0.244729	1.86161
DIff1_Matrix_St1	207	3000.98	300.04	0.0315	0.0297	0.0456	28.569	7.84919	0.198082	2.75578	29.5707	36.6596	0.196607	12.775	29.5853	60.3599	0.0626634	6.70406	33.116	4.12159	0.255418	1.86591
DIff1_Matrix_St1	208	3004.48	299.99	-0.001	0.0298	0.0451	28.5624	7.58103	0.199533	2.68113	29.5708	35.8351	0.198954	12.6368	29.5855	62.6046	0.0611168	6.78175	33.1195	4.3629	0.245559	1.89892
DIff1_Matrix_St1	209	3007.98	300.1	0.0093	0.0297	0.0436	28.5623	8.01546	0.197674	2.80836	29.5686	34.1865	0.20129	12.197	29.5859	62.7886	0.0634558	7.06199	33.1162	4.31953	0.235262	1.80121
DIff1_Matrix_St1	210	3011.47	300.18	-0.0132	0.0295	0.0459	28.56	7.70838	0.193109	2.6384	29.572	37.0198	0.195803	12.8478	29.5851	61.8076	0.059921	6.56442	33.1084	4.15221	0.251619	1.85182
DIff1_Matrix_St1	211	3014.97	300.08	-0.0091	0.0295	0.0479	28.562	7.77084	0.194862	2.68393	29.5715	36.3295	0.195109	12.5636	29.5854	60.1775	0.0617581	6.58723	33.1228	4.35706	0.239942	1.853
DIff1_Matrix_St1	212	3018.47	299.88	-0.0028	0.0295	0.0466	28.5632	7.70492	0.192583	2.63004	29.5683	35.7869	0.200874	12.7415	29.5864	61.5113	0.0617287	6.73003	33.1243	4.28953	0.234478	1.78273
DIff1_Matrix_St1	213	3021.97	299.99	-0.003	0.0298	0.0469	28.564	7.94572	0.199627	2.81143	29.5711	37.3405	0.194647	12.8826	29.5852	60.5916	0.0603094	6.47698	33.1115	4.26007	0.235461	1.77791
DIff1_Matrix_St1	214	3025.47	300.19	-0.0012	0.0298	0.0475	28.5637	7.81071	0.19613	2.71525	29.5702	36.3904	0.197682	12.7505	29.586	61.994	0.0610439	6.7076	33.1096	4.15816	0.233102	1.718
DIff1_Matrix_St1	215	3028.96	300.21	-0.0012	0.0295	0.0485	28.5619	7.66925	0.199031	2.70551	29.5696	36.6414	0.199245	12.94	29.5859	61.0193	0.060095	6.49951	33.1019	3.93091	0.270529	1.88487
DIff1_Matrix_St1	216	3032.46	300.03	0.0227	0.0295	0.0479	28.5604	7.99961	0.19405	2.75142	29.5702	35.2209	0.200115	12.4927	29.5844	61.6888	0.0622554	6.80704	33.1198	4.14833	0.246422	1.81187
DIff1_Matrix_St1	217	3035.96	300.19	0.0008	0.0298	0.0467	28.5642	7.78263	0.195437	2.69592	29.5683	35.6612	0.199621	12.6176	29.5865	61.3243	0.062453	6.78829	33.1085	4.19062	0.255009	1.89412
DIff1_Matrix_St1	218	3039.46	300.36	0.0058	0.0298	0.0501	28.558	7.71533	0.201287	2.75261	29.5705	34.2513	0.204846	12.436	29.5846	63.9499	0.0637791	7.22925	33.1077	4.25303	0.244207	1.8409
DIff1_Matrix_St1	219	3042.96	300.18	0.0151	0.0297	0.0508	28.5588	7.94049	0.192832	2.71394	29.5691	36.7013	0.198981	12.944	29.5849	62.2134	0.0596358	6.57606	33.118	4.13454	0.249655	1.82954
DIff1_Matrix_St1	220	3046.45	300.17	-0.0068	0.0296	0.0486	28.5597	7.69531	0.200489	2.73459	29.5706	36.0801	0.199525	12.7597	29.5852	61.4022	0.0613766	6.67977	33.1089	4.29209	0.243053	1.84904
DIff1_Matrix_St1	221	3049.95	300.11	0.0088	0.0298	0.0486	28.5571	7.37347	0.194949	2.54781	29.5709	36.9658	0.197992	12.9725	29.5854	61.5863	0.0599261	6.54146	33.1063	4.29772	0.260514	1.98447
DIff1_Matrix_St1	222	3053.45	300.2	-0.0077	0.0298	0.049	28.56	7.58459	0.194433	2.61383	29.5696	36.2358	0.197931	12.7124	29.5859	61.8397	0.0615075	6.74171	33.1031	4.04521	0.252919	1.81342
DIff1_Matrix_St1	223	3056.95	300.3	-0.0213	0.0298	0.0499	28.5567	7.82235	0.194478	2.69638	29.5719	35.6451	0.198699	12.5536	29.5848	62.519	0.0623459	6.90868	33.1078	4.34112	0.239269	1.84104
DIff1_Matrix_St1	224	3060.44	300	0.0136	0.0301	0.0505	28.5593	7.77131	0.19847	2.73379	29.5708	36.0258	0.198561	12.6789	29.584	61.8057	0.0612403	6.70873	33.1229	4.12594	0.245636	1.79635
DIff1_Matrix_St1	225	3063.94	300.26	-0.0172	0.0296	0.0497	28.5563	7.68972	0.195079	2.65886	29.5676	34.3898	0.202644	12.352	29.5845	61.9566	0.0648571	7.1223	33.1078	4.24357	0.238861	1.7966
DIff1_Matrix_St1	226	3067.44	300.2	0.0233	0.0298	0.0518	28.5542	7.78197	0.194228	2.67902	29.57	35.2238	0.199766	12.4719	29.5861	61.3939	0.0634588	6.90545	33.1077	4.12167	0.255796	1.86871
DIff1_Matrix_St1	227	3070.94	300.31	0.006	0.0298	0.0504	28.5574	7.76984	0.196748	2.70955	29.5685	37.0857	0.198417	13.0425	29.5847	60.6059	0.0610904	6.5624	33.1037	4.07279	0.256409	1.85098
DIff1_Matrix_St1	228	3074.44	300.17	0.0114	0.0298	0.0502	28.5534	7.47131	0.19563	2.59063	29.5675	33.9706	0.205847	12.3943	29.5854	62.6266	0.0651446	7.23123	33.0986	3.94441	0.266809	1.86534
DIff1_Matrix_St1	229	3077.93	300.28	0.0073	0.0298	0.0527	28.5527	7.57227	0.197641	2.65264	29.57	37.0399	0.196616	12.9082	29.5854	61.1005	0.062205	6.73666	33.1076	4.21898	0.252147	1.88554
DIff1_Matrix_St1	230	3081.43	300.38	-0.0044	0.0297	0.0528	28.5557	7.48666	0.19724	2.61733	29.5704	35.2335	0.201435	12.5796	29.5852	60.7677	0.0638247	6.87443	33.1013	4.20139	0.246055	1.83232
DIff1_Matrix_St1	231	3084.93	300	0.0324	0.0299	0.0514	28.5552	7.60367	0.199084	2.68309	29.5691	37.6283	0.194793	12.9916	29.5858	60.4631	0.0609375	6.53056	33.0975	4.08049	0.253022	1.82998
DIff1_Matrix_St1	232	3088.43	299.98	-0.0042	0.0299	0.0534	28.5526	7.61375	0.195595	2.63956	29.5709	37.2687	0.197298	13.0329	29.5855	61.6719	0.0601726	6.5775	33.1125	3.92842	0.249565	1.73771
DIff1_Matrix_St1	233	3091.93	300.06	-0.0099	0.0297	0.0549	28.5581	7.44404	0.194242	2.56287	29.5711	36.221	0.198787	12.7621	29.5854	59.8211	0.0633207	6.7139	33.1115	4.0757	0.245943	1.77669
DIff1_Matrix_St1	234	3095.42	300.15	0.0107	0.0299	0.0539	28.5572	7.38978	0.198825	2.60422	29.5689	36.4705	0.199737	12.9115	29.586	61.2426	0.0631356	6.85334	33.108	4.01482	0.242061	1.72253
DIff1_Matrix_St1	235	3098.92	300	0.0082	0.0299	0.0526	28.5488	7.59644	0.192385	2.59033	29.5688	35.7698	0.199953	12.6771	29.5852	61.6353	0.0616527	6.73529	33.1089	4.03543	0.254651	1.82142
DIff1_Matrix_St1	236	3102.42	300.09	0.0282	0.0298	0.0533	28.5495	7.34442	0.201867	2.62783	29.5689	34.7822	0.201884	12.4461	29.585	63.1134	0.0637265	7.1288	33.0994	4.10243	0.238584	1.73483
DIff1_Matrix_St1	237	3105.92	300.17	0.0131	0.0299	0.0528	28.5474	7.55835	0.199002	2.66599	29.5697	36.9115	0.195895	12.8163	29.5858	60.4415	0.0611061	6.54628	33.1081	4.07275	0.258278	1.86444
DIff1_Matrix_St1	238	3109.42	300.03	0.0107	0.0298	0.0556	28.5491	7.7701	0.194561	2.67953	29.5693	37.064	0.195547	12.8463	29.584	61.9741	0.0604986	6.64555	33.1091	4.0823	0.249108	1.80247
DIff1_Matrix_St1	239	3112.91	299.99	0.0091	0.0298	0.055	28.5557	7.42647	0.196033	2.58039	29.5701	36.2112	0.19877	12.7576	29.5847	62.3972	0.0613948	6.79003	33.0982	4.07327	0.246902	1.78255
DIff1_Matrix_St1	240	3116.41	300.11	0.0163	0.0299	0.0536	28.5518	7.71217	0.189716	2.59331	29.5689	39.6444	0.189504	13.316	29.5855	58.9915	0.058444	6.11089	33.1006	4.13903	0.233856	1.71562
DIff1_Matrix_St1	241	3119.91	300.14	0.0291	0.0298	0.0536	28.555	7.67401	0.194107	2.6402	29.5675	32.9291	0.209297	12.2157	29.5854	63.343	0.0661271	7.42426	33.1019	3.97046	0.247202	1.73968
DIff1_Matrix_St1	242	3123.41	299.93	-0.0042	0.0299	0.0542	28.5534	7.26155	0.20205	2.60054	29.5693	36.0676	0.197907	12.6518	29.5851	60.6677	0.0642547	6.90936	33.0984	4.02218	0.247772	1.7664
DIff1_Matrix_St1	243	3126.91	300.14	-0.0048	0.0299	0.0552	28.5487	7.75929	0.19025	2.6165	29.5703	36.6878	0.199673	12.9842	29.5855	61.7582	0.0610809	6.68613	33.1006	4.06633	0.251385	1.81183
DIff1_Matrix_St1	244	3130.4	300.03	-0.0107	0.0299	0.0559	28.546	7.56561	0.192654	2.58342	29.5703	35.9052	0.197756	12.5853	29.5849	61.0825	0.064586	6.99247	33.1046	3.64848	0.275054	1.77871
DIff1_Matrix_St1	245	3133.9	300	0.0031	0.0297	0.0557	28.5513	7.63707	0.186012	2.51793	29.5668	34.6851	0.201593	12.3935	29.5848	63.027	0.0646894	7.22661	33.1086	4.24747	0.228857	1.72294
DIff1_Matrix_St1	246	3137.4	300.05	0.0008	0.0295	0.0576	28.5471	7.35834	0.196018	2.55654	29.5703	35.9653	0.197791	12.6085	29.584	62.4597	0.0616072	6.82034	33.0963	4.14142	0.246761	1.81134
DIff1_Matrix_St1	247	3140.9	300.02	0.0187	0.0298	0.0562	28.5503	7.61608	0.193706	2.61487	29.5697	35.1593	0.200794	12.5131	29.5843	62.7502	0.0634129	7.0529	33.0972	3.88121	0.251991	1.73352
DIff1_Matrix_St1	248	3144.4	300.22	-0.0264	0.0299	0.0576	28.5467	7.31107	0.198337	2.57016	29.5703	36.5057	0.198574	12.8487	29.5857	62.0476	0.0613787	6.75021	33.0964	3.77472	0.265133	1.77388
DIff1_Matrix_St1	249	3147.89	300.02	0.0236	0.0299	0.0562	28.5495	7.63942	0.197891	2.67955	29.5675	34.585	0.202006	12.383	29.5848	63.1316	0.06601	7.38637	33.0955	4.0043	0.253038	1.79592
DIff1_Matrix_St1	250	3151.39	299.9	0.0166	0.0299	0.0573	28.5452	7.79865	0.189572	2.62041	29.5702	37.8442	0.19648	13.1793	29.5845	61.4775	0.060427	6.58448	33.1021	3.97574	0.235006	1.65605
DIff1_Matrix_St1	251	3154.89	300.01	0.0101	0.0298	0.0572	28.5456	7.55428	0.196783	2.63485	29.5719	37.8605	0.19548	13.1179	29.5848	62.3317	0.0589927	6.51752	33.0965	4.0575	0.247647	1.78101
DIff1_Matrix_St1	252	3158.39	300.18	-0.0152	0.0303	0.0567	28.5468	7.26641	0.198587	2.55767	29.5726	36.7826	0.197351	12.8664	29.5846	61.2807	0.0619017	6.72359	33.1041	4.15167	0.238498	1.75502
DIff1_Matrix_St1	253	3161.89	299.96	0.0169	0.0299	0.0596	28.5454	7.57818	0.194322	2.61013	29.5716	39.4894	0.191364	13.3941	29.5856	59.2677	0.0593379	6.2334	33.1034	4.04001	0.241923	1.73234
DIff1_Matrix_St1	254	3165.38	300.02	-0.0133	0.0299	0.0584	28.5438	7.57022	0.189809	2.54683	29.5719	37.116	0.196525	12.9287	29.5868	61.1213	0.0601029	6.51123	33.1005	3.94211	0.249051	1.74017
DIff1_Matrix_St1	255	3168.88	300.22	0.0092	0.0297	0.0597	28.5496	7.38093	0.192212	2.51459	29.5701	34.7247	0.20217	12.4432	29.5845	63.7027	0.0631632	7.13177	33.0924	3.97173	0.242256	1.70541
DIff1_Matrix_St1	256	3172.38	300	0.0178	0.0301	0.0585	28.5438	7.75618	0.190864	2.6239	29.5702	39.2741	0.190846	13.2851	29.5863	60.4578	0.0588141	6.30244	33.0952	3.96663	0.248165	1.74477
DIff1_Matrix_St1	257	3175.88	300.23	0.006	0.0296	0.0582	28.5438	7.7558	0.190817	2.62312	29.5703	39.453	0.190362	13.3118	29.5864	60.3227	0.0586255	6.2682	33.0952	3.96615	0.248056	1.74379
